#NUMBER OF AGES=15
#----------------------------------------------------       
#MIX-LEN  Y      Z          Zeff        [Fe/H] [a/Fe]       
# 1.9380  0.2451 5.4974E-05 5.4974E-05  -2.50   0.00        
#----------------------------------------------------       
#**PHOTOMETRIC SYSTEM**: SDSS (AB)                          
#----------------------------------------------------       
#AGE= 0.010 BINS=115 Power-law IMF: x=-2.350
# N  sdss_r       Log10(N)       Log10(dN)
  1 -0.828         0.2140         0.2140
  2 -0.728         0.9531         0.8657
  3 -0.628         1.1932         0.8213
  4 -0.528         1.3907         0.9534
  5 -0.428         1.5603         1.0699
  6 -0.328         1.6764         1.0465
  7 -0.228         1.7654         1.0334
  8 -0.128         1.8413         1.0467
  9 -0.028         1.9076         1.0586
 10  0.072         1.9688         1.0875
 11  0.172         2.0246         1.1053
 12  0.272         2.0759         1.1232
 13  0.372         2.1239         1.1434
 14  0.472         2.1701         1.1746
 15  0.572         2.2164         1.2207
 16  0.672         2.2621         1.2617
 17  0.772         2.3045         1.2733
 18  0.872         2.3597         1.4366
 19  0.972         2.4175         1.5129
 20  1.072         2.4676         1.5048
 21  1.172         2.5299         1.6560
 22  1.272         2.6257         1.9221
 23  1.372         2.7091         1.9518
 24  1.472         2.7710         1.8943
 25  1.572         2.8233         1.8775
 26  1.672         2.8736         1.9130
 27  1.772         2.9280         1.9990
 28  1.872         3.0150         2.2740
 29  1.972         3.1963         2.7294
 30  2.072         3.4106         3.0010
 31  2.172         3.4347         2.1670
 32  2.272         3.4557         2.1310
 33  2.372         3.4784         2.1845
 34  2.472         3.5008         2.2030
 35  2.572         3.5224         2.2072
 36  2.672         3.5432         2.2124
 37  2.772         3.5635         2.2232
 38  2.872         3.5833         2.2329
 39  2.972         3.6028         2.2449
 40  3.072         3.6222         2.2629
 41  3.172         3.6414         2.2782
 42  3.272         3.6615         2.3163
 43  3.372         3.6822         2.3492
 44  3.472         3.6948         2.1509
 45  3.572         3.7073         2.1610
 46  3.672         3.7197         2.1716
 47  3.772         3.7322         2.1826
 48  3.872         3.7446         2.1942
 49  3.972         3.7570         2.2064
 50  4.072         3.7694         2.2191
 51  4.172         3.7818         2.2324
 52  4.272         3.7943         2.2463
 53  4.372         3.8068         2.2608
 54  4.472         3.8194         2.2760
 55  4.572         3.8321         2.2918
 56  4.672         3.8449         2.3082
 57  4.772         3.8579         2.3253
 58  4.872         3.8710         2.3431
 59  4.972         3.8842         2.3616
 60  5.072         3.8976         2.3810
 61  5.172         3.9112         2.4009
 62  5.272         3.9250         2.4177
 63  5.372         3.9387         2.4307
 64  5.472         3.9522         2.4403
 65  5.572         3.9658         2.4555
 66  5.672         3.9793         2.4643
 67  5.772         3.9923         2.4615
 68  5.872         4.0047         2.4522
 69  5.972         4.0166         2.4509
 70  6.072         4.0285         2.4601
 71  6.172         4.0405         2.4771
 72  6.272         4.0525         2.4873
 73  6.372         4.0628         2.4329
 74  6.472         4.0686         2.1901
 75  6.572         4.0753         2.2611
 76  6.672         4.0831         2.3299
 77  6.772         4.0918         2.3910
 78  6.872         4.1012         2.4315
 79  6.972         4.1100         2.4143
 80  7.072         4.1164         2.2785
 81  7.172         4.1221         2.2396
 82  7.272         4.1378         2.6870
 83  7.372         4.1544         2.7300
 84  7.472         4.1719         2.7684
 85  7.572         4.2292         3.3206
 86  7.672         4.2877         3.3885
 87  7.772         4.3416         3.4084
 88  7.872         4.3894         3.4075
 89  7.972         4.4302         3.3829
 90  8.072         4.4654         3.3574
 91  8.172         4.4978         3.3543
 92  8.272         4.5297         3.3790
 93  8.372         4.5556         3.3187
 94  8.472         4.5818         3.3500
 95  8.572         4.6096         3.4022
 96  8.672         4.6328         3.3487
 97  8.772         4.6555         3.3623
 98  8.872         4.6778         3.3769
 99  8.972         4.6997         3.3923
100  9.072         4.7214         3.4087
101  9.172         4.7429         3.4258
102  9.272         4.7641         3.4418
103  9.372         4.7849         3.4560
104  9.472         4.8054         3.4684
105  9.572         4.8254         3.4789
106  9.672         4.8449         3.4875
107  9.772         4.8638         3.4942
108  9.872         4.8822         3.4989
109  9.972         4.9000         3.5030
110 10.072         4.9173         3.5091
111 10.172         4.9342         3.5177
112 10.272         4.9510         3.5288
113 10.372         4.9675         3.5398
114 10.472         4.9838         3.5491
115 10.572         5.0000         3.5644


#AGE= 0.100 BINS=115 Power-law IMF: x=-2.350
# N  sdss_r       Log10(N)       Log10(dN)
  1 -0.716            NaN         3.5644
  2 -0.616            NaN         3.5644
  3 -0.516            NaN         3.5644
  4 -0.416            NaN        -0.1602
  5 -0.316            NaN         0.9452
  6 -0.216         0.9391         1.0673
  7 -0.116         1.3108         1.0705
  8 -0.016         1.5107         1.0777
  9  0.084         1.6541         1.1031
 10  0.184         1.7655         1.1199
 11  0.284         1.8563         1.1321
 12  0.384         1.9341         1.1489
 13  0.484         2.0038         1.1752
 14  0.584         2.0686         1.2102
 15  0.684         2.1456         1.3566
 16  0.784         2.2297         1.4750
 17  0.884         2.2924         1.4209
 18  0.984         2.3461         1.4118
 19  1.084         2.3992         1.4606
 20  1.184         2.4545         1.5317
 21  1.284         2.5568         1.8790
 22  1.384         2.6517         1.9444
 23  1.484         2.7139         1.8392
 24  1.584         2.7739         1.8848
 25  1.684         2.8276         1.8926
 26  1.784         2.8811         1.9451
 27  1.884         2.9466         2.0933
 28  1.984         3.0773         2.4919
 29  2.084         3.1738         2.4734
 30  2.184         3.3960         2.9986
 31  2.284         3.4240         2.2182
 32  2.384         3.4454         2.1282
 33  2.484         3.4680         2.1735
 34  2.584         3.4909         2.2020
 35  2.684         3.5131         2.2097
 36  2.784         3.5343         2.2125
 37  2.884         3.5550         2.2220
 38  2.984         3.5752         2.2324
 39  3.084         3.5950         2.2448
 40  3.184         3.6149         2.2660
 41  3.284         3.6346         2.2819
 42  3.384         3.6551         2.3178
 43  3.484         3.6756         2.3402
 44  3.584         3.6886         2.1574
 45  3.684         3.7015         2.1671
 46  3.784         3.7143         2.1774
 47  3.884         3.7270         2.1881
 48  3.984         3.7397         2.1995
 49  4.084         3.7524         2.2113
 50  4.184         3.7650         2.2238
 51  4.284         3.7777         2.2368
 52  4.384         3.7904         2.2505
 53  4.484         3.8032         2.2648
 54  4.584         3.8160         2.2797
 55  4.684         3.8289         2.2953
 56  4.784         3.8419         2.3116
 57  4.884         3.8550         2.3285
 58  4.984         3.8683         2.3462
 59  5.084         3.8817         2.3646
 60  5.184         3.8953         2.3838
 61  5.284         3.9091         2.4038
 62  5.384         3.9229         2.4204
 63  5.484         3.9368         2.4330
 64  5.584         3.9505         2.4426
 65  5.684         3.9642         2.4576
 66  5.784         3.9777         2.4645
 67  5.884         3.9907         2.4599
 68  5.984         4.0031         2.4521
 69  6.084         4.0152         2.4539
 70  6.184         4.0273         2.4666
 71  6.284         4.0395         2.4818
 72  6.384         4.0517         2.4926
 73  6.484         4.0640         2.5100
 74  6.584         4.0708         2.2650
 75  6.684         4.0780         2.2936
 76  6.784         4.0862         2.3551
 77  6.884         4.0953         2.4119
 78  6.984         4.1048         2.4427
 79  7.084         4.1110         2.2591
 80  7.184         4.1176         2.2981
 81  7.284         4.1276         2.4869
 82  7.384         4.1439         2.7085
 83  7.484         4.1611         2.7500
 84  7.584         4.1791         2.7889
 85  7.684         4.2009         2.8907
 86  7.784         4.2642         3.3968
 87  7.884         4.3232         3.4270
 88  7.984         4.3753         3.4287
 89  8.084         4.4189         3.3991
 90  8.184         4.4563         3.3724
 91  8.284         4.4901         3.3651
 92  8.384         4.5223         3.3763
 93  8.484         4.5475         3.2982
 94  8.584         4.5795         3.4311
 95  8.684         4.6042         3.3468
 96  8.784         4.6283         3.3597
 97  8.884         4.6518         3.3731
 98  8.984         4.6747         3.3870
 99  9.084         4.6973         3.4013
100  9.184         4.7194         3.4161
101  9.284         4.7413         3.4314
102  9.384         4.7628         3.4474
103  9.484         4.7840         3.4618
104  9.584         4.8048         3.4742
105  9.684         4.8251         3.4844
106  9.784         4.8448         3.4927
107  9.884         4.8639         3.4987
108  9.984         4.8824         3.5027
109 10.084         4.9003         3.5060
110 10.184         4.9177         3.5112
111 10.284         4.9347         3.5187
112 10.384         4.9514         3.5283
113 10.484         4.9678         3.5373
114 10.584         4.9839         3.5450
115 10.684         5.0000         3.5601


#AGE= 1.000 BINS=130 Power-law IMF: x=-2.350
# N  sdss_r       Log10(N)       Log10(dN)
  1 -1.096         0.1702         0.1702
  2 -0.996         0.6309         0.4464
  3 -0.896         0.7683         0.2015
  4 -0.796         0.8796         0.2341
  5 -0.696         0.9711         0.2498
  6 -0.596         1.0483         0.2597
  7 -0.496         1.1171         0.2834
  8 -0.396         1.1779         0.2934
  9 -0.296         1.2343         0.3198
 10 -0.196         1.2841         0.3189
 11 -0.096         1.3308         0.3394
 12  0.004         1.3749         0.3599
 13  0.104         1.4152         0.3629
 14  0.204         1.5064         0.7835
 15  0.304         1.6082         0.9283
 16  0.404         1.6521         0.6356
 17  0.504         1.6692         0.2558
 18  0.604         1.6865         0.2770
 19  0.704         1.7049         0.3224
 20  0.804         1.7252         0.3859
 21  0.904         1.7485         0.4655
 22  1.004         1.7756         0.5579
 23  1.104         1.8079         0.6634
 24  1.204         1.8469         0.7812
 25  1.304         1.8943         0.9089
 26  1.404         1.9524         1.0498
 27  1.504         2.0222         1.1941
 28  1.604         2.0975         1.2991
 29  1.704         2.1772         1.4020
 30  1.804         2.2624         1.5131
 31  1.904         2.3524         1.6245
 32  2.004         2.4391         1.6970
 33  2.104         2.5284         1.7972
 34  2.204         2.6162         1.8788
 35  2.304         2.7016         1.9532
 36  2.404         2.7777         1.9837
 37  2.504         2.8495         2.0328
 38  2.604         2.9166         2.0725
 39  2.704         2.9789         2.1049
 40  2.804         3.0365         2.1307
 41  2.904         3.0891         2.1460
 42  3.004         3.1370         2.1559
 43  3.104         3.1808         2.1622
 44  3.204         3.2213         2.1713
 45  3.304         3.2590         2.1790
 46  3.404         3.2928         2.1671
 47  3.504         3.3217         2.1297
 48  3.604         3.3483         2.1220
 49  3.704         3.3739         2.1325
 50  3.804         3.3981         2.1317
 51  3.904         3.4209         2.1303
 52  4.004         3.4439         2.1560
 53  4.104         3.4664         2.1699
 54  4.204         3.4878         2.1705
 55  4.304         3.5088         2.1811
 56  4.404         3.5294         2.1969
 57  4.504         3.5498         2.2096
 58  4.604         3.5698         2.2231
 59  4.704         3.5895         2.2368
 60  4.804         3.6089         2.2498
 61  4.904         3.6281         2.2629
 62  5.004         3.6469         2.2755
 63  5.104         3.6655         2.2875
 64  5.204         3.6838         2.2990
 65  5.304         3.7018         2.3099
 66  5.404         3.7194         2.3202
 67  5.504         3.7368         2.3299
 68  5.604         3.7538         2.3391
 69  5.704         3.7706         2.3476
 70  5.804         3.7870         2.3569
 71  5.904         3.8032         2.3670
 72  6.004         3.8192         2.3767
 73  6.104         3.8349         2.3861
 74  6.204         3.8504         2.3951
 75  6.304         3.8657         2.4037
 76  6.404         3.8807         2.4122
 77  6.504         3.8955         2.4212
 78  6.604         3.9102         2.4311
 79  6.704         3.9247         2.4408
 80  6.804         3.9389         2.4491
 81  6.904         3.9531         2.4578
 82  7.004         3.9672         2.4726
 83  7.104         3.9814         2.4886
 84  7.204         3.9958         2.5091
 85  7.304         4.0102         2.5233
 86  7.404         4.0246         2.5381
 87  7.504         4.0392         2.5590
 88  7.604         4.0543         2.5872
 89  7.704         4.0697         2.6133
 90  7.804         4.0855         2.6375
 91  7.904         4.1018         2.6687
 92  8.004         4.1190         2.7073
 93  8.104         4.1373         2.7523
 94  8.204         4.1567         2.7973
 95  8.304         4.1774         2.8450
 96  8.404         4.1994         2.8929
 97  8.504         4.2226         2.9396
 98  8.604         4.2471         2.9868
 99  8.704         4.2711         3.0008
100  8.804         4.2949         3.0224
101  8.904         4.3207         3.0816
102  9.004         4.3494         3.1544
103  9.104         4.3795         3.2062
104  9.204         4.4091         3.2275
105  9.304         4.4376         3.2411
106  9.404         4.4660         3.2673
107  9.504         4.4942         3.2915
108  9.604         4.5221         3.3161
109  9.704         4.5498         3.3418
110  9.804         4.5776         3.3690
111  9.904         4.6051         3.3940
112 10.004         4.6324         3.4164
113 10.104         4.6592         3.4362
114 10.204         4.6854         3.4537
115 10.304         4.7117         3.4810
116 10.404         4.7380         3.5057
117 10.504         4.7635         3.5211
118 10.604         4.7880         3.5271
119 10.704         4.8110         3.5233
120 10.804         4.8324         3.5132
121 10.904         4.8526         3.5114
122 11.004         4.8719         3.5095
123 11.104         4.8903         3.5068
124 11.204         4.9077         3.5029
125 11.304         4.9242         3.4956
126 11.404         4.9400         3.4940
127 11.504         4.9555         3.5000
128 11.604         4.9706         3.5034
129 11.704         4.9853         3.5077
130 11.804         5.0000         3.5223


#AGE= 2.000 BINS=144 Power-law IMF: x=-2.350
# N  sdss_r       Log10(N)       Log10(dN)
  1 -2.144        -0.3383        -0.3383
  2 -2.044        -0.0140        -0.2929
  3 -1.944         0.1687        -0.2956
  4 -1.844         0.4658         0.1609
  5 -1.744         0.6714         0.2479
  6 -1.644         0.7284        -0.1818
  7 -1.544         0.7807        -0.1646
  8 -1.444         0.8303        -0.1363
  9 -1.344         0.8772        -0.1129
 10 -1.244         0.9221        -0.0856
 11 -1.144         0.9651        -0.0606
 12 -1.044         1.0065        -0.0345
 13 -0.944         1.0467        -0.0073
 14 -0.844         1.0857         0.0199
 15 -0.744         1.1237         0.0472
 16 -0.644         1.1608         0.0736
 17 -0.544         1.1971         0.1008
 18 -0.444         1.2326         0.1275
 19 -0.344         1.2679         0.1611
 20 -0.244         1.3024         0.1842
 21 -0.144         1.3374         0.2273
 22 -0.044         1.3724         0.2611
 23  0.056         1.4091         0.3170
 24  0.156         1.4449         0.3433
 25  0.256         1.4778         0.3407
 26  0.356         1.5099         0.3639
 27  0.456         1.5402         0.3677
 28  0.556         1.5683         0.3654
 29  0.656         1.5963         0.3918
 30  0.756         1.6231         0.3996
 31  0.856         1.6560         0.5201
 32  0.956         1.7795         1.1731
 33  1.056         1.8026         0.5169
 34  1.156         1.8227         0.4772
 35  1.256         1.8440         0.5241
 36  1.356         1.8680         0.5985
 37  1.456         1.8964         0.6975
 38  1.556         1.9304         0.8080
 39  1.656         1.9717         0.9288
 40  1.756         2.0211         1.0530
 41  1.856         2.0791         1.1763
 42  1.956         2.1452         1.2944
 43  2.056         2.2181         1.4071
 44  2.156         2.2957         1.5097
 45  2.256         2.3772         1.6104
 46  2.356         2.4610         1.7054
 47  2.456         2.5482         1.8079
 48  2.556         2.6302         1.8662
 49  2.656         2.7048         1.9026
 50  2.756         2.7722         1.9302
 51  2.856         2.8340         1.9567
 52  2.956         2.8908         1.9789
 53  3.056         2.9433         2.0000
 54  3.156         2.9926         2.0229
 55  3.256         3.0380         2.0355
 56  3.356         3.0778         2.0200
 57  3.456         3.1131         2.0057
 58  3.556         3.1466         2.0167
 59  3.656         3.1788         2.0329
 60  3.756         3.2089         2.0344
 61  3.856         3.2374         2.0406
 62  3.956         3.2662         2.0738
 63  4.056         3.2939         2.0850
 64  4.156         3.3202         2.0896
 65  4.256         3.3459         2.1044
 66  4.356         3.3710         2.1201
 67  4.456         3.3955         2.1350
 68  4.556         3.4195         2.1497
 69  4.656         3.4430         2.1649
 70  4.756         3.4659         2.1760
 71  4.856         3.4885         2.1944
 72  4.956         3.5109         2.2127
 73  5.056         3.5330         2.2287
 74  5.156         3.5547         2.2424
 75  5.256         3.5756         2.2473
 76  5.356         3.5958         2.2535
 77  5.456         3.6155         2.2620
 78  5.556         3.6348         2.2726
 79  5.656         3.6538         2.2846
 80  5.756         3.6724         2.2952
 81  5.856         3.6907         2.3056
 82  5.956         3.7086         2.3162
 83  6.056         3.7263         2.3266
 84  6.156         3.7436         2.3365
 85  6.256         3.7607         2.3462
 86  6.356         3.7774         2.3560
 87  6.456         3.7939         2.3654
 88  6.556         3.8102         2.3749
 89  6.656         3.8262         2.3838
 90  6.756         3.8419         2.3923
 91  6.856         3.8574         2.4039
 92  6.956         3.8729         2.4159
 93  7.056         3.8884         2.4337
 94  7.156         3.9040         2.4513
 95  7.256         3.9196         2.4682
 96  7.356         3.9351         2.4808
 97  7.456         3.9508         2.5002
 98  7.556         3.9669         2.5281
 99  7.656         3.9834         2.5557
100  7.756         4.0003         2.5801
101  7.856         4.0176         2.6089
102  7.956         4.0356         2.6457
103  8.056         4.0547         2.6871
104  8.156         4.0746         2.7271
105  8.256         4.0953         2.7629
106  8.356         4.1174         2.8119
107  8.456         4.1418         2.8795
108  8.556         4.1690         2.9520
109  8.656         4.1975         3.0004
110  8.756         4.2253         3.0183
111  8.856         4.2533         3.0495
112  8.956         4.2829         3.1016
113  9.056         4.3136         3.1473
114  9.156         4.3436         3.1686
115  9.256         4.3725         3.1808
116  9.356         4.4009         3.2023
117  9.456         4.4289         3.2246
118  9.556         4.4566         3.2478
119  9.656         4.4843         3.2743
120  9.756         4.5118         3.2996
121  9.856         4.5390         3.3227
122  9.956         4.5660         3.3468
123 10.056         4.5929         3.3703
124 10.156         4.6193         3.3912
125 10.256         4.6453         3.4097
126 10.356         4.6714         3.4369
127 10.456         4.6974         3.4617
128 10.556         4.7227         3.4758
129 10.656         4.7468         3.4791
130 10.756         4.7693         3.4709
131 10.856         4.7902         3.4630
132 10.956         4.8101         3.4608
133 11.056         4.8290         3.4586
134 11.156         4.8470         3.4565
135 11.256         4.8642         3.4517
136 11.356         4.8805         3.4466
137 11.456         4.8962         3.4484
138 11.556         4.9117         3.4559
139 11.656         4.9267         3.4583
140 11.756         4.9415         3.4651
141 11.856         4.9562         3.4790
142 11.956         4.9709         3.4918
143 12.056         4.9854         3.5040
144 12.156         5.0000         3.5183


#AGE= 3.000 BINS=148 Power-law IMF: x=-2.350
# N  sdss_r       Log10(N)       Log10(dN)
  1 -2.601        -0.5266        -0.5266
  2 -2.501        -0.2208        -0.5173
  3 -2.401        -0.0358        -0.4957
  4 -2.301         0.1000        -0.4708
  5 -2.201         0.2093        -0.4437
  6 -2.101         0.3016        -0.4164
  7 -2.001         0.3821        -0.3895
  8 -1.901         0.4529        -0.3693
  9 -1.801         0.5179        -0.3396
 10 -1.701         0.5768        -0.3200
 11 -1.601         0.7656         0.3130
 12 -1.501         0.8169        -0.1362
 13 -1.401         0.8573        -0.1945
 14 -1.301         0.8962        -0.1712
 15 -1.201         0.9340        -0.1452
 16 -1.101         0.9708        -0.1195
 17 -1.001         1.0071        -0.0888
 18 -0.901         1.0425        -0.0629
 19 -0.801         1.0773        -0.0365
 20 -0.701         1.1120        -0.0032
 21 -0.601         1.1460         0.0227
 22 -0.501         1.1797         0.0529
 23 -0.401         1.2130         0.0807
 24 -0.301         1.2461         0.1118
 25 -0.201         1.2787         0.1389
 26 -0.101         1.3111         0.1674
 27 -0.001         1.3435         0.1996
 28  0.099         1.3754         0.2259
 29  0.199         1.4080         0.2670
 30  0.299         1.4410         0.3059
 31  0.399         1.4752         0.3544
 32  0.499         1.5094         0.3887
 33  0.599         1.5418         0.3986
 34  0.699         1.5725         0.4061
 35  0.799         1.6016         0.4140
 36  0.899         1.6305         0.4384
 37  0.999         1.6577         0.4419
 38  1.099         1.6846         0.4621
 39  1.199         1.7127         0.5100
 40  1.299         1.8116         1.1203
 41  1.399         1.8583         0.8668
 42  1.499         1.8910         0.7516
 43  1.599         1.9208         0.7419
 44  1.699         1.9532         0.8102
 45  1.799         1.9906         0.9069
 46  1.899         2.0344         1.0171
 47  1.999         2.0855         1.1309
 48  2.099         2.1440         1.2446
 49  2.199         2.2090         1.3521
 50  2.299         2.2803         1.4604
 51  2.399         2.3562         1.5609
 52  2.499         2.4353         1.6571
 53  2.599         2.5169         1.7503
 54  2.699         2.5964         1.8201
 55  2.799         2.6670         1.8429
 56  2.899         2.7313         1.8700
 57  2.999         2.7912         1.9011
 58  3.099         2.8468         1.9268
 59  3.199         2.8971         1.9365
 60  3.299         2.9414         1.9273
 61  3.399         2.9823         1.9359
 62  3.499         3.0215         1.9580
 63  3.599         3.0591         1.9774
 64  3.699         3.0939         1.9807
 65  3.799         3.1275         1.9992
 66  3.899         3.1614         2.0365
 67  3.999         3.1940         2.0533
 68  4.099         3.2249         2.0627
 69  4.199         3.2549         2.0791
 70  4.299         3.2842         2.0988
 71  4.399         3.3128         2.1174
 72  4.499         3.3407         2.1344
 73  4.599         3.3680         2.1533
 74  4.699         3.3945         2.1661
 75  4.799         3.4205         2.1841
 76  4.899         3.4459         2.2009
 77  4.999         3.4705         2.2120
 78  5.099         3.4944         2.2219
 79  5.199         3.5178         2.2376
 80  5.299         3.5402         2.2426
 81  5.399         3.5621         2.2543
 82  5.499         3.5838         2.2709
 83  5.599         3.6048         2.2788
 84  5.699         3.6254         2.2907
 85  5.799         3.6456         2.3026
 86  5.899         3.6653         2.3138
 87  5.999         3.6847         2.3245
 88  6.099         3.7037         2.3347
 89  6.199         3.7223         2.3449
 90  6.299         3.7405         2.3548
 91  6.399         3.7584         2.3648
 92  6.499         3.7761         2.3759
 93  6.599         3.7934         2.3859
 94  6.699         3.8104         2.3938
 95  6.799         3.8271         2.4046
 96  6.899         3.8437         2.4164
 97  6.999         3.8602         2.4328
 98  7.099         3.8768         2.4503
 99  7.199         3.8934         2.4688
100  7.299         3.9099         2.4809
101  7.399         3.9264         2.4979
102  7.499         3.9432         2.5222
103  7.599         3.9605         2.5521
104  7.699         3.9781         2.5772
105  7.799         3.9960         2.6029
106  7.899         4.0146         2.6369
107  7.999         4.0341         2.6769
108  8.099         4.0547         2.7185
109  8.199         4.0760         2.7574
110  8.299         4.0983         2.7964
111  8.399         4.1223         2.8534
112  8.499         4.1492         2.9282
113  8.599         4.1790         3.0001
114  8.699         4.2096         3.0423
115  8.799         4.2397         3.0660
116  8.899         4.2704         3.1040
117  8.999         4.3019         3.1471
118  9.099         4.3332         3.1757
119  9.199         4.3632         3.1871
120  9.299         4.3925         3.2064
121  9.399         4.4211         3.2264
122  9.499         4.4493         3.2473
123  9.599         4.4771         3.2703
124  9.699         4.5047         3.2930
125  9.799         4.5319         3.3157
126  9.899         4.5588         3.3381
127  9.999         4.5855         3.3601
128 10.099         4.6119         3.3821
129 10.199         4.6380         3.4037
130 10.299         4.6641         3.4300
131 10.399         4.6903         3.4582
132 10.499         4.7160         3.4747
133 10.599         4.7404         3.4790
134 10.699         4.7633         3.4735
135 10.799         4.7851         3.4758
136 10.899         4.8060         3.4770
137 10.999         4.8258         3.4748
138 11.099         4.8445         3.4692
139 11.199         4.8621         3.4602
140 11.299         4.8788         3.4558
141 11.399         4.8949         3.4582
142 11.499         4.9108         3.4646
143 11.599         4.9261         3.4656
144 11.699         4.9411         3.4719
145 11.799         4.9560         3.4845
146 11.899         4.9708         3.4945
147 11.999         4.9854         3.5054
148 12.099         5.0000         3.5198


#AGE= 4.000 BINS=150 Power-law IMF: x=-2.350
# N  sdss_r       Log10(N)       Log10(dN)
  1 -2.699        -0.6635        -0.6635
  2 -2.599        -0.3486        -0.6362
  3 -2.499        -0.1574        -0.6058
  4 -2.399        -0.0199        -0.5864
  5 -2.299         0.0906        -0.5579
  6 -2.199         0.1838        -0.5301
  7 -2.099         0.2653        -0.5013
  8 -1.999         0.3385        -0.4713
  9 -1.899         0.4040        -0.4495
 10 -1.799         0.4641        -0.4248
 11 -1.699         0.5205        -0.3937
 12 -1.599         0.5724        -0.3760
 13 -1.499         0.7351         0.2299
 14 -1.399         0.7784        -0.2442
 15 -1.299         0.8181        -0.2403
 16 -1.199         0.8563        -0.2191
 17 -1.099         0.8933        -0.1947
 18 -0.999         0.9296        -0.1662
 19 -0.899         0.9652        -0.1389
 20 -0.799         1.0003        -0.1094
 21 -0.699         1.0350        -0.0794
 22 -0.599         1.0692        -0.0518
 23 -0.499         1.1033        -0.0189
 24 -0.399         1.1369         0.0091
 25 -0.299         1.1705         0.0424
 26 -0.199         1.2036         0.0687
 27 -0.099         1.2366         0.1008
 28  0.001         1.2694         0.1319
 29  0.101         1.3019         0.1600
 30  0.201         1.3343         0.1909
 31  0.301         1.3665         0.2198
 32  0.401         1.3988         0.2547
 33  0.501         1.4316         0.2929
 34  0.601         1.4657         0.3441
 35  0.701         1.5002         0.3835
 36  0.801         1.5345         0.4146
 37  0.901         1.5662         0.4141
 38  1.001         1.5970         0.4316
 39  1.101         1.6263         0.4412
 40  1.201         1.6546         0.4546
 41  1.301         1.6821         0.4702
 42  1.401         1.7097         0.4986
 43  1.501         1.7412         0.5868
 44  1.601         1.8267         1.0789
 45  1.701         1.8774         0.9196
 46  1.801         1.9190         0.8790
 47  1.901         1.9614         0.9298
 48  2.001         2.0047         0.9819
 49  2.101         2.0520         1.0664
 50  2.201         2.1063         1.1760
 51  2.301         2.1670         1.2827
 52  2.401         2.2334         1.3851
 53  2.501         2.3038         1.4790
 54  2.601         2.3778         1.5723
 55  2.701         2.4530         1.6543
 56  2.801         2.5313         1.7487
 57  2.901         2.6023         1.7808
 58  3.001         2.6661         1.8018
 59  3.101         2.7224         1.8071
 60  3.201         2.7728         1.8131
 61  3.301         2.8201         1.8331
 62  3.401         2.8654         1.8613
 63  3.501         2.9085         1.8837
 64  3.601         2.9486         1.8939
 65  3.701         2.9871         1.9159
 66  3.801         3.0258         1.9568
 67  3.901         3.0633         1.9806
 68  4.001         3.0988         1.9937
 69  4.101         3.1332         2.0154
 70  4.201         3.1670         2.0415
 71  4.301         3.2002         2.0668
 72  4.401         3.2324         2.0866
 73  4.501         3.2637         2.1057
 74  4.601         3.2939         2.1216
 75  4.701         3.3232         2.1379
 76  4.801         3.3517         2.1544
 77  4.901         3.3793         2.1676
 78  5.001         3.4056         2.1754
 79  5.101         3.4313         2.1905
 80  5.201         3.4566         2.2090
 81  5.301         3.4807         2.2135
 82  5.401         3.5046         2.2326
 83  5.501         3.5278         2.2450
 84  5.601         3.5504         2.2553
 85  5.701         3.5725         2.2677
 86  5.801         3.5941         2.2813
 87  5.901         3.6153         2.2925
 88  6.001         3.6360         2.3032
 89  6.101         3.6562         2.3146
 90  6.201         3.6760         2.3253
 91  6.301         3.6954         2.3358
 92  6.401         3.7144         2.3461
 93  6.501         3.7331         2.3570
 94  6.601         3.7515         2.3691
 95  6.701         3.7695         2.3775
 96  6.801         3.7871         2.3861
 97  6.901         3.8046         2.4012
 98  7.001         3.8220         2.4179
 99  7.101         3.8396         2.4363
100  7.201         3.8570         2.4514
101  7.301         3.8742         2.4651
102  7.401         3.8916         2.4843
103  7.501         3.9093         2.5106
104  7.601         3.9274         2.5394
105  7.701         3.9457         2.5619
106  7.801         3.9645         2.5902
107  7.901         3.9840         2.6267
108  8.001         4.0043         2.6649
109  8.101         4.0255         2.7026
110  8.201         4.0477         2.7461
111  8.301         4.0713         2.7947
112  8.401         4.0964         2.8456
113  8.501         4.1243         2.9178
114  8.601         4.1551         2.9903
115  8.701         4.1871         3.0392
116  8.801         4.2189         3.0680
117  8.901         4.2512         3.1054
118  9.001         4.2837         3.1428
119  9.101         4.3158         3.1676
120  9.201         4.3464         3.1802
121  9.301         4.3764         3.2001
122  9.401         4.4056         3.2194
123  9.501         4.4343         3.2393
124  9.601         4.4624         3.2601
125  9.701         4.4902         3.2817
126  9.801         4.5175         3.3034
127  9.901         4.5444         3.3227
128 10.001         4.5708         3.3413
129 10.101         4.5970         3.3649
130 10.201         4.6234         3.3930
131 10.301         4.6495         3.4152
132 10.401         4.6749         3.4295
133 10.501         4.7000         3.4501
134 10.601         4.7246         3.4657
135 10.701         4.7481         3.4694
136 10.801         4.7700         3.4615
137 10.901         4.7905         3.4550
138 11.001         4.8100         3.4520
139 11.101         4.8286         3.4505
140 11.201         4.8464         3.4499
141 11.301         4.8633         3.4451
142 11.401         4.8795         3.4438
143 11.501         4.8953         3.4488
144 11.601         4.9108         3.4557
145 11.701         4.9259         3.4583
146 11.801         4.9407         3.4675
147 11.901         4.9556         3.4833
148 12.001         4.9705         3.4967
149 12.101         4.9852         3.5098
150 12.201         5.0000         3.5241


#AGE= 5.000 BINS=151 Power-law IMF: x=-2.350
# N  sdss_r       Log10(N)       Log10(dN)
  1 -2.796        -0.7382        -0.7382
  2 -2.696        -0.4295        -0.7230
  3 -2.596        -0.2387        -0.6878
  4 -2.496        -0.1041        -0.6783
  5 -2.396         0.0091        -0.6305
  6 -2.296         0.1015        -0.6156
  7 -2.196         0.1823        -0.5883
  8 -2.096         0.2549        -0.5574
  9 -1.996         0.3212        -0.5280
 10 -1.896         0.3820        -0.5019
 11 -1.796         0.4381        -0.4781
 12 -1.696         0.4911        -0.4491
 13 -1.596         0.5411        -0.4225
 14 -1.496         0.5877        -0.4047
 15 -1.396         0.7258         0.1611
 16 -1.296         0.7685        -0.2604
 17 -1.196         0.8073        -0.2611
 18 -1.096         0.8446        -0.2401
 19 -0.996         0.8809        -0.2143
 20 -0.896         0.9163        -0.1901
 21 -0.796         0.9516        -0.1566
 22 -0.696         0.9862        -0.1294
 23 -0.596         1.0204        -0.0998
 24 -0.496         1.0545        -0.0673
 25 -0.396         1.0883        -0.0376
 26 -0.296         1.1220        -0.0053
 27 -0.196         1.1554         0.0243
 28 -0.096         1.1886         0.0564
 29  0.004         1.2217         0.0870
 30  0.104         1.2546         0.1183
 31  0.204         1.2873         0.1473
 32  0.304         1.3200         0.1808
 33  0.404         1.3523         0.2071
 34  0.504         1.3847         0.2422
 35  0.604         1.4173         0.2762
 36  0.704         1.4502         0.3127
 37  0.804         1.4841         0.3598
 38  0.904         1.5195         0.4139
 39  1.004         1.5539         0.4355
 40  1.104         1.5867         0.4476
 41  1.204         1.6179         0.4590
 42  1.304         1.6478         0.4716
 43  1.404         1.6765         0.4812
 44  1.504         1.7041         0.4944
 45  1.604         1.7318         0.5223
 46  1.704         1.7627         0.5989
 47  1.804         1.8296         0.9847
 48  1.904         1.8865         0.9754
 49  2.004         1.9335         0.9441
 50  2.104         1.9808         0.9945
 51  2.204         2.0321         1.0793
 52  2.304         2.0899         1.1854
 53  2.404         2.1507         1.2671
 54  2.504         2.2148         1.3520
 55  2.604         2.2823         1.4407
 56  2.704         2.3526         1.5266
 57  2.804         2.4233         1.6002
 58  2.904         2.4939         1.6699
 59  3.004         2.5595         1.7066
 60  3.104         2.6192         1.7280
 61  3.204         2.6745         1.7516
 62  3.304         2.7264         1.7784
 63  3.404         2.7753         1.8026
 64  3.504         2.8210         1.8207
 65  3.604         2.8649         1.8475
 66  3.704         2.9083         1.8861
 67  3.804         2.9502         1.9141
 68  3.904         2.9902         1.9344
 69  4.004         3.0290         1.9609
 70  4.104         3.0671         1.9914
 71  4.204         3.1044         2.0193
 72  4.304         3.1406         2.0436
 73  4.404         3.1757         2.0662
 74  4.504         3.2097         2.0867
 75  4.604         3.2425         2.1048
 76  4.704         3.2740         2.1190
 77  4.804         3.3044         2.1333
 78  4.904         3.3334         2.1445
 79  5.004         3.3613         2.1547
 80  5.104         3.3889         2.1780
 81  5.204         3.4158         2.1942
 82  5.304         3.4416         2.2039
 83  5.404         3.4671         2.2220
 84  5.504         3.4918         2.2343
 85  5.604         3.5158         2.2461
 86  5.704         3.5392         2.2596
 87  5.804         3.5621         2.2730
 88  5.904         3.5845         2.2856
 89  6.004         3.6064         2.2972
 90  6.104         3.6277         2.3084
 91  6.204         3.6485         2.3194
 92  6.304         3.6689         2.3307
 93  6.404         3.6889         2.3424
 94  6.504         3.7086         2.3541
 95  6.604         3.7278         2.3649
 96  6.704         3.7467         2.3741
 97  6.804         3.7651         2.3841
 98  6.904         3.7835         2.4003
 99  7.004         3.8018         2.4180
100  7.104         3.8201         2.4351
101  7.204         3.8381         2.4484
102  7.304         3.8561         2.4635
103  7.404         3.8742         2.4859
104  7.504         3.8928         2.5137
105  7.604         3.9116         2.5405
106  7.704         3.9307         2.5632
107  7.804         3.9501         2.5908
108  7.904         3.9704         2.6288
109  8.004         3.9915         2.6679
110  8.104         4.0135         2.7081
111  8.204         4.0367         2.7522
112  8.304         4.0610         2.7965
113  8.404         4.0869         2.8494
114  8.504         4.1155         2.9199
115  8.604         4.1469         2.9914
116  8.704         4.1802         3.0476
117  8.804         4.2133         3.0790
118  8.904         4.2468         3.1169
119  9.004         4.2804         3.1525
120  9.104         4.3130         3.1721
121  9.204         4.3445         3.1893
122  9.304         4.3751         3.2076
123  9.404         4.4048         3.2263
124  9.504         4.4339         3.2454
125  9.604         4.4625         3.2661
126  9.704         4.4906         3.2874
127  9.804         4.5181         3.3065
128  9.904         4.5451         3.3252
129 10.004         4.5716         3.3439
130 10.104         4.5976         3.3624
131 10.204         4.6236         3.3874
132 10.304         4.6497         3.4150
133 10.404         4.6752         3.4322
134 10.504         4.7001         3.4449
135 10.604         4.7244         3.4611
136 10.704         4.7477         3.4658
137 10.804         4.7695         3.4592
138 10.904         4.7900         3.4534
139 11.004         4.8094         3.4509
140 11.104         4.8280         3.4498
141 11.204         4.8458         3.4490
142 11.304         4.8627         3.4444
143 11.404         4.8790         3.4443
144 11.504         4.8949         3.4503
145 11.604         4.9104         3.4566
146 11.704         4.9255         3.4598
147 11.804         4.9405         3.4696
148 11.904         4.9554         3.4854
149 12.004         4.9703         3.4984
150 12.104         4.9852         3.5114
151 12.204         5.0000         3.5258


#AGE= 6.000 BINS=151 Power-law IMF: x=-2.350
# N  sdss_r       Log10(N)       Log10(dN)
  1 -2.858        -0.7720        -0.7720
  2 -2.758        -0.4728        -0.7757
  3 -2.658        -0.2895        -0.7524
  4 -2.558        -0.1539        -0.7256
  5 -2.458        -0.0456        -0.7018
  6 -2.358         0.0476        -0.6667
  7 -2.258         0.1293        -0.6364
  8 -2.158         0.2012        -0.6153
  9 -2.058         0.2664        -0.5893
 10 -1.958         0.3263        -0.5638
 11 -1.858         0.3836        -0.5240
 12 -1.758         0.4365        -0.5043
 13 -1.658         0.4869        -0.4737
 14 -1.558         0.5343        -0.4510
 15 -1.458         0.5798        -0.4220
 16 -1.358         0.6683        -0.0661
 17 -1.258         0.7455        -0.0430
 18 -1.158         0.7847        -0.2790
 19 -1.058         0.8220        -0.2622
 20 -0.958         0.8586        -0.2343
 21 -0.858         0.8943        -0.2087
 22 -0.758         0.9295        -0.1785
 23 -0.658         0.9640        -0.1529
 24 -0.558         0.9985        -0.1193
 25 -0.458         1.0328        -0.0867
 26 -0.358         1.0667        -0.0580
 27 -0.258         1.1005        -0.0247
 28 -0.158         1.1340         0.0040
 29 -0.058         1.1675         0.0383
 30  0.042         1.2007         0.0676
 31  0.142         1.2339         0.1011
 32  0.242         1.2670         0.1320
 33  0.342         1.2999         0.1640
 34  0.442         1.3326         0.1925
 35  0.542         1.3653         0.2265
 36  0.642         1.3979         0.2570
 37  0.742         1.4307         0.2914
 38  0.842         1.4637         0.3286
 39  0.942         1.4974         0.3705
 40  1.042         1.5327         0.4248
 41  1.142         1.5680         0.4607
 42  1.242         1.6018         0.4764
 43  1.342         1.6342         0.4910
 44  1.442         1.6651         0.5014
 45  1.542         1.6945         0.5112
 46  1.642         1.7228         0.5223
 47  1.742         1.7504         0.5402
 48  1.842         1.7794         0.5894
 49  1.942         1.8193         0.7624
 50  2.042         1.8863         1.0416
 51  2.142         1.9364         0.9733
 52  2.242         1.9856         1.0152
 53  2.342         2.0383         1.0970
 54  2.442         2.0955         1.1866
 55  2.542         2.1572         1.2794
 56  2.642         2.2224         1.3662
 57  2.742         2.2893         1.4439
 58  2.842         2.3566         1.5138
 59  2.942         2.4233         1.5770
 60  3.042         2.4904         1.6459
 61  3.142         2.5555         1.6993
 62  3.242         2.6157         1.7275
 63  3.342         2.6703         1.7431
 64  3.442         2.7214         1.7666
 65  3.542         2.7710         1.8042
 66  3.642         2.8191         1.8397
 67  3.742         2.8652         1.8680
 68  3.842         2.9094         1.8956
 69  3.942         2.9522         1.9248
 70  4.042         2.9939         1.9548
 71  4.142         3.0342         1.9825
 72  4.242         3.0734         2.0090
 73  4.342         3.1114         2.0341
 74  4.442         3.1484         2.0603
 75  4.542         3.1840         2.0803
 76  4.642         3.2182         2.0971
 77  4.742         3.2508         2.1109
 78  4.842         3.2820         2.1231
 79  4.942         3.3120         2.1362
 80  5.042         3.3414         2.1575
 81  5.142         3.3707         2.1844
 82  5.242         3.3986         2.1926
 83  5.342         3.4258         2.2097
 84  5.442         3.4524         2.2258
 85  5.542         3.4781         2.2377
 86  5.642         3.5031         2.2512
 87  5.742         3.5276         2.2657
 88  5.842         3.5514         2.2798
 89  5.942         3.5747         2.2928
 90  6.042         3.5974         2.3042
 91  6.142         3.6196         2.3156
 92  6.242         3.6412         2.3277
 93  6.342         3.6624         2.3396
 94  6.442         3.6831         2.3525
 95  6.542         3.7035         2.3642
 96  6.642         3.7234         2.3744
 97  6.742         3.7428         2.3831
 98  6.842         3.7620         2.3981
 99  6.942         3.7811         2.4150
100  7.042         3.8001         2.4330
101  7.142         3.8190         2.4475
102  7.242         3.8377         2.4611
103  7.342         3.8563         2.4790
104  7.442         3.8752         2.5060
105  7.542         3.8947         2.5360
106  7.642         3.9143         2.5586
107  7.742         3.9341         2.5834
108  7.842         3.9544         2.6154
109  7.942         3.9757         2.6540
110  8.042         3.9980         2.6980
111  8.142         4.0213         2.7388
112  8.242         4.0453         2.7768
113  8.342         4.0707         2.8249
114  8.442         4.0981         2.8847
115  8.542         4.1281         2.9521
116  8.642         4.1610         3.0244
117  8.742         4.1953         3.0760
118  8.842         4.2297         3.1107
119  8.942         4.2642         3.1479
120  9.042         4.2984         3.1779
121  9.142         4.3313         3.1940
122  9.242         4.3631         3.2113
123  9.342         4.3940         3.2306
124  9.442         4.4240         3.2497
125  9.542         4.4534         3.2686
126  9.642         4.4821         3.2884
127  9.742         4.5103         3.3086
128  9.842         4.5379         3.3267
129  9.942         4.5648         3.3443
130 10.042         4.5913         3.3625
131 10.142         4.6172         3.3807
132 10.242         4.6431         3.4052
133 10.342         4.6689         3.4299
134 10.442         4.6940         3.4440
135 10.542         4.7187         3.4607
136 10.642         4.7425         3.4702
137 10.742         4.7650         3.4672
138 10.842         4.7862         3.4641
139 10.942         4.8063         3.4631
140 11.042         4.8255         3.4616
141 11.142         4.8438         3.4581
142 11.242         4.8611         3.4528
143 11.342         4.8777         3.4528
144 11.442         4.8940         3.4587
145 11.542         4.9098         3.4633
146 11.642         4.9252         3.4661
147 11.742         4.9403         3.4751
148 11.842         4.9554         3.4890
149 11.942         4.9703         3.4995
150 12.042         4.9852         3.5114
151 12.142         5.0000         3.5259


#AGE= 7.000 BINS=150 Power-law IMF: x=-2.350
# N  sdss_r       Log10(N)       Log10(dN)
  1 -2.866        -0.8228        -0.8228
  2 -2.766        -0.5053        -0.7904
  3 -2.666        -0.3207        -0.7814
  4 -2.566        -0.1820        -0.7452
  5 -2.466        -0.0709        -0.7173
  6 -2.366         0.0221        -0.6928
  7 -2.266         0.1029        -0.6676
  8 -2.166         0.1759        -0.6344
  9 -2.066         0.2405        -0.6186
 10 -1.966         0.3019        -0.5784
 11 -1.866         0.3594        -0.5468
 12 -1.766         0.4125        -0.5267
 13 -1.666         0.4634        -0.4928
 14 -1.566         0.5106        -0.4764
 15 -1.466         0.5573        -0.4347
 16 -1.366         0.6015        -0.4126
 17 -1.266         0.7113         0.0604
 18 -1.166         0.7549        -0.2653
 19 -1.066         0.7935        -0.2771
 20 -0.966         0.8310        -0.2505
 21 -0.866         0.8674        -0.2282
 22 -0.766         0.9035        -0.1948
 23 -0.666         0.9388        -0.1688
 24 -0.566         0.9737        -0.1380
 25 -0.466         1.0085        -0.1055
 26 -0.366         1.0427        -0.0778
 27 -0.266         1.0770        -0.0419
 28 -0.166         1.1111        -0.0120
 29 -0.066         1.1450         0.0206
 30  0.034         1.1787         0.0517
 31  0.134         1.2122         0.0835
 32  0.234         1.2456         0.1142
 33  0.334         1.2791         0.1505
 34  0.434         1.3124         0.1807
 35  0.534         1.3456         0.2119
 36  0.634         1.3787         0.2449
 37  0.734         1.4118         0.2776
 38  0.834         1.4450         0.3114
 39  0.934         1.4783         0.3458
 40  1.034         1.5120         0.3859
 41  1.134         1.5467         0.4316
 42  1.234         1.5830         0.4873
 43  1.334         1.6183         0.5101
 44  1.434         1.6520         0.5257
 45  1.534         1.6842         0.5386
 46  1.634         1.7148         0.5478
 47  1.734         1.7440         0.5562
 48  1.834         1.7719         0.5664
 49  1.934         1.8001         0.5986
 50  2.034         1.8318         0.6792
 51  2.134         1.8837         0.9351
 52  2.234         1.9384         1.0121
 53  2.334         1.9875         1.0165
 54  2.434         2.0391         1.0885
 55  2.534         2.0950         1.1767
 56  2.634         2.1552         1.2668
 57  2.734         2.2189         1.3538
 58  2.834         2.2846         1.4319
 59  2.934         2.3505         1.4995
 60  3.034         2.4163         1.5639
 61  3.134         2.4808         1.6210
 62  3.234         2.5447         1.6812
 63  3.334         2.6066         1.7294
 64  3.434         2.6648         1.7638
 65  3.534         2.7197         1.7942
 66  3.634         2.7712         1.8193
 67  3.734         2.8201         1.8478
 68  3.834         2.8670         1.8774
 69  3.934         2.9124         1.9089
 70  4.034         2.9562         1.9379
 71  4.134         2.9986         1.9670
 72  4.234         3.0398         1.9972
 73  4.334         3.0798         2.0233
 74  4.434         3.1182         2.0461
 75  4.534         3.1551         2.0658
 76  4.634         3.1902         2.0812
 77  4.734         3.2239         2.0967
 78  4.834         3.2564         2.1142
 79  4.934         3.2878         2.1319
 80  5.034         3.3191         2.1609
 81  5.134         3.3500         2.1863
 82  5.234         3.3793         2.1943
 83  5.334         3.4080         2.2132
 84  5.434         3.4358         2.2290
 85  5.534         3.4628         2.2432
 86  5.634         3.4890         2.2565
 87  5.734         3.5146         2.2720
 88  5.834         3.5396         2.2876
 89  5.934         3.5640         2.3010
 90  6.034         3.5877         2.3129
 91  6.134         3.6108         2.3248
 92  6.234         3.6333         2.3371
 93  6.334         3.6554         2.3506
 94  6.434         3.6770         2.3638
 95  6.534         3.6982         2.3751
 96  6.634         3.7188         2.3853
 97  6.734         3.7390         2.3957
 98  6.834         3.7589         2.4115
 99  6.934         3.7788         2.4289
100  7.034         3.7985         2.4455
101  7.134         3.8180         2.4595
102  7.234         3.8372         2.4740
103  7.334         3.8565         2.4942
104  7.434         3.8761         2.5206
105  7.534         3.8960         2.5487
106  7.634         3.9162         2.5739
107  7.734         3.9367         2.5987
108  7.834         3.9576         2.6294
109  7.934         3.9794         2.6711
110  8.034         4.0022         2.7108
111  8.134         4.0257         2.7475
112  8.234         4.0504         2.7916
113  8.334         4.0765         2.8435
114  8.434         4.1043         2.8965
115  8.534         4.1341         2.9556
116  8.634         4.1672         3.0323
117  8.734         4.2023         3.0933
118  8.834         4.2376         3.1299
119  8.934         4.2732         3.1686
120  9.034         4.3081         3.1967
121  9.134         4.3418         3.2148
122  9.234         4.3743         3.2322
123  9.334         4.4058         3.2510
124  9.434         4.4365         3.2698
125  9.534         4.4664         3.2889
126  9.634         4.4955         3.3082
127  9.734         4.5241         3.3282
128  9.834         4.5520         3.3456
129  9.934         4.5791         3.3615
130 10.034         4.6057         3.3795
131 10.134         4.6318         3.3974
132 10.234         4.6577         3.4200
133 10.334         4.6834         3.4429
134 10.434         4.7085         3.4579
135 10.534         4.7331         3.4745
136 10.634         4.7567         3.4802
137 10.734         4.7791         3.4806
138 10.834         4.8006         3.4832
139 10.934         4.8209         3.4812
140 11.034         4.8400         3.4746
141 11.134         4.8581         3.4686
142 11.234         4.8755         3.4680
143 11.334         4.8923         3.4730
144 11.434         4.9086         3.4752
145 11.534         4.9244         3.4772
146 11.634         4.9399         3.4845
147 11.734         4.9552         3.4953
148 11.834         4.9703         3.5020
149 11.934         4.9851         3.5120
150 12.034         5.0000         3.5269


#AGE= 8.000 BINS=152 Power-law IMF: x=-2.350
# N  sdss_r       Log10(N)       Log10(dN)
  1 -2.851        -0.8657        -0.8657
  2 -2.751        -0.5584        -0.8533
  3 -2.651        -0.3792        -0.8502
  4 -2.551        -0.2418        -0.8083
  5 -2.451        -0.1277        -0.7641
  6 -2.351        -0.0356        -0.7545
  7 -2.251         0.0452        -0.7250
  8 -2.151         0.1160        -0.7066
  9 -2.051         0.1829        -0.6627
 10 -1.951         0.2434        -0.6421
 11 -1.851         0.3008        -0.6069
 12 -1.751         0.3547        -0.5780
 13 -1.651         0.4055        -0.5516
 14 -1.551         0.4532        -0.5291
 15 -1.451         0.4997        -0.4944
 16 -1.351         0.5434        -0.4754
 17 -1.251         0.5957        -0.3493
 18 -1.151         0.6912        -0.0136
 19 -1.051         0.7321        -0.3145
 20 -0.951         0.7704        -0.3033
 21 -0.851         0.8070        -0.2849
 22 -0.751         0.8436        -0.2492
 23 -0.651         0.8795        -0.2209
 24 -0.551         0.9150        -0.1905
 25 -0.451         0.9499        -0.1626
 26 -0.351         0.9848        -0.1275
 27 -0.251         1.0192        -0.0981
 28 -0.151         1.0538        -0.0624
 29 -0.051         1.0881        -0.0314
 30  0.049         1.1222        -0.0005
 31  0.149         1.1561         0.0329
 32  0.249         1.1900         0.0648
 33  0.349         1.2237         0.0970
 34  0.449         1.2574         0.1309
 35  0.549         1.2911         0.1632
 36  0.649         1.3246         0.1962
 37  0.749         1.3580         0.2274
 38  0.849         1.3916         0.2630
 39  0.949         1.4251         0.2959
 40  1.049         1.4589         0.3337
 41  1.149         1.4931         0.3721
 42  1.249         1.5283         0.4189
 43  1.349         1.5648         0.4721
 44  1.449         1.6011         0.5048
 45  1.549         1.6357         0.5192
 46  1.649         1.6687         0.5340
 47  1.749         1.7002         0.5444
 48  1.849         1.7300         0.5521
 49  1.949         1.7585         0.5603
 50  2.049         1.7869         0.5897
 51  2.149         1.8178         0.6536
 52  2.249         1.8611         0.8381
 53  2.349         1.9154         0.9861
 54  2.449         1.9661         1.0082
 55  2.549         2.0166         1.0574
 56  2.649         2.0725         1.1545
 57  2.749         2.1327         1.2449
 58  2.849         2.1963         1.3302
 59  2.949         2.2614         1.4049
 60  3.049         2.3269         1.4730
 61  3.149         2.3923         1.5382
 62  3.249         2.4570         1.5976
 63  3.349         2.5214         1.6610
 64  3.449         2.5826         1.7011
 65  3.549         2.6400         1.7330
 66  3.649         2.6938         1.7601
 67  3.749         2.7448         1.7892
 68  3.849         2.7936         1.8200
 69  3.949         2.8408         1.8534
 70  4.049         2.8865         1.8866
 71  4.149         2.9306         1.9150
 72  4.249         2.9727         1.9381
 73  4.349         3.0129         1.9599
 74  4.449         3.0513         1.9788
 75  4.549         3.0881         1.9981
 76  4.649         3.1236         2.0186
 77  4.749         3.1580         2.0395
 78  4.849         3.1915         2.0625
 79  4.949         3.2245         2.0886
 80  5.049         3.2576         2.1234
 81  5.149         3.2894         2.1378
 82  5.249         3.3199         2.1516
 83  5.349         3.3498         2.1717
 84  5.449         3.3786         2.1873
 85  5.549         3.4066         2.2017
 86  5.649         3.4339         2.2175
 87  5.749         3.4604         2.2336
 88  5.849         3.4864         2.2497
 89  5.949         3.5116         2.2628
 90  6.049         3.5361         2.2751
 91  6.149         3.5599         2.2879
 92  6.249         3.5832         2.3007
 93  6.349         3.6060         2.3152
 94  6.449         3.6284         2.3291
 95  6.549         3.6502         2.3404
 96  6.649         3.6714         2.3503
 97  6.749         3.6923         2.3627
 98  6.849         3.7129         2.3784
 99  6.949         3.7334         2.3974
100  7.049         3.7537         2.4129
101  7.149         3.7736         2.4256
102  7.249         3.7934         2.4424
103  7.349         3.8133         2.4657
104  7.449         3.8337         2.4937
105  7.549         3.8543         2.5211
106  7.649         3.8750         2.5420
107  7.749         3.8960         2.5706
108  7.849         3.9177         2.6046
109  7.949         3.9401         2.6432
110  8.049         3.9637         2.6865
111  8.149         3.9882         2.7275
112  8.249         4.0136         2.7672
113  8.349         4.0403         2.8160
114  8.449         4.0687         2.8700
115  8.549         4.0989         2.9270
116  8.649         4.1328         3.0083
117  8.749         4.1689         3.0702
118  8.849         4.2051         3.1080
119  8.949         4.2415         3.1466
120  9.049         4.2770         3.1717
121  9.149         4.3111         3.1893
122  9.249         4.3440         3.2074
123  9.349         4.3760         3.2267
124  9.449         4.4070         3.2454
125  9.549         4.4371         3.2638
126  9.649         4.4666         3.2837
127  9.749         4.4954         3.3031
128  9.849         4.5235         3.3191
129  9.949         4.5507         3.3350
130 10.049         4.5774         3.3522
131 10.149         4.6035         3.3700
132 10.249         4.6295         3.3927
133 10.349         4.6550         3.4114
134 10.449         4.6800         3.4282
135 10.549         4.7043         3.4398
136 10.649         4.7276         3.4456
137 10.749         4.7500         3.4516
138 10.849         4.7712         3.4484
139 10.949         4.7910         3.4409
140 11.049         4.8098         3.4374
141 11.149         4.8279         3.4380
142 11.249         4.8453         3.4395
143 11.349         4.8620         3.4380
144 11.449         4.8782         3.4412
145 11.549         4.8941         3.4493
146 11.649         4.9095         3.4537
147 11.749         4.9247         3.4592
148 11.849         4.9397         3.4715
149 11.949         4.9548         3.4890
150 12.049         4.9699         3.5034
151 12.149         4.9850         3.5175
152 12.249         5.0000         3.5317


#AGE= 9.000 BINS=150 Power-law IMF: x=-2.350
# N  sdss_r       Log10(N)       Log10(dN)
  1 -2.819        -0.8462        -0.8462
  2 -2.719        -0.5358        -0.8276
  3 -2.619        -0.3512        -0.8117
  4 -2.519        -0.2183        -0.7973
  5 -2.419        -0.1050        -0.7438
  6 -2.319        -0.0131        -0.7328
  7 -2.219         0.0683        -0.6993
  8 -2.119         0.1417        -0.6662
  9 -2.019         0.2081        -0.6402
 10 -1.919         0.2682        -0.6203
 11 -1.819         0.3261        -0.5778
 12 -1.719         0.3805        -0.5490
 13 -1.619         0.4306        -0.5324
 14 -1.519         0.4798        -0.4904
 15 -1.419         0.5254        -0.4753
 16 -1.319         0.5697        -0.4443
 17 -1.219         0.6163        -0.3760
 18 -1.119         0.7119         0.0076
 19 -1.019         0.7552        -0.2677
 20 -0.919         0.7943        -0.2700
 21 -0.819         0.8317        -0.2522
 22 -0.719         0.8682        -0.2254
 23 -0.619         0.9044        -0.1928
 24 -0.519         0.9404        -0.1581
 25 -0.419         0.9758        -0.1315
 26 -0.319         1.0107        -0.1009
 27 -0.219         1.0456        -0.0676
 28 -0.119         1.0804        -0.0325
 29 -0.019         1.1149        -0.0025
 30  0.081         1.1492         0.0301
 31  0.181         1.1837         0.0666
 32  0.281         1.2179         0.0973
 33  0.381         1.2520         0.1301
 34  0.481         1.2860         0.1631
 35  0.581         1.3200         0.1965
 36  0.681         1.3539         0.2288
 37  0.781         1.3876         0.2611
 38  0.881         1.4215         0.2969
 39  0.981         1.4553         0.3301
 40  1.081         1.4893         0.3662
 41  1.181         1.5234         0.4016
 42  1.281         1.5584         0.4470
 43  1.381         1.5944         0.4954
 44  1.481         1.6320         0.5497
 45  1.581         1.6683         0.5729
 46  1.681         1.7030         0.5885
 47  1.781         1.7361         0.6018
 48  1.881         1.7676         0.6118
 49  1.981         1.7971         0.6146
 50  2.081         1.8255         0.6278
 51  2.181         1.8540         0.6566
 52  2.281         1.8852         0.7264
 53  2.381         1.9279         0.8988
 54  2.481         1.9779         1.0145
 55  2.581         2.0277         1.0626
 56  2.681         2.0776         1.1134
 57  2.781         2.1330         1.2115
 58  2.881         2.1925         1.2997
 59  2.981         2.2550         1.3818
 60  3.081         2.3188         1.4549
 61  3.181         2.3826         1.5175
 62  3.281         2.4456         1.5760
 63  3.381         2.5075         1.6308
 64  3.481         2.5689         1.6895
 65  3.581         2.6285         1.7365
 66  3.681         2.6854         1.7741
 67  3.781         2.7388         1.8026
 68  3.881         2.7895         1.8318
 69  3.981         2.8379         1.8607
 70  4.081         2.8841         1.8878
 71  4.181         2.9281         1.9121
 72  4.281         2.9699         1.9322
 73  4.381         3.0094         1.9493
 74  4.481         3.0476         1.9731
 75  4.581         3.0847         1.9978
 76  4.681         3.1209         2.0233
 77  4.781         3.1563         2.0500
 78  4.881         3.1912         2.0791
 79  4.981         3.2261         2.1142
 80  5.081         3.2602         2.1383
 81  5.181         3.2927         2.1502
 82  5.281         3.3244         2.1719
 83  5.381         3.3552         2.1909
 84  5.481         3.3850         2.2069
 85  5.581         3.4139         2.2221
 86  5.681         3.4420         2.2390
 87  5.781         3.4695         2.2565
 88  5.881         3.4962         2.2721
 89  5.981         3.5221         2.2847
 90  6.081         3.5473         2.2980
 91  6.181         3.5718         2.3115
 92  6.281         3.5958         2.3259
 93  6.381         3.6193         2.3408
 94  6.481         3.6422         2.3538
 95  6.581         3.6646         2.3648
 96  6.681         3.6864         2.3761
 97  6.781         3.7078         2.3905
 98  6.881         3.7291         2.4087
 99  6.981         3.7501         2.4254
100  7.081         3.7708         2.4389
101  7.181         3.7913         2.4536
102  7.281         3.8117         2.4733
103  7.381         3.8324         2.5000
104  7.481         3.8535         2.5294
105  7.581         3.8747         2.5525
106  7.681         3.8960         2.5759
107  7.781         3.9177         2.6058
108  7.881         3.9402         2.6435
109  7.981         3.9638         2.6873
110  8.081         3.9880         2.7226
111  8.181         4.0131         2.7626
112  8.281         4.0396         2.8122
113  8.381         4.0674         2.8597
114  8.481         4.0963         2.9055
115  8.581         4.1276         2.9689
116  8.681         4.1630         3.0574
117  8.781         4.1998         3.1092
118  8.881         4.2371         3.1520
119  8.981         4.2741         3.1862
120  9.081         4.3098         3.2073
121  9.181         4.3441         3.2240
122  9.281         4.3773         3.2443
123  9.381         4.4094         3.2630
124  9.481         4.4406         3.2810
125  9.581         4.4710         3.3006
126  9.681         4.5006         3.3202
127  9.781         4.5295         3.3374
128  9.881         4.5575         3.3538
129  9.981         4.5848         3.3699
130 10.081         4.6114         3.3851
131 10.181         4.6377         3.4057
132 10.281         4.6635         3.4259
133 10.381         4.6889         3.4426
134 10.481         4.7136         3.4566
135 10.581         4.7375         3.4661
136 10.681         4.7605         3.4732
137 10.781         4.7823         3.4708
138 10.881         4.8029         3.4694
139 10.981         4.8225         3.4680
140 11.081         4.8412         3.4649
141 11.181         4.8589         3.4602
142 11.281         4.8759         3.4609
143 11.381         4.8925         3.4670
144 11.481         4.9086         3.4699
145 11.581         4.9243         3.4736
146 11.681         4.9397         3.4826
147 11.781         4.9550         3.4947
148 11.881         4.9701         3.5031
149 11.981         4.9851         3.5142
150 12.081         5.0000         3.5290


#AGE=10.000 BINS=152 Power-law IMF: x=-2.350
# N  sdss_r       Log10(N)       Log10(dN)
  1 -2.847        -0.9078        -0.9078
  2 -2.747        -0.5932        -0.8811
  3 -2.647        -0.4015        -0.8488
  4 -2.547        -0.2695        -0.8512
  5 -2.447        -0.1572        -0.7995
  6 -2.347        -0.0639        -0.7776
  7 -2.247         0.0174        -0.7505
  8 -2.147         0.0882        -0.7343
  9 -2.047         0.1563        -0.6820
 10 -1.947         0.2174        -0.6643
 11 -1.847         0.2733        -0.6449
 12 -1.747         0.3270        -0.6077
 13 -1.647         0.3787        -0.5709
 14 -1.547         0.4267        -0.5534
 15 -1.447         0.4736        -0.5167
 16 -1.347         0.5181        -0.4932
 17 -1.247         0.5614        -0.4614
 18 -1.147         0.6060        -0.4041
 19 -1.047         0.6987        -0.0176
 20 -0.947         0.7409        -0.2923
 21 -0.847         0.7792        -0.2945
 22 -0.747         0.8160        -0.2739
 23 -0.647         0.8517        -0.2513
 24 -0.547         0.8875        -0.2148
 25 -0.447         0.9230        -0.1823
 26 -0.347         0.9581        -0.1508
 27 -0.247         0.9928        -0.1219
 28 -0.147         1.0273        -0.0908
 29 -0.047         1.0618        -0.0552
 30  0.053         1.0961        -0.0234
 31  0.153         1.1304         0.0118
 32  0.253         1.1648         0.0461
 33  0.353         1.1990         0.0780
 34  0.453         1.2330         0.1098
 35  0.553         1.2672         0.1470
 36  0.653         1.3012         0.1778
 37  0.753         1.3352         0.2117
 38  0.853         1.3693         0.2473
 39  0.953         1.4032         0.2791
 40  1.053         1.4373         0.3148
 41  1.153         1.4717         0.3535
 42  1.253         1.5062         0.3892
 43  1.353         1.5410         0.4270
 44  1.453         1.5768         0.4755
 45  1.553         1.6147         0.5365
 46  1.653         1.6520         0.5678
 47  1.753         1.6875         0.5829
 48  1.853         1.7216         0.5993
 49  1.953         1.7539         0.6089
 50  2.053         1.7840         0.6102
 51  2.153         1.8128         0.6192
 52  2.253         1.8411         0.6420
 53  2.353         1.8707         0.6888
 54  2.453         1.9056         0.7933
 55  2.553         1.9526         0.9639
 56  2.653         2.0001         1.0155
 57  2.753         2.0502         1.0872
 58  2.853         2.1016         1.1492
 59  2.953         2.1588         1.2506
 60  3.053         2.2195         1.3344
 61  3.153         2.2822         1.4110
 62  3.253         2.3454         1.4773
 63  3.353         2.4081         1.5367
 64  3.453         2.4698         1.5914
 65  3.553         2.5311         1.6504
 66  3.653         2.5903         1.6956
 67  3.753         2.6475         1.7390
 68  3.853         2.7008         1.7636
 69  3.953         2.7508         1.7872
 70  4.053         2.7980         1.8103
 71  4.153         2.8429         1.8351
 72  4.253         2.8858         1.8596
 73  4.353         2.9272         1.8858
 74  4.453         2.9672         1.9112
 75  4.553         3.0059         1.9367
 76  4.653         3.0438         1.9667
 77  4.753         3.0812         1.9969
 78  4.853         3.1179         2.0268
 79  4.953         3.1547         2.0641
 80  5.053         3.1905         2.0887
 81  5.153         3.2246         2.1031
 82  5.253         3.2580         2.1269
 83  5.353         3.2904         2.1470
 84  5.453         3.3218         2.1653
 85  5.553         3.3521         2.1812
 86  5.653         3.3816         2.1989
 87  5.753         3.4104         2.2173
 88  5.853         3.4384         2.2343
 89  5.953         3.4655         2.2470
 90  6.053         3.4918         2.2606
 91  6.153         3.5174         2.2756
 92  6.253         3.5424         2.2901
 93  6.353         3.5669         2.3059
 94  6.453         3.5908         2.3193
 95  6.553         3.6140         2.3305
 96  6.653         3.6367         2.3430
 97  6.753         3.6589         2.3570
 98  6.853         3.6809         2.3752
 99  6.953         3.7027         2.3927
100  7.053         3.7241         2.4053
101  7.153         3.7452         2.4202
102  7.253         3.7662         2.4403
103  7.353         3.7874         2.4660
104  7.453         3.8089         2.4938
105  7.553         3.8307         2.5208
106  7.653         3.8526         2.5429
107  7.753         3.8747         2.5702
108  7.853         3.8974         2.6056
109  7.953         3.9212         2.6481
110  8.053         3.9462         2.6929
111  8.153         3.9718         2.7295
112  8.253         3.9983         2.7709
113  8.353         4.0261         2.8193
114  8.453         4.0548         2.8600
115  8.553         4.0852         2.9149
116  8.653         4.1198         3.0046
117  8.753         4.1572         3.0736
118  8.853         4.1951         3.1174
119  8.953         4.2331         3.1554
120  9.053         4.2698         3.1785
121  9.153         4.3051         3.1975
122  9.253         4.3391         3.2168
123  9.353         4.3721         3.2354
124  9.453         4.4040         3.2542
125  9.553         4.4350         3.2739
126  9.653         4.4652         3.2926
127  9.753         4.4946         3.3103
128  9.853         4.5232         3.3277
129  9.953         4.5509         3.3418
130 10.053         4.5778         3.3562
131 10.153         4.6044         3.3774
132 10.253         4.6305         3.3964
133 10.353         4.6560         3.4131
134 10.453         4.6809         3.4259
135 10.553         4.7050         3.4373
136 10.653         4.7280         3.4418
137 10.753         4.7501         3.4456
138 10.853         4.7711         3.4451
139 10.953         4.7909         3.4387
140 11.053         4.8096         3.4342
141 11.153         4.8275         3.4348
142 11.253         4.8449         3.4374
143 11.353         4.8615         3.4370
144 11.453         4.8777         3.4410
145 11.553         4.8936         3.4495
146 11.653         4.9091         3.4539
147 11.753         4.9243         3.4604
148 11.853         4.9394         3.4734
149 11.953         4.9546         3.4909
150 12.053         4.9698         3.5054
151 12.153         4.9849         3.5195
152 12.253         5.0000         3.5338


#AGE=11.000 BINS=150 Power-law IMF: x=-2.350
# N  sdss_r       Log10(N)       Log10(dN)
  1 -2.854        -0.8983        -0.8983
  2 -2.754        -0.5835        -0.8712
  3 -2.654        -0.3914        -0.8382
  4 -2.554        -0.2508        -0.8090
  5 -2.454        -0.1400        -0.7875
  6 -2.354        -0.0456        -0.7548
  7 -2.254         0.0346        -0.7384
  8 -2.154         0.1071        -0.7058
  9 -2.054         0.1739        -0.6724
 10 -1.954         0.2344        -0.6513
 11 -1.854         0.2906        -0.6252
 12 -1.754         0.3449        -0.5851
 13 -1.654         0.3966        -0.5531
 14 -1.554         0.4457        -0.5257
 15 -1.454         0.4920        -0.5031
 16 -1.354         0.5365        -0.4751
 17 -1.254         0.5786        -0.4559
 18 -1.154         0.6199        -0.4220
 19 -1.054         0.6967        -0.0939
 20 -0.954         0.7563        -0.1354
 21 -0.854         0.7959        -0.2640
 22 -0.754         0.8334        -0.2493
 23 -0.654         0.8698        -0.2241
 24 -0.554         0.9053        -0.1999
 25 -0.454         0.9409        -0.1634
 26 -0.354         0.9761        -0.1327
 27 -0.254         1.0108        -0.1041
 28 -0.154         1.0456        -0.0673
 29 -0.054         1.0803        -0.0345
 30  0.046         1.1146        -0.0047
 31  0.146         1.1492         0.0330
 32  0.246         1.1836         0.0650
 33  0.346         1.2178         0.0970
 34  0.446         1.2522         0.1342
 35  0.546         1.2866         0.1678
 36  0.646         1.3207         0.1996
 37  0.746         1.3549         0.2336
 38  0.846         1.3891         0.2681
 39  0.946         1.4233         0.3026
 40  1.046         1.4575         0.3375
 41  1.146         1.4921         0.3754
 42  1.246         1.5268         0.4128
 43  1.346         1.5615         0.4467
 44  1.446         1.5968         0.4894
 45  1.546         1.6330         0.5352
 46  1.646         1.6715         0.6005
 47  1.746         1.7097         0.6354
 48  1.846         1.7459         0.6482
 49  1.946         1.7805         0.6656
 50  2.046         1.8133         0.6739
 51  2.146         1.8438         0.6762
 52  2.246         1.8729         0.6846
 53  2.346         1.9014         0.7033
 54  2.446         1.9303         0.7401
 55  2.546         1.9631         0.8239
 56  2.646         2.0058         0.9773
 57  2.746         2.0520         1.0564
 58  2.846         2.1001         1.1204
 59  2.946         2.1515         1.1993
 60  3.046         2.2040         1.2608
 61  3.146         2.2621         1.3593
 62  3.246         2.3223         1.4348
 63  3.346         2.3832         1.4995
 64  3.446         2.4435         1.5562
 65  3.546         2.5027         1.6081
 66  3.646         2.5612         1.6620
 67  3.746         2.6180         1.7058
 68  3.846         2.6733         1.7514
 69  3.946         2.7252         1.7770
 70  4.046         2.7742         1.8020
 71  4.146         2.8209         1.8296
 72  4.246         2.8658         1.8573
 73  4.346         2.9092         1.8876
 74  4.446         2.9512         1.9159
 75  4.546         2.9921         1.9455
 76  4.646         3.0321         1.9771
 77  4.746         3.0712         2.0056
 78  4.846         3.1097         2.0389
 79  4.946         3.1482         2.0771
 80  5.046         3.1852         2.0972
 81  5.146         3.2209         2.1177
 82  5.246         3.2558         2.1435
 83  5.346         3.2897         2.1646
 84  5.446         3.3224         2.1839
 85  5.546         3.3541         2.2012
 86  5.646         3.3849         2.2205
 87  5.746         3.4149         2.2396
 88  5.846         3.4441         2.2568
 89  5.946         3.4722         2.2696
 90  6.046         3.4995         2.2842
 91  6.146         3.5261         2.3001
 92  6.246         3.5521         2.3157
 93  6.346         3.5775         2.3315
 94  6.446         3.6022         2.3450
 95  6.546         3.6262         2.3567
 96  6.646         3.6496         2.3699
 97  6.746         3.6726         2.3845
 98  6.846         3.6953         2.4034
 99  6.946         3.7178         2.4200
100  7.046         3.7397         2.4323
101  7.146         3.7614         2.4478
102  7.246         3.7830         2.4693
103  7.346         3.8048         2.4961
104  7.446         3.8271         2.5249
105  7.546         3.8493         2.5477
106  7.646         3.8717         2.5721
107  7.746         3.8943         2.6010
108  7.846         3.9176         2.6355
109  7.946         3.9419         2.6769
110  8.046         3.9671         2.7177
111  8.146         3.9932         2.7594
112  8.246         4.0203         2.8022
113  8.346         4.0486         2.8492
114  8.446         4.0774         2.8833
115  8.546         4.1075         2.9337
116  8.646         4.1420         3.0251
117  8.746         4.1799         3.1025
118  8.846         4.2186         3.1490
119  8.946         4.2573         3.1877
120  9.046         4.2949         3.2133
121  9.146         4.3307         3.2295
122  9.246         4.3654         3.2502
123  9.346         4.3990         3.2707
124  9.446         4.4314         3.2890
125  9.546         4.4629         3.3073
126  9.646         4.4935         3.3263
127  9.746         4.5233         3.3452
128  9.846         4.5522         3.3610
129  9.946         4.5802         3.3750
130 10.046         4.6075         3.3921
131 10.146         4.6342         3.4102
132 10.246         4.6604         3.4281
133 10.346         4.6861         3.4451
134 10.446         4.7110         3.4575
135 10.546         4.7351         3.4669
136 10.646         4.7583         3.4738
137 10.746         4.7803         3.4757
138 10.846         4.8012         3.4716
139 10.946         4.8210         3.4697
140 11.046         4.8398         3.4685
141 11.146         4.8578         3.4647
142 11.246         4.8750         3.4648
143 11.346         4.8918         3.4704
144 11.446         4.9080         3.4736
145 11.546         4.9239         3.4774
146 11.646         4.9394         3.4860
147 11.746         4.9548         3.4974
148 11.846         4.9700         3.5051
149 11.946         4.9850         3.5160
150 12.046         5.0000         3.5309


#AGE=12.000 BINS=152 Power-law IMF: x=-2.350
# N  sdss_r       Log10(N)       Log10(dN)
  1 -2.910        -0.9308        -0.9308
  2 -2.810        -0.6388        -0.9492
  3 -2.710        -0.4414        -0.8787
  4 -2.610        -0.3125        -0.9028
  5 -2.510        -0.1987        -0.8361
  6 -2.410        -0.1090        -0.8383
  7 -2.310        -0.0322        -0.8225
  8 -2.210         0.0411        -0.7676
  9 -2.110         0.1078        -0.7390
 10 -2.010         0.1689        -0.7128
 11 -1.910         0.2253        -0.6892
 12 -1.810         0.2795        -0.6510
 13 -1.710         0.3298        -0.6316
 14 -1.610         0.3796        -0.5850
 15 -1.510         0.4270        -0.5583
 16 -1.410         0.4719        -0.5363
 17 -1.310         0.5149        -0.5107
 18 -1.210         0.5565        -0.4829
 19 -1.110         0.5973        -0.4505
 20 -1.010         0.6590        -0.2186
 21 -0.910         0.7284        -0.1023
 22 -0.810         0.7673        -0.3003
 23 -0.710         0.8044        -0.2826
 24 -0.610         0.8400        -0.2634
 25 -0.510         0.8757        -0.2268
 26 -0.410         0.9110        -0.1974
 27 -0.310         0.9454        -0.1719
 28 -0.210         0.9803        -0.1332
 29 -0.110         1.0148        -0.1016
 30 -0.010         1.0490        -0.0724
 31  0.090         1.0833        -0.0355
 32  0.190         1.1176        -0.0022
 33  0.290         1.1518         0.0312
 34  0.390         1.1861         0.0666
 35  0.490         1.2205         0.1017
 36  0.590         1.2547         0.1340
 37  0.690         1.2886         0.1650
 38  0.790         1.3228         0.2021
 39  0.890         1.3572         0.2379
 40  0.990         1.3914         0.2708
 41  1.090         1.4258         0.3074
 42  1.190         1.4604         0.3444
 43  1.290         1.4952         0.3826
 44  1.390         1.5300         0.4160
 45  1.490         1.5655         0.4600
 46  1.590         1.6015         0.5020
 47  1.690         1.6391         0.5584
 48  1.790         1.6789         0.6216
 49  1.890         1.7161         0.6303
 50  1.990         1.7519         0.6502
 51  2.090         1.7859         0.6619
 52  2.190         1.8174         0.6625
 53  2.290         1.8473         0.6709
 54  2.390         1.8761         0.6833
 55  2.490         1.9047         0.7092
 56  2.590         1.9346         0.7580
 57  2.690         1.9698         0.8611
 58  2.790         2.0128         0.9863
 59  2.890         2.0572         1.0452
 60  2.990         2.1052         1.1252
 61  3.090         2.1567         1.2049
 62  3.190         2.2103         1.2750
 63  3.290         2.2664         1.3499
 64  3.390         2.3255         1.4306
 65  3.490         2.3849         1.4914
 66  3.590         2.4436         1.5451
 67  3.690         2.5013         1.5964
 68  3.790         2.5585         1.6494
 69  3.890         2.6144         1.6964
 70  3.990         2.6683         1.7359
 71  4.090         2.7194         1.7649
 72  4.190         2.7683         1.7949
 73  4.290         2.8151         1.8251
 74  4.390         2.8604         1.8562
 75  4.490         2.9041         1.8852
 76  4.590         2.9466         1.9153
 77  4.690         2.9879         1.9457
 78  4.790         3.0285         1.9797
 79  4.890         3.0690         2.0185
 80  4.990         3.1082         2.0440
 81  5.090         3.1458         2.0648
 82  5.190         3.1827         2.0930
 83  5.290         3.2185         2.1170
 84  5.390         3.2532         2.1387
 85  5.490         3.2868         2.1590
 86  5.590         3.3194         2.1782
 87  5.690         3.3511         2.1985
 88  5.790         3.3819         2.2176
 89  5.890         3.4116         2.2320
 90  5.990         3.4403         2.2468
 91  6.090         3.4683         2.2629
 92  6.190         3.4956         2.2797
 93  6.290         3.5221         2.2957
 94  6.390         3.5480         2.3106
 95  6.490         3.5731         2.3227
 96  6.590         3.5976         2.3367
 97  6.690         3.6216         2.3508
 98  6.790         3.6451         2.3678
 99  6.890         3.6685         2.3872
100  6.990         3.6912         2.3991
101  7.090         3.7135         2.4136
102  7.190         3.7357         2.4332
103  7.290         3.7580         2.4568
104  7.390         3.7807         2.4875
105  7.490         3.8035         2.5126
106  7.590         3.8263         2.5353
107  7.690         3.8493         2.5616
108  7.790         3.8728         2.5938
109  7.890         3.8971         2.6325
110  7.990         3.9225         2.6771
111  8.090         3.9484         2.7111
112  8.190         3.9752         2.7532
113  8.290         4.0036         2.8038
114  8.390         4.0324         2.8403
115  8.490         4.0616         2.8749
116  8.590         4.0932         2.9386
117  8.690         4.1303         3.0441
118  8.790         4.1692         3.1023
119  8.890         4.2088         3.1486
120  8.990         4.2477         3.1811
121  9.090         4.2851         3.2008
122  9.190         4.3210         3.2207
123  9.290         4.3556         3.2404
124  9.390         4.3891         3.2597
125  9.490         4.4216         3.2789
126  9.590         4.4531         3.2984
127  9.690         4.4837         3.3166
128  9.790         4.5134         3.3329
129  9.890         4.5422         3.3492
130  9.990         4.5701         3.3650
131 10.090         4.5973         3.3802
132 10.190         4.6240         3.3991
133 10.290         4.6501         3.4166
134 10.390         4.6755         3.4299
135 10.490         4.7001         3.4400
136 10.590         4.7237         3.4482
137 10.690         4.7463         3.4507
138 10.790         4.7678         3.4526
139 10.890         4.7882         3.4496
140 10.990         4.8074         3.4434
141 11.090         4.8257         3.4418
142 11.190         4.8434         3.4446
143 11.290         4.8604         3.4444
144 11.390         4.8769         3.4475
145 11.490         4.8930         3.4552
146 11.590         4.9087         3.4595
147 11.690         4.9241         3.4656
148 11.790         4.9394         3.4774
149 11.890         4.9546         3.4930
150 11.990         4.9698         3.5055
151 12.090         4.9849         3.5187
152 12.190         5.0000         3.5331


#AGE=13.000 BINS=153 Power-law IMF: x=-2.350
# N  sdss_r       Log10(N)       Log10(dN)
  1 -2.876        -1.1120        -1.1120
  2 -2.776        -0.7213        -0.9481
  3 -2.676        -0.5214        -0.9545
  4 -2.576        -0.3841        -0.9509
  5 -2.476        -0.2625        -0.8749
  6 -2.376        -0.1691        -0.8824
  7 -2.276        -0.0880        -0.8565
  8 -2.176        -0.0113        -0.8022
  9 -2.076         0.0562        -0.7854
 10 -1.976         0.1171        -0.7664
 11 -1.876         0.1777        -0.7078
 12 -1.776         0.2309        -0.7070
 13 -1.676         0.2821        -0.6716
 14 -1.576         0.3311        -0.6407
 15 -1.476         0.3779        -0.6132
 16 -1.376         0.4409        -0.4289
 17 -1.276         0.4839        -0.5412
 18 -1.176         0.5242        -0.5280
 19 -1.076         0.5647        -0.4859
 20 -0.976         0.6220        -0.2862
 21 -0.876         0.6906        -0.1444
 22 -0.776         0.7301        -0.3308
 23 -0.676         0.7664        -0.3294
 24 -0.576         0.8024        -0.2969
 25 -0.476         0.8374        -0.2745
 26 -0.376         0.8720        -0.2432
 27 -0.276         0.9064        -0.2124
 28 -0.176         0.9411        -0.1730
 29 -0.076         0.9752        -0.1468
 30  0.024         1.0093        -0.1125
 31  0.124         1.0435        -0.0779
 32  0.224         1.0778        -0.0409
 33  0.324         1.1119        -0.0110
 34  0.424         1.1460         0.0249
 35  0.524         1.1802         0.0587
 36  0.624         1.2144         0.0935
 37  0.724         1.2487         0.1292
 38  0.824         1.2828         0.1617
 39  0.924         1.3171         0.1971
 40  1.024         1.3515         0.2334
 41  1.124         1.3861         0.2699
 42  1.224         1.4207         0.3050
 43  1.324         1.4557         0.3441
 44  1.424         1.4909         0.3826
 45  1.524         1.5264         0.4211
 46  1.624         1.5625         0.4642
 47  1.724         1.5997         0.5144
 48  1.824         1.6397         0.5841
 49  1.924         1.6787         0.6123
 50  2.024         1.7156         0.6265
 51  2.124         1.7509         0.6431
 52  2.224         1.7837         0.6457
 53  2.324         1.8145         0.6505
 54  2.424         1.8441         0.6617
 55  2.524         1.8729         0.6809
 56  2.624         1.9021         0.7150
 57  2.724         1.9334         0.7756
 58  2.824         1.9709         0.8882
 59  2.924         2.0136         0.9853
 60  3.024         2.0581         1.0466
 61  3.124         2.1069         1.1339
 62  3.224         2.1592         1.2136
 63  3.324         2.2147         1.2940
 64  3.424         2.2708         1.3541
 65  3.524         2.3286         1.4244
 66  3.624         2.3872         1.4883
 67  3.724         2.4451         1.5416
 68  3.824         2.5027         1.5969
 69  3.924         2.5595         1.6476
 70  4.024         2.6159         1.7016
 71  4.124         2.6694         1.7337
 72  4.224         2.7201         1.7622
 73  4.324         2.7684         1.7903
 74  4.424         2.8148         1.8206
 75  4.524         2.8596         1.8514
 76  4.624         2.9032         1.8831
 77  4.724         2.9459         1.9174
 78  4.824         2.9883         1.9566
 79  4.924         3.0295         1.9867
 80  5.024         3.0692         2.0095
 81  5.124         3.1077         2.0368
 82  5.224         3.1454         2.0651
 83  5.324         3.1821         2.0903
 84  5.424         3.2176         2.1125
 85  5.524         3.2520         2.1338
 86  5.624         3.2854         2.1553
 87  5.724         3.3179         2.1759
 88  5.824         3.3493         2.1930
 89  5.924         3.3796         2.2081
 90  6.024         3.4090         2.2247
 91  6.124         3.4376         2.2417
 92  6.224         3.4654         2.2587
 93  6.324         3.4926         2.2746
 94  6.424         3.5189         2.2886
 95  6.524         3.5445         2.3022
 96  6.624         3.5695         2.3165
 97  6.724         3.5939         2.3319
 98  6.824         3.6180         2.3512
 99  6.924         3.6417         2.3666
100  7.024         3.6648         2.3792
101  7.124         3.6876         2.3968
102  7.224         3.7104         2.4186
103  7.324         3.7334         2.4453
104  7.424         3.7567         2.4744
105  7.524         3.7800         2.4983
106  7.624         3.8033         2.5215
107  7.724         3.8269         2.5505
108  7.824         3.8512         2.5862
109  7.924         3.8763         2.6262
110  8.024         3.9024         2.6675
111  8.124         3.9290         2.7037
112  8.224         3.9568         2.7484
113  8.324         3.9861         2.8006
114  8.424         4.0147         2.8199
115  8.524         4.0444         2.8646
116  8.624         4.0780         2.9492
117  8.724         4.1166         3.0470
118  8.824         4.1565         3.0993
119  8.924         4.1966         3.1425
120  9.024         4.2358         3.1712
121  9.124         4.2730         3.1881
122  9.224         4.3090         3.2091
123  9.324         4.3437         3.2298
124  9.424         4.3773         3.2489
125  9.524         4.4098         3.2677
126  9.624         4.4413         3.2863
127  9.724         4.4720         3.3053
128  9.824         4.5017         3.3221
129  9.924         4.5304         3.3359
130 10.024         4.5582         3.3507
131 10.124         4.5855         3.3702
132 10.224         4.6122         3.3876
133 10.324         4.6381         3.4021
134 10.424         4.6633         3.4135
135 10.524         4.6876         3.4230
136 10.624         4.7108         3.4282
137 10.724         4.7331         3.4314
138 10.824         4.7540         3.4272
139 10.924         4.7739         3.4245
140 11.024         4.7928         3.4229
141 11.124         4.8109         3.4195
142 11.224         4.8282         3.4208
143 11.324         4.8451         3.4263
144 11.424         4.8614         3.4286
145 11.524         4.8774         3.4342
146 11.624         4.8931         3.4437
147 11.724         4.9084         3.4491
148 11.824         4.9235         3.4574
149 11.924         4.9386         3.4725
150 12.024         4.9539         3.4929
151 12.124         4.9693         3.5105
152 12.224         4.9847         3.5261
153 12.324         5.0000         3.5402
