#NUMBER OF AGES=15
#----------------------------------------------------       
#MIX-LEN  Y      Z          Zeff        [Fe/H] [a/Fe]       
# 1.9380  0.3210 4.6890E-02 4.6890E-02   0.50   0.00        
#----------------------------------------------------       
#**PHOTOMETRIC SYSTEM**: SDSS (AB)                          
#----------------------------------------------------       
#AGE= 0.010 BINS=139 Power-law IMF: x=-2.350
# N  sdss_r       Log10(N)       Log10(dN)
  1 -2.142         1.1912         1.1912
  2 -2.042         1.3618         0.8734
  3 -1.942         1.3722        -0.2505
  4 -1.842         1.3833        -0.2179
  5 -1.742         1.3955        -0.1614
  6 -1.642         1.4057        -0.2263
  7 -1.542         1.4216        -0.0231
  8 -1.442         1.4396         0.0472
  9 -1.342         1.4547        -0.0108
 10 -1.242         1.4684        -0.0385
 11 -1.142         1.5108         0.4788
 12 -1.042         1.5338         0.2464
 13 -0.942         1.5462        -0.0028
 14 -0.842         1.5501        -0.5069
 15 -0.742         1.5591        -0.1279
 16 -0.642         1.5554        -0.1279
 17 -0.542         1.5488        -0.1279
 18 -0.442         1.7127         1.2102
 19 -0.342         2.0572         1.7956
 20 -0.242         2.3525         2.0457
 21 -0.142         2.5541         2.1239
 22 -0.042         2.6918         2.1260
 23  0.058         2.7854         2.0727
 24  0.158         2.8593         2.0541
 25  0.258         2.9240         2.0652
 26  0.358         2.9837         2.0926
 27  0.458         3.0404         2.1279
 28  0.558         3.0934         2.1539
 29  0.658         3.1414         2.1608
 30  0.758         3.1853         2.1683
 31  0.858         3.2294         2.2141
 32  0.958         3.2749         2.2725
 33  1.058         3.3150         2.2606
 34  1.158         3.3530         2.2760
 35  1.258         3.3889         2.2882
 36  1.358         3.4239         2.3137
 37  1.458         3.4626         2.3933
 38  1.558         3.4950         2.3517
 39  1.658         3.5264         2.3688
 40  1.758         3.5571         2.3914
 41  1.858         3.5873         2.4146
 42  1.958         3.6175         2.4451
 43  2.058         3.6473         2.4694
 44  2.158         3.6757         2.4764
 45  2.258         3.7028         2.4849
 46  2.358         3.7292         2.4989
 47  2.458         3.7517         2.4565
 48  2.558         3.7700         2.3835
 49  2.658         3.7880         2.3963
 50  2.758         3.8057         2.4085
 51  2.858         3.8232         2.4204
 52  2.958         3.8433         2.4969
 53  3.058         3.8612         2.4688
 54  3.158         3.8762         2.4072
 55  3.258         3.8902         2.3914
 56  3.358         3.9033         2.3750
 57  3.458         3.9156         2.3612
 58  3.558         3.9272         2.3506
 59  3.658         3.9384         2.3437
 60  3.758         3.9493         2.3411
 61  3.858         3.9599         2.3435
 62  3.958         3.9703         2.3459
 63  4.058         3.9803         2.3361
 64  4.158         3.9902         2.3428
 65  4.258         4.0006         2.3736
 66  4.358         4.0121         2.4310
 67  4.458         4.0239         2.4525
 68  4.558         4.0343         2.4055
 69  4.658         4.0441         2.3950
 70  4.758         4.0542         2.4152
 71  4.858         4.0651         2.4611
 72  4.958         4.0773         2.5189
 73  5.058         4.0892         2.5189
 74  5.158         4.1016         2.5528
 75  5.258         4.1093         2.3533
 76  5.358         4.1153         2.2517
 77  5.458         4.1213         2.2601
 78  5.558         4.1274         2.2686
 79  5.658         4.1334         2.2773
 80  5.758         4.1396         2.2861
 81  5.858         4.1457         2.2952
 82  5.958         4.1520         2.3044
 83  6.058         4.1582         2.3138
 84  6.158         4.1645         2.3234
 85  6.258         4.1709         2.3332
 86  6.358         4.1773         2.3432
 87  6.458         4.1838         2.3533
 88  6.558         4.1903         2.3637
 89  6.658         4.1969         2.3742
 90  6.758         4.2035         2.3849
 91  6.858         4.2102         2.3958
 92  6.958         4.2170         2.4070
 93  7.058         4.2238         2.4183
 94  7.158         4.2308         2.4298
 95  7.258         4.2378         2.4415
 96  7.358         4.2448         2.4534
 97  7.458         4.2520         2.4655
 98  7.558         4.2592         2.4778
 99  7.658         4.2666         2.4903
100  7.758         4.2740         2.5030
101  7.858         4.2815         2.5160
102  7.958         4.2994         2.9043
103  8.058         4.3094         2.6690
104  8.158         4.3154         2.4529
105  8.258         4.3212         2.4416
106  8.358         4.3280         2.5170
107  8.458         4.3363         2.6152
108  8.558         4.3453         2.6566
109  8.658         4.3532         2.6129
110  8.758         4.3656         2.8129
111  8.858         4.3970         3.2404
112  8.958         4.4252         3.2237
113  9.058         4.4471         3.1386
114  9.158         4.4803         3.3482
115  9.258         4.5123         3.3631
116  9.358         4.5427         3.3724
117  9.458         4.5713         3.3757
118  9.558         4.5979         3.3720
119  9.658         4.6222         3.3578
120  9.758         4.6443         3.3399
121  9.858         4.6645         3.3219
122  9.958         4.6829         3.3018
123 10.058         4.7000         3.2854
124 10.158         4.7162         3.2817
125 10.258         4.7324         3.2961
126 10.358         4.7494         3.3337
127 10.458         4.7686         3.4025
128 10.558         4.7979         3.6137
129 10.658         4.8180         3.4714
130 10.758         4.8363         3.4528
131 10.858         4.8546         3.4705
132 10.958         4.8729         3.4881
133 11.058         4.8911         3.5056
134 11.158         4.9094         3.5231
135 11.258         4.9276         3.5406
136 11.358         4.9457         3.5580
137 11.458         4.9638         3.5753
138 11.558         4.9819         3.5927
139 11.658         5.0000         3.6099


#AGE= 0.100 BINS=139 Power-law IMF: x=-2.350
# N  sdss_r       Log10(N)       Log10(dN)
  1 -1.996         1.1965         1.1965
  2 -1.896         1.2951         0.6029
  3 -1.796         1.3072        -0.2541
  4 -1.696         1.3206        -0.1995
  5 -1.596         1.3342        -0.1767
  6 -1.496         1.3458        -0.2320
  7 -1.396         1.3568        -0.2463
  8 -1.296         1.3827         0.1451
  9 -1.196         1.4045         0.0952
 10 -1.096         1.4218         0.0143
 11 -0.996         1.4636         0.4264
 12 -0.896         1.4942         0.3264
 13 -0.796         1.5090         0.0335
 14 -0.696         1.5140        -0.4252
 15 -0.596         1.5236        -0.1370
 16 -0.496         1.5192        -0.1370
 17 -0.396         1.5112        -0.1370
 18 -0.296         1.7411         1.3549
 19 -0.196         1.9897         1.6291
 20 -0.096         2.2392         1.8796
 21  0.004         2.4249         1.9664
 22  0.104         2.5502         1.9492
 23  0.204         2.6372         1.8959
 24  0.304         2.7209         1.9649
 25  0.404         2.8126         2.0921
 26  0.504         2.8916         2.1126
 27  0.604         2.9629         2.1432
 28  0.704         3.0261         2.1578
 29  0.804         3.0815         2.1595
 30  0.904         3.1317         2.1700
 31  1.004         3.1800         2.2026
 32  1.104         3.2229         2.1962
 33  1.204         3.2677         2.2584
 34  1.304         3.3094         2.2715
 35  1.404         3.3479         2.2769
 36  1.504         3.3855         2.3037
 37  1.604         3.4249         2.3627
 38  1.704         3.4590         2.3370
 39  1.804         3.4916         2.3511
 40  1.904         3.5236         2.3746
 41  2.004         3.5553         2.4030
 42  2.104         3.5870         2.4347
 43  2.204         3.6177         2.4527
 44  2.304         3.6471         2.4622
 45  2.404         3.6755         2.4776
 46  2.504         3.7030         2.4907
 47  2.604         3.7222         2.3582
 48  2.704         3.7412         2.3727
 49  2.804         3.7600         2.3867
 50  2.904         3.7786         2.3999
 51  3.004         3.7969         2.4125
 52  3.104         3.8179         2.4918
 53  3.204         3.8361         2.4494
 54  3.304         3.8525         2.4222
 55  3.404         3.8682         2.4198
 56  3.504         3.8830         2.4056
 57  3.604         3.8967         2.3888
 58  3.704         3.9095         2.3752
 59  3.804         3.9218         2.3656
 60  3.904         3.9335         2.3606
 61  4.004         3.9450         2.3604
 62  4.104         3.9559         2.3501
 63  4.204         3.9664         2.3464
 64  4.304         3.9771         2.3635
 65  4.404         3.9886         2.4049
 66  4.504         4.0005         2.4318
 67  4.604         4.0110         2.3913
 68  4.704         4.0209         2.3737
 69  4.804         4.0309         2.3859
 70  4.904         4.0415         2.4230
 71  5.004         4.0531         2.4756
 72  5.104         4.0648         2.4881
 73  5.204         4.0766         2.5066
 74  5.304         4.0861         2.4191
 75  5.404         4.0922         2.2356
 76  5.504         4.0983         2.2440
 77  5.604         4.1044         2.2525
 78  5.704         4.1106         2.2612
 79  5.804         4.1168         2.2701
 80  5.904         4.1231         2.2792
 81  6.004         4.1294         2.2886
 82  6.104         4.1358         2.2981
 83  6.204         4.1422         2.3078
 84  6.304         4.1486         2.3178
 85  6.404         4.1552         2.3280
 86  6.504         4.1617         2.3383
 87  6.604         4.1684         2.3489
 88  6.704         4.1751         2.3597
 89  6.804         4.1818         2.3707
 90  6.904         4.1887         2.3820
 91  7.004         4.1956         2.3934
 92  7.104         4.2025         2.4051
 93  7.204         4.2096         2.4170
 94  7.304         4.2167         2.4292
 95  7.404         4.2240         2.4415
 96  7.504         4.2313         2.4541
 97  7.604         4.2387         2.4669
 98  7.704         4.2462         2.4799
 99  7.804         4.2538         2.4932
100  7.904         4.2615         2.5067
101  8.004         4.2736         2.7132
102  8.104         4.2890         2.8294
103  8.204         4.2965         2.5344
104  8.304         4.3027         2.4536
105  8.404         4.3092         2.4827
106  8.504         4.3172         2.5747
107  8.604         4.3262         2.6378
108  8.704         4.3356         2.6681
109  8.804         4.3441         2.6319
110  8.904         4.3529         2.6560
111  9.004         4.3618         2.6655
112  9.104         4.3827         3.0561
113  9.204         4.4166         3.2922
114  9.304         4.4535         3.3638
115  9.404         4.4889         3.3828
116  9.504         4.5225         3.3944
117  9.604         4.5540         3.3983
118  9.704         4.5830         3.3934
119  9.804         4.6091         3.3757
120  9.904         4.6324         3.3497
121 10.004         4.6532         3.3225
122 10.104         4.6718         3.2954
123 10.204         4.6891         3.2805
124 10.304         4.7059         3.2853
125 10.404         4.7233         3.3172
126 10.504         4.7427         3.3821
127 10.604         4.7717         3.5824
128 10.704         4.7925         3.4625
129 10.804         4.8115         3.4434
130 10.904         4.8305         3.4617
131 11.004         4.8495         3.4801
132 11.104         4.8684         3.4983
133 11.204         4.8873         3.5166
134 11.304         4.9062         3.5347
135 11.404         4.9250         3.5528
136 11.504         4.9438         3.5709
137 11.604         4.9626         3.5889
138 11.704         4.9813         3.6068
139 11.804         5.0000         3.6247


#AGE= 1.000 BINS=140 Power-law IMF: x=-2.350
# N  sdss_r       Log10(N)       Log10(dN)
  1 -0.633         0.0315         0.0315
  2 -0.533         0.2511        -0.1504
  3 -0.433         0.3740        -0.2342
  4 -0.333         0.4658        -0.2541
  5 -0.233         0.5410        -0.2579
  6 -0.133         0.6045        -0.2618
  7 -0.033         0.6597        -0.2636
  8  0.067         0.7081        -0.2683
  9  0.167         0.7515        -0.2705
 10  0.267         0.7908        -0.2724
 11  0.367         0.8268        -0.2728
 12  0.467         0.8599        -0.2737
 13  0.567         0.8903        -0.2799
 14  0.667         1.1127         0.7157
 15  0.767         1.2369         0.6324
 16  0.867         1.3385         0.6579
 17  0.967         1.5239         1.0647
 18  1.067         1.8229         1.5198
 19  1.167         2.0896         1.7512
 20  1.267         2.2700         1.8014
 21  1.367         2.3991         1.8093
 22  1.467         2.4996         1.8149
 23  1.567         2.5794         1.8042
 24  1.667         2.6487         1.8178
 25  1.767         2.7115         1.8405
 26  1.867         2.7694         1.8652
 27  1.967         2.8226         1.8849
 28  2.067         2.8714         1.8980
 29  2.167         2.9168         1.9130
 30  2.267         2.9593         1.9292
 31  2.367         2.9996         1.9470
 32  2.467         3.0376         1.9609
 33  2.567         3.0734         1.9716
 34  2.667         3.1061         1.9662
 35  2.767         3.1372         1.9766
 36  2.867         3.1694         2.0235
 37  2.967         3.2008         2.0450
 38  3.067         3.2297         2.0378
 39  3.167         3.2569         2.0405
 40  3.267         3.2833         2.0533
 41  3.367         3.3085         2.0609
 42  3.467         3.3326         2.0636
 43  3.567         3.3557         2.0701
 44  3.667         3.3780         2.0776
 45  3.767         3.3996         2.0864
 46  3.867         3.4206         2.0949
 47  3.967         3.4411         2.1039
 48  4.067         3.4611         2.1153
 49  4.167         3.4807         2.1257
 50  4.267         3.4998         2.1331
 51  4.367         3.5183         2.1375
 52  4.467         3.5360         2.1387
 53  4.567         3.5532         2.1412
 54  4.667         3.5699         2.1464
 55  4.767         3.5863         2.1553
 56  4.867         3.6028         2.1734
 57  4.967         3.6193         2.1915
 58  5.067         3.6351         2.1886
 59  5.167         3.6504         2.1901
 60  5.267         3.6655         2.1982
 61  5.367         3.6803         2.2045
 62  5.467         3.6948         2.2114
 63  5.567         3.7090         2.2172
 64  5.667         3.7229         2.2214
 65  5.767         3.7365         2.2263
 66  5.867         3.7499         2.2302
 67  5.967         3.7629         2.2330
 68  6.067         3.7755         2.2345
 69  6.167         3.7879         2.2364
 70  6.267         3.7996         2.2238
 71  6.367         3.8104         2.2009
 72  6.467         3.8206         2.1842
 73  6.567         3.8303         2.1747
 74  6.667         3.8397         2.1724
 75  6.767         3.8491         2.1772
 76  6.867         3.8585         2.1886
 77  6.967         3.8679         2.2023
 78  7.067         3.8771         2.1986
 79  7.167         3.8860         2.1930
 80  7.267         3.8947         2.1890
 81  7.367         3.9031         2.1866
 82  7.467         3.9114         2.1863
 83  7.567         3.9195         2.1882
 84  7.667         3.9276         2.1925
 85  7.767         3.9356         2.1995
 86  7.867         3.9437         2.2092
 87  7.967         3.9518         2.2219
 88  8.067         3.9602         2.2375
 89  8.167         3.9687         2.2562
 90  8.267         3.9774         2.2779
 91  8.367         3.9865         2.3026
 92  8.467         3.9960         2.3302
 93  8.567         4.0059         2.3606
 94  8.667         4.0164         2.3937
 95  8.767         4.0273         2.4219
 96  8.867         4.0388         2.4544
 97  8.967         4.0511         2.4963
 98  9.067         4.0631         2.5011
 99  9.167         4.0750         2.5042
100  9.267         4.0862         2.4935
101  9.367         4.0976         2.5124
102  9.467         4.1100         2.5575
103  9.567         4.1231         2.5972
104  9.667         4.1372         2.6418
105  9.767         4.1519         2.6746
106  9.867         4.1673         2.7089
107  9.967         4.1834         2.7438
108 10.067         4.2002         2.7787
109 10.167         4.2175         2.8109
110 10.267         4.2355         2.8433
111 10.367         4.2541         2.8762
112 10.467         4.2733         2.9094
113 10.567         4.2929         2.9379
114 10.667         4.3134         2.9776
115 10.767         4.3357         3.0344
116 10.867         4.3601         3.0970
117 10.967         4.3853         3.1365
118 11.067         4.4099         3.1519
119 11.167         4.4335         3.1567
120 11.267         4.4569         3.1763
121 11.367         4.4810         3.2140
122 11.467         4.5063         3.2579
123 11.567         4.5332         3.3124
124 11.667         4.5613         3.3580
125 11.767         4.5897         3.3912
126 11.867         4.6175         3.4107
127 11.967         4.6448         3.4285
128 12.067         4.6718         3.4527
129 12.167         4.6987         3.4777
130 12.267         4.7256         3.5037
131 12.367         4.7525         3.5307
132 12.467         4.7794         3.5588
133 12.567         4.8065         3.5880
134 12.667         4.8338         3.6184
135 12.767         4.8613         3.6494
136 12.867         4.8890         3.6797
137 12.967         4.9168         3.7090
138 13.067         4.9446         3.7372
139 13.167         4.9724         3.7642
140 13.267         5.0000         3.7900


#AGE= 2.000 BINS=143 Power-law IMF: x=-2.350
# N  sdss_r       Log10(N)       Log10(dN)
  1 -0.510         0.2971         0.2971
  2 -0.410         0.5366         0.1638
  3 -0.310         0.6738         0.1065
  4 -0.210         0.7652         0.0439
  5 -0.110         0.8363         0.0148
  6 -0.010         0.8979         0.0198
  7  0.090         0.9533         0.0312
  8  0.190         1.0030         0.0373
  9  0.290         1.1238         0.5089
 10  0.390         1.2112         0.4722
 11  0.490         1.3073         0.6049
 12  0.590         1.3503         0.3245
 13  0.690         1.3697         0.0099
 14  0.790         1.3879         0.0015
 15  0.890         1.4053        -0.0003
 16  0.990         1.4218        -0.0055
 17  1.090         1.4377        -0.0080
 18  1.190         1.4529        -0.0108
 19  1.290         1.4674        -0.0160
 20  1.390         1.4813        -0.0216
 21  1.490         1.4945        -0.0288
 22  1.590         1.5071        -0.0370
 23  1.690         1.5204        -0.0001
 24  1.790         1.6476         1.0524
 25  1.890         1.7008         0.7625
 26  1.990         1.7538         0.8143
 27  2.090         1.8525         1.1603
 28  2.190         2.0515         1.6169
 29  2.290         2.2660         1.8569
 30  2.390         2.4177         1.8872
 31  2.490         2.5233         1.8572
 32  2.590         2.6060         1.8451
 33  2.690         2.6791         1.8694
 34  2.790         2.7456         1.8981
 35  2.890         2.8026         1.8920
 36  2.990         2.8528         1.8908
 37  3.090         2.8995         1.9083
 38  3.190         2.9439         1.9311
 39  3.290         2.9835         1.9239
 40  3.390         3.0202         1.9294
 41  3.490         3.0548         1.9391
 42  3.590         3.0874         1.9459
 43  3.690         3.1181         1.9518
 44  3.790         3.1472         1.9587
 45  3.890         3.1749         1.9666
 46  3.990         3.2015         1.9756
 47  4.090         3.2272         1.9858
 48  4.190         3.2520         1.9976
 49  4.290         3.2761         2.0078
 50  4.390         3.2991         2.0123
 51  4.490         3.3210         2.0108
 52  4.590         3.3418         2.0118
 53  4.690         3.3620         2.0213
 54  4.790         3.3822         2.0395
 55  4.890         3.4022         2.0538
 56  4.990         3.4210         2.0485
 57  5.090         3.4392         2.0528
 58  5.190         3.4571         2.0631
 59  5.290         3.4746         2.0706
 60  5.390         3.4917         2.0778
 61  5.490         3.5083         2.0842
 62  5.590         3.5246         2.0890
 63  5.690         3.5404         2.0954
 64  5.790         3.5559         2.0996
 65  5.890         3.5709         2.1030
 66  5.990         3.5856         2.1061
 67  6.090         3.5998         2.1080
 68  6.190         3.6136         2.1095
 69  6.290         3.6270         2.1083
 70  6.390         3.6396         2.0958
 71  6.490         3.6513         2.0780
 72  6.590         3.6625         2.0662
 73  6.690         3.6732         2.0607
 74  6.790         3.6837         2.0614
 75  6.890         3.6941         2.0683
 76  6.990         3.7045         2.0778
 77  7.090         3.7145         2.0708
 78  7.190         3.7240         2.0618
 79  7.290         3.7332         2.0546
 80  7.390         3.7421         2.0498
 81  7.490         3.7508         2.0477
 82  7.590         3.7594         2.0486
 83  7.690         3.7678         2.0527
 84  7.790         3.7762         2.0605
 85  7.890         3.7847         2.0719
 86  7.990         3.7934         2.0872
 87  8.090         3.8022         2.1063
 88  8.190         3.8113         2.1293
 89  8.290         3.8208         2.1560
 90  8.390         3.8308         2.1863
 91  8.490         3.8413         2.2200
 92  8.590         3.8524         2.2561
 93  8.690         3.8640         2.2834
 94  8.790         3.8760         2.3111
 95  8.890         3.8885         2.3411
 96  8.990         3.9014         2.3682
 97  9.090         3.9143         2.3798
 98  9.190         3.9263         2.3629
 99  9.290         3.9384         2.3757
100  9.390         3.9509         2.4041
101  9.490         3.9640         2.4392
102  9.590         3.9785         2.4949
103  9.690         3.9938         2.5315
104  9.790         4.0097         2.5644
105  9.890         4.0262         2.5993
106  9.990         4.0435         2.6340
107 10.090         4.0614         2.6679
108 10.190         4.0800         2.7018
109 10.290         4.0991         2.7334
110 10.390         4.1188         2.7664
111 10.490         4.1393         2.8018
112 10.590         4.1605         2.8402
113 10.690         4.1826         2.8783
114 10.790         4.2054         2.9140
115 10.890         4.2289         2.9507
116 10.990         4.2531         2.9866
117 11.090         4.2769         3.0042
118 11.190         4.3020         3.0510
119 11.290         4.3353         3.2027
120 11.390         4.3595         3.0943
121 11.490         4.3851         3.1426
122 11.590         4.4123         3.1964
123 11.690         4.4399         3.2292
124 11.790         4.4679         3.2623
125 11.890         4.4961         3.2948
126 11.990         4.5242         3.3216
127 12.090         4.5519         3.3424
128 12.190         4.5791         3.3618
129 12.290         4.6059         3.3835
130 12.390         4.6326         3.4077
131 12.490         4.6593         3.4345
132 12.590         4.6861         3.4641
133 12.690         4.7133         3.4965
134 12.790         4.7409         3.5299
135 12.890         4.7686         3.5605
136 12.990         4.7966         3.5915
137 13.090         4.8248         3.6232
138 13.190         4.8533         3.6556
139 13.290         4.8820         3.6887
140 13.390         4.9112         3.7244
141 13.490         4.9408         3.7591
142 13.590         4.9705         3.7903
143 13.690         5.0000         3.8178


#AGE= 3.000 BINS=140 Power-law IMF: x=-2.350
# N  sdss_r       Log10(N)       Log10(dN)
  1 -0.304         0.3552         0.3552
  2 -0.204         0.5560         0.1243
  3 -0.104         0.6753         0.0561
  4 -0.004         0.7641         0.0311
  5  0.096         0.8383         0.0342
  6  0.196         0.9035         0.0475
  7  0.296         0.9619         0.0622
  8  0.396         1.0158         0.0827
  9  0.496         1.0661         0.1049
 10  0.596         1.1128         0.1215
 11  0.696         1.1569         0.1419
 12  0.796         1.2690         0.6260
 13  0.896         1.4017         0.8220
 14  0.996         1.4449         0.4213
 15  1.096         1.4717         0.2490
 16  1.196         1.4971         0.2509
 17  1.296         1.5214         0.2574
 18  1.396         1.5447         0.2630
 19  1.496         1.5670         0.2659
 20  1.596         1.5885         0.2719
 21  1.696         1.6091         0.2748
 22  1.796         1.6287         0.2743
 23  1.896         1.6475         0.2745
 24  1.996         1.6655         0.2751
 25  2.096         1.6828         0.2736
 26  2.196         1.6994         0.2740
 27  2.296         1.7808         1.0134
 28  2.396         1.8988         1.2751
 29  2.496         1.9481         0.9791
 30  2.596         2.0104         1.1361
 31  2.696         2.1289         1.5071
 32  2.796         2.3264         1.8890
 33  2.896         2.4860         1.9741
 34  2.996         2.6033         1.9773
 35  3.096         2.6956         1.9776
 36  3.196         2.7713         1.9757
 37  3.296         2.8355         1.9734
 38  3.396         2.8915         1.9742
 39  3.496         2.9416         1.9786
 40  3.596         2.9859         1.9722
 41  3.696         3.0268         1.9805
 42  3.796         3.0653         1.9939
 43  3.896         3.1016         2.0058
 44  3.996         3.1360         2.0175
 45  4.096         3.1685         2.0275
 46  4.196         3.1994         2.0358
 47  4.296         3.2273         2.0204
 48  4.396         3.2525         2.0042
 49  4.496         3.2780         2.0350
 50  4.596         3.3033         2.0548
 51  4.696         3.3277         2.0660
 52  4.796         3.3506         2.0618
 53  4.896         3.3723         2.0583
 54  4.996         3.3930         2.0629
 55  5.096         3.4135         2.0773
 56  5.196         3.4335         2.0848
 57  5.296         3.4528         2.0923
 58  5.396         3.4717         2.0995
 59  5.496         3.4900         2.1061
 60  5.596         3.5078         2.1121
 61  5.696         3.5251         2.1179
 62  5.796         3.5420         2.1221
 63  5.896         3.5584         2.1263
 64  5.996         3.5743         2.1304
 65  6.096         3.5897         2.1322
 66  6.196         3.6046         2.1335
 67  6.296         3.6190         2.1309
 68  6.396         3.6328         2.1296
 69  6.496         3.6461         2.1259
 70  6.596         3.6586         2.1109
 71  6.696         3.6704         2.0991
 72  6.796         3.6818         2.0932
 73  6.896         3.6928         2.0932
 74  6.996         3.7038         2.0990
 75  7.096         3.7145         2.1031
 76  7.196         3.7247         2.0914
 77  7.296         3.7345         2.0808
 78  7.396         3.7439         2.0729
 79  7.496         3.7529         2.0680
 80  7.596         3.7618         2.0667
 81  7.696         3.7705         2.0694
 82  7.796         3.7792         2.0765
 83  7.896         3.7880         2.0881
 84  7.996         3.7969         2.1046
 85  8.096         3.8060         2.1258
 86  8.196         3.8156         2.1518
 87  8.296         3.8255         2.1823
 88  8.396         3.8361         2.2171
 89  8.496         3.8474         2.2559
 90  8.596         3.8593         2.2926
 91  8.696         3.8717         2.3190
 92  8.796         3.8843         2.3404
 93  8.896         3.8972         2.3650
 94  8.996         3.9107         2.3974
 95  9.096         3.9238         2.3953
 96  9.196         3.9362         2.3870
 97  9.296         3.9489         2.4096
 98  9.396         3.9620         2.4319
 99  9.496         3.9759         2.4771
100  9.596         3.9912         2.5297
101  9.696         4.0071         2.5628
102  9.796         4.0237         2.5980
103  9.896         4.0411         2.6335
104  9.996         4.0591         2.6675
105 10.096         4.0777         2.7015
106 10.196         4.0970         2.7351
107 10.296         4.1166         2.7617
108 10.396         4.1365         2.7867
109 10.496         4.1568         2.8158
110 10.596         4.1777         2.8496
111 10.696         4.1994         2.8887
112 10.796         4.2224         2.9339
113 10.896         4.2469         2.9860
114 10.996         4.2698         2.9812
115 11.096         4.2984         3.1022
116 11.196         4.3328         3.2148
117 11.296         4.3574         3.0978
118 11.396         4.3862         3.1932
119 11.496         4.4136         3.2001
120 11.596         4.4408         3.2249
121 11.696         4.4688         3.2646
122 11.796         4.4970         3.2943
123 11.896         4.5248         3.3179
124 11.996         4.5525         3.3435
125 12.096         4.5800         3.3683
126 12.196         4.6073         3.3910
127 12.296         4.6342         3.4140
128 12.396         4.6611         3.4393
129 12.496         4.6881         3.4672
130 12.596         4.7152         3.4978
131 12.696         4.7425         3.5268
132 12.796         4.7698         3.5545
133 12.896         4.7972         3.5840
134 12.996         4.8249         3.6156
135 13.096         4.8530         3.6493
136 13.196         4.8815         3.6854
137 13.296         4.9108         3.7244
138 13.396         4.9405         3.7609
139 13.496         4.9703         3.7928
140 13.596         5.0000         3.8197


#AGE= 4.000 BINS=139 Power-law IMF: x=-2.350
# N  sdss_r       Log10(N)       Log10(dN)
  1 -0.104         0.3207         0.3207
  2 -0.004         0.5506         0.1643
  3  0.096         0.6842         0.1071
  4  0.196         0.7826         0.0898
  5  0.296         0.8643         0.0985
  6  0.396         0.9356         0.1160
  7  0.496         1.0000         0.1390
  8  0.596         1.0589         0.1622
  9  0.696         1.1132         0.1837
 10  0.796         1.1642         0.2081
 11  0.896         1.2118         0.2287
 12  0.996         1.2574         0.2560
 13  1.096         1.3999         0.8465
 14  1.196         1.4869         0.7460
 15  1.296         1.5157         0.3235
 16  1.396         1.5435         0.3350
 17  1.496         1.5701         0.3441
 18  1.596         1.5961         0.3611
 19  1.696         1.6220         0.3848
 20  1.796         1.6493         0.4331
 21  1.896         1.6744         0.4239
 22  1.996         1.6981         0.4240
 23  2.096         1.7211         0.4331
 24  2.196         1.7430         0.4342
 25  2.296         1.7636         0.4310
 26  2.396         1.7834         0.4304
 27  2.496         1.8022         0.4304
 28  2.596         1.8202         0.4285
 29  2.696         1.8392         0.4709
 30  2.796         1.9830         1.4329
 31  2.896         2.0290         1.0315
 32  2.996         2.0777         1.1037
 33  3.096         2.1780         1.4920
 34  3.196         2.3284         1.7949
 35  3.296         2.4967         2.0035
 36  3.396         2.6161         1.9970
 37  3.496         2.7039         1.9664
 38  3.596         2.7757         1.9589
 39  3.696         2.8393         1.9737
 40  3.796         2.8964         1.9863
 41  3.896         2.9474         1.9922
 42  3.996         2.9942         2.0039
 43  4.096         3.0378         2.0181
 44  4.196         3.0775         2.0180
 45  4.296         3.1112         1.9840
 46  4.396         3.1442         2.0086
 47  4.496         3.1759         2.0243
 48  4.596         3.2061         2.0336
 49  4.696         3.2336         2.0202
 50  4.796         3.2591         2.0158
 51  4.896         3.2831         2.0129
 52  4.996         3.3068         2.0319
 53  5.096         3.3297         2.0414
 54  5.196         3.3519         2.0488
 55  5.296         3.3734         2.0567
 56  5.396         3.3941         2.0636
 57  5.496         3.4143         2.0704
 58  5.596         3.4338         2.0767
 59  5.696         3.4527         2.0828
 60  5.796         3.4711         2.0873
 61  5.896         3.4888         2.0925
 62  5.996         3.5061         2.0963
 63  6.096         3.5228         2.0990
 64  6.196         3.5388         2.0991
 65  6.296         3.5543         2.0971
 66  6.396         3.5692         2.0970
 67  6.496         3.5837         2.1015
 68  6.596         3.5977         2.0970
 69  6.696         3.6107         2.0819
 70  6.796         3.6231         2.0710
 71  6.896         3.6349         2.0639
 72  6.996         3.6463         2.0603
 73  7.096         3.6573         2.0542
 74  7.196         3.6680         2.0574
 75  7.296         3.6784         2.0519
 76  7.396         3.6884         2.0464
 77  7.496         3.6982         2.0434
 78  7.596         3.7077         2.0431
 79  7.696         3.7170         2.0462
 80  7.796         3.7264         2.0528
 81  7.896         3.7357         2.0633
 82  7.996         3.7451         2.0780
 83  8.096         3.7548         2.0970
 84  8.196         3.7648         2.1204
 85  8.296         3.7751         2.1482
 86  8.396         3.7860         2.1803
 87  8.496         3.7976         2.2166
 88  8.596         3.8099         2.2559
 89  8.696         3.8227         2.2873
 90  8.796         3.8360         2.3131
 91  8.896         3.8495         2.3366
 92  8.996         3.8632         2.3544
 93  9.096         3.8767         2.3624
 94  9.196         3.8896         2.3557
 95  9.296         3.9027         2.3765
 96  9.396         3.9165         2.4119
 97  9.496         3.9311         2.4509
 98  9.596         3.9469         2.5008
 99  9.696         3.9635         2.5367
100  9.796         3.9808         2.5715
101  9.896         3.9988         2.6071
102  9.996         4.0174         2.6404
103 10.096         4.0367         2.6749
104 10.196         4.0569         2.7147
105 10.296         4.0780         2.7546
106 10.396         4.1000         2.7924
107 10.496         4.1226         2.8283
108 10.596         4.1458         2.8622
109 10.696         4.1695         2.8940
110 10.796         4.1934         2.9235
111 10.896         4.2176         2.9516
112 10.996         4.2428         2.9923
113 11.096         4.2699         3.0530
114 11.196         4.2936         3.0175
115 11.296         4.3272         3.1998
116 11.396         4.3550         3.1472
117 11.496         4.3834         3.1840
118 11.596         4.4112         3.2049
119 11.696         4.4391         3.2330
120 11.796         4.4669         3.2596
121 11.896         4.4947         3.2861
122 11.996         4.5223         3.3119
123 12.096         4.5498         3.3374
124 12.196         4.5771         3.3629
125 12.296         4.6043         3.3876
126 12.396         4.6312         3.4089
127 12.496         4.6577         3.4302
128 12.596         4.6842         3.4561
129 12.696         4.7109         3.4869
130 12.796         4.7382         3.5228
131 12.896         4.7661         3.5600
132 12.996         4.7944         3.5950
133 13.096         4.8231         3.6289
134 13.196         4.8521         3.6617
135 13.296         4.8812         3.6932
136 13.396         4.9107         3.7271
137 13.496         4.9404         3.7616
138 13.596         4.9703         3.7928
139 13.696         5.0000         3.8204


#AGE= 5.000 BINS=137 Power-law IMF: x=-2.350
# N  sdss_r       Log10(N)       Log10(dN)
  1  0.084         0.1371         0.1371
  2  0.184         0.4001         0.0575
  3  0.284         0.5543         0.0296
  4  0.384         0.6684         0.0322
  5  0.484         0.7618         0.0487
  6  0.584         0.8424         0.0712
  7  0.684         0.9143         0.0975
  8  0.784         0.9795         0.1238
  9  0.884         1.0394         0.1498
 10  0.984         1.0992         0.2085
 11  1.084         1.1559         0.2436
 12  1.184         1.2077         0.2586
 13  1.284         1.3748         0.8790
 14  1.384         1.4333         0.5337
 15  1.484         1.4644         0.3047
 16  1.584         1.4944         0.3181
 17  1.684         1.5237         0.3390
 18  1.784         1.5527         0.3622
 19  1.884         1.5815         0.3886
 20  1.984         1.6098         0.4102
 21  2.084         1.6381         0.4373
 22  2.184         1.6661         0.4618
 23  2.284         1.6932         0.4752
 24  2.384         1.7197         0.4925
 25  2.484         1.7461         0.5168
 26  2.584         1.7724         0.5407
 27  2.684         1.7971         0.5398
 28  2.784         1.8210         0.5507
 29  2.884         1.8446         0.5670
 30  2.984         1.8679         0.5866
 31  3.084         2.0882         1.6879
 32  3.184         2.1426         1.2139
 33  3.284         2.1999         1.2915
 34  3.384         2.2698         1.4423
 35  3.484         2.3703         1.6853
 36  3.584         2.4999         1.9114
 37  3.684         2.6176         1.9931
 38  3.784         2.7146         2.0162
 39  3.884         2.7960         2.0288
 40  3.984         2.8659         2.0377
 41  4.084         2.9297         2.0658
 42  4.184         2.9831         2.0460
 43  4.284         3.0294         2.0346
 44  4.384         3.0714         2.0362
 45  4.484         3.1106         2.0464
 46  4.584         3.1458         2.0375
 47  4.684         3.1769         2.0152
 48  4.784         3.2047         1.9976
 49  4.884         3.2319         2.0161
 50  4.984         3.2584         2.0294
 51  5.084         3.2837         2.0375
 52  5.184         3.3081         2.0450
 53  5.284         3.3315         2.0521
 54  5.384         3.3542         2.0600
 55  5.484         3.3760         2.0671
 56  5.584         3.3972         2.0735
 57  5.684         3.4176         2.0797
 58  5.784         3.4373         2.0847
 59  5.884         3.4564         2.0901
 60  5.984         3.4749         2.0945
 61  6.084         3.4927         2.0980
 62  6.184         3.5099         2.0974
 63  6.284         3.5264         2.0976
 64  6.384         3.5422         2.0967
 65  6.484         3.5576         2.0979
 66  6.584         3.5725         2.1008
 67  6.684         3.5869         2.1023
 68  6.784         3.6006         2.0900
 69  6.884         3.6130         2.0630
 70  6.984         3.6248         2.0539
 71  7.084         3.6366         2.0667
 72  7.184         3.6486         2.0808
 73  7.284         3.6603         2.0845
 74  7.384         3.6714         2.0748
 75  7.484         3.6819         2.0602
 76  7.584         3.6919         2.0492
 77  7.684         3.7015         2.0427
 78  7.784         3.7109         2.0414
 79  7.884         3.7202         2.0461
 80  7.984         3.7296         2.0573
 81  8.084         3.7391         2.0755
 82  8.184         3.7490         2.1008
 83  8.284         3.7593         2.1329
 84  8.384         3.7704         2.1716
 85  8.484         3.7824         2.2166
 86  8.584         3.7953         2.2634
 87  8.684         3.8088         2.2940
 88  8.784         3.8224         2.3107
 89  8.884         3.8362         2.3308
 90  8.984         3.8502         2.3531
 91  9.084         3.8639         2.3563
 92  9.184         3.8772         2.3551
 93  9.284         3.8908         2.3813
 94  9.384         3.9049         2.4092
 95  9.484         3.9201         2.4541
 96  9.584         3.9364         2.5035
 97  9.684         3.9534         2.5374
 98  9.784         3.9711         2.5729
 99  9.884         3.9896         2.6086
100  9.984         4.0088         2.6462
101 10.084         4.0291         2.6874
102 10.184         4.0502         2.7266
103 10.284         4.0721         2.7638
104 10.384         4.0946         2.7992
105 10.484         4.1178         2.8326
106 10.584         4.1413         2.8640
107 10.684         4.1652         2.8932
108 10.784         4.1891         2.9183
109 10.884         4.2123         2.9275
110 10.984         4.2360         2.9609
111 11.084         4.2627         3.0386
112 11.184         4.2955         3.1571
113 11.284         4.3259         3.1560
114 11.384         4.3541         3.1529
115 11.484         4.3827         3.1862
116 11.584         4.4110         3.2123
117 11.684         4.4390         3.2345
118 11.784         4.4669         3.2605
119 11.884         4.4947         3.2863
120 11.984         4.5223         3.3119
121 12.084         4.5498         3.3374
122 12.184         4.5771         3.3626
123 12.284         4.6043         3.3877
124 12.384         4.6314         3.4121
125 12.484         4.6580         3.4323
126 12.584         4.6844         3.4547
127 12.684         4.7109         3.4831
128 12.784         4.7379         3.5179
129 12.884         4.7656         3.5571
130 12.984         4.7939         3.5939
131 13.084         4.8226         3.6291
132 13.184         4.8517         3.6624
133 13.284         4.8809         3.6940
134 13.384         4.9104         3.7279
135 13.484         4.9403         3.7627
136 13.584         4.9702         3.7940
137 13.684         5.0000         3.8215


#AGE= 6.000 BINS=136 Power-law IMF: x=-2.350
# N  sdss_r       Log10(N)       Log10(dN)
  1  0.101         0.3795         0.3795
  2  0.201         0.5904         0.1755
  3  0.301         0.7137         0.1068
  4  0.401         0.8067         0.0915
  5  0.501         0.8843         0.0981
  6  0.601         0.9525         0.1152
  7  0.701         1.0147         0.1395
  8  0.801         1.0720         0.1641
  9  0.901         1.1256         0.1906
 10  1.001         1.1771         0.2258
 11  1.101         1.2297         0.2866
 12  1.201         1.2808         0.3258
 13  1.301         1.3324         0.3823
 14  1.401         1.4886         0.9688
 15  1.501         1.5206         0.3712
 16  1.601         1.5503         0.3708
 17  1.701         1.5792         0.3884
 18  1.801         1.6081         0.4164
 19  1.901         1.6370         0.4462
 20  2.001         1.6662         0.4782
 21  2.101         1.6956         0.5114
 22  2.201         1.7252         0.5444
 23  2.301         1.7552         0.5792
 24  2.401         1.7855         0.6144
 25  2.501         1.8162         0.6506
 26  2.601         1.8471         0.6839
 27  2.701         1.8780         0.7152
 28  2.801         1.9091         0.7483
 29  2.901         1.9402         0.7802
 30  3.001         1.9715         0.8129
 31  3.101         2.0027         0.8434
 32  3.201         2.0338         0.8743
 33  3.301         2.0649         0.9043
 34  3.401         2.3766         2.0859
 35  3.501         2.5301         2.0040
 36  3.601         2.6228         1.9064
 37  3.701         2.6338         1.0334
 38  3.801         2.6502         1.2177
 39  3.901         2.6875         1.6029
 40  4.001         2.7514         1.8878
 41  4.101         2.8290         2.0428
 42  4.201         2.9031         2.0988
 43  4.301         2.9681         2.1110
 44  4.401         3.0239         2.1052
 45  4.501         3.0722         2.0944
 46  4.601         3.1129         2.0648
 47  4.701         3.1464         2.0162
 48  4.801         3.1783         2.0292
 49  4.901         3.2090         2.0432
 50  5.001         3.2381         2.0498
 51  5.101         3.2658         2.0570
 52  5.201         3.2923         2.0647
 53  5.301         3.3177         2.0718
 54  5.401         3.3421         2.0790
 55  5.501         3.3656         2.0865
 56  5.601         3.3882         2.0933
 57  5.701         3.4099         2.0993
 58  5.801         3.4309         2.1048
 59  5.901         3.4512         2.1107
 60  6.001         3.4708         2.1151
 61  6.101         3.4896         2.1173
 62  6.201         3.5077         2.1177
 63  6.301         3.5250         2.1169
 64  6.401         3.5417         2.1169
 65  6.501         3.5577         2.1174
 66  6.601         3.5732         2.1178
 67  6.701         3.5882         2.1184
 68  6.801         3.6023         2.1080
 69  6.901         3.6158         2.0997
 70  7.001         3.6288         2.1003
 71  7.101         3.6414         2.0991
 72  7.201         3.6537         2.0977
 73  7.301         3.6655         2.0939
 74  7.401         3.6769         2.0904
 75  7.501         3.6880         2.0892
 76  7.601         3.6988         2.0903
 77  7.701         3.7095         2.0937
 78  7.801         3.7200         2.0993
 79  7.901         3.7300         2.0889
 80  8.001         3.7395         2.0725
 81  8.101         3.7487         2.0721
 82  8.201         3.7582         2.0914
 83  8.301         3.7683         2.1319
 84  8.401         3.7797         2.1932
 85  8.501         3.7928         2.2661
 86  8.601         3.8069         2.3087
 87  8.701         3.8207         2.3168
 88  8.801         3.8347         2.3353
 89  8.901         3.8490         2.3600
 90  9.001         3.8631         2.3673
 91  9.101         3.8768         2.3694
 92  9.201         3.8906         2.3876
 93  9.301         3.9046         2.4051
 94  9.401         3.9195         2.4474
 95  9.501         3.9356         2.4957
 96  9.601         3.9524         2.5333
 97  9.701         3.9701         2.5703
 98  9.801         3.9885         2.6057
 99  9.901         4.0076         2.6420
100 10.001         4.0277         2.6828
101 10.101         4.0487         2.7221
102 10.201         4.0704         2.7599
103 10.301         4.0929         2.7962
104 10.401         4.1161         2.8310
105 10.501         4.1397         2.8643
106 10.601         4.1638         2.8961
107 10.701         4.1883         2.9262
108 10.801         4.2129         2.9552
109 10.901         4.2381         2.9885
110 11.001         4.2641         3.0286
111 11.101         4.2914         3.0763
112 11.201         4.3216         3.1490
113 11.301         4.3523         3.1855
114 11.401         4.3822         3.2054
115 11.501         4.4108         3.2158
116 11.601         4.4394         3.2442
117 11.701         4.4677         3.2677
118 11.801         4.4958         3.2923
119 11.901         4.5237         3.3176
120 12.001         4.5514         3.3424
121 12.101         4.5789         3.3671
122 12.201         4.6063         3.3912
123 12.301         4.6334         3.4153
124 12.401         4.6603         3.4392
125 12.501         4.6868         3.4591
126 12.601         4.7131         3.4830
127 12.701         4.7398         3.5143
128 12.801         4.7671         3.5519
129 12.901         4.7949         3.5876
130 13.001         4.8231         3.6222
131 13.101         4.8517         3.6563
132 13.201         4.8807         3.6898
133 13.301         4.9101         3.7268
134 13.401         4.9401         3.7636
135 13.501         4.9701         3.7956
136 13.601         5.0000         3.8225


#AGE= 7.000 BINS=133 Power-law IMF: x=-2.350
# N  sdss_r       Log10(N)       Log10(dN)
  1  0.271         0.1902         0.1902
  2  0.370         0.4529         0.1099
  3  0.471         0.6116         0.0975
  4  0.571         0.7275         0.0972
  5  0.671         0.8223         0.1149
  6  0.771         0.9044         0.1405
  7  0.870         0.9769         0.1634
  8  0.971         1.0433         0.1948
  9  1.071         1.1081         0.2504
 10  1.171         1.1696         0.2897
 11  1.271         1.2282         0.3298
 12  1.370         1.2861         0.3825
 13  1.471         1.4472         0.9383
 14  1.571         1.4963         0.5251
 15  1.671         1.5284         0.3823
 16  1.771         1.5595         0.3979
 17  1.870         1.5903         0.4260
 18  1.971         1.6211         0.4572
 19  2.071         1.6521         0.4899
 20  2.171         1.6834         0.5261
 21  2.271         1.7150         0.5608
 22  2.370         1.7468         0.5952
 23  2.471         1.7789         0.6317
 24  2.571         1.8112         0.6670
 25  2.671         1.8439         0.7046
 26  2.771         1.8768         0.7394
 27  2.870         1.9099         0.7754
 28  2.971         1.9431         0.8103
 29  3.071         1.9764         0.8451
 30  3.171         2.0099         0.8794
 31  3.271         2.0432         0.9119
 32  3.370         2.0769         0.9496
 33  3.471         2.1112         0.9915
 34  3.571         2.3696         2.0213
 35  3.671         2.5609         2.1127
 36  3.771         2.6808         2.0635
 37  3.870         2.7274         1.7347
 38  3.971         2.7306         0.5991
 39  4.071         2.7452         1.2640
 40  4.171         2.8153         1.9884
 41  4.271         2.8757         1.9895
 42  4.371         2.9520         2.1592
 43  4.471         3.0192         2.1755
 44  4.571         3.0693         2.1068
 45  4.671         3.1118         2.0808
 46  4.771         3.1502         2.0780
 47  4.871         3.1854         2.0768
 48  4.971         3.2184         2.0822
 49  5.071         3.2495         2.0886
 50  5.171         3.2789         2.0953
 51  5.271         3.3069         2.1029
 52  5.371         3.3337         2.1097
 53  5.471         3.3593         2.1175
 54  5.571         3.3838         2.1239
 55  5.671         3.4075         2.1310
 56  5.771         3.4301         2.1366
 57  5.871         3.4520         2.1428
 58  5.971         3.4730         2.1482
 59  6.071         3.4932         2.1508
 60  6.171         3.5126         2.1522
 61  6.271         3.5311         2.1517
 62  6.371         3.5488         2.1506
 63  6.471         3.5658         2.1499
 64  6.571         3.5822         2.1500
 65  6.671         3.5980         2.1502
 66  6.771         3.6131         2.1478
 67  6.871         3.6276         2.1437
 68  6.971         3.6414         2.1371
 69  7.071         3.6548         2.1364
 70  7.171         3.6679         2.1399
 71  7.271         3.6805         2.1391
 72  7.371         3.6926         2.1326
 73  7.471         3.7042         2.1221
 74  7.571         3.7152         2.1149
 75  7.671         3.7259         2.1130
 76  7.771         3.7365         2.1163
 77  7.871         3.7466         2.1106
 78  7.971         3.7562         2.0933
 79  8.071         3.7656         2.0983
 80  8.171         3.7755         2.1299
 81  8.271         3.7866         2.1885
 82  8.370         3.7993         2.2569
 83  8.471         3.8129         2.3037
 84  8.571         3.8269         2.3279
 85  8.671         3.8413         2.3544
 86  8.771         3.8558         2.3703
 87  8.870         3.8702         2.3847
 88  8.971         3.8845         2.3942
 89  9.071         3.8987         2.4061
 90  9.171         3.9127         2.4139
 91  9.271         3.9271         2.4414
 92  9.370         3.9423         2.4781
 93  9.471         3.9584         2.5197
 94  9.571         3.9756         2.5658
 95  9.671         3.9935         2.5997
 96  9.771         4.0122         2.6353
 97  9.871         4.0315         2.6718
 98  9.971         4.0517         2.7087
 99 10.071         4.0729         2.7497
100 10.171         4.0949         2.7890
101 10.271         4.1177         2.8264
102 10.371         4.1412         2.8623
103 10.471         4.1652         2.8964
104 10.571         4.1897         2.9288
105 10.671         4.2145         2.9593
106 10.771         4.2394         2.9850
107 10.871         4.2625         2.9778
108 10.971         4.2856         2.9993
109 11.071         4.3129         3.0978
110 11.171         4.3485         3.2441
111 11.271         4.3774         3.1869
112 11.371         4.4101         3.2705
113 11.471         4.4397         3.2577
114 11.571         4.4687         3.2786
115 11.671         4.4973         3.3026
116 11.771         4.5258         3.3278
117 11.871         4.5539         3.3518
118 11.971         4.5818         3.3757
119 12.071         4.6095         3.3998
120 12.171         4.6369         3.4238
121 12.271         4.6642         3.4480
122 12.371         4.6911         3.4711
123 12.471         4.7177         3.4905
124 12.571         4.7440         3.5140
125 12.671         4.7707         3.5462
126 12.771         4.7978         3.5791
127 12.871         4.8252         3.6110
128 12.971         4.8530         3.6450
129 13.071         4.8813         3.6814
130 13.171         4.9104         3.7227
131 13.271         4.9402         3.7620
132 13.371         4.9702         3.7949
133 13.471         5.0000         3.8209


#AGE= 8.000 BINS=135 Power-law IMF: x=-2.350
# N  sdss_r       Log10(N)       Log10(dN)
  1  0.301         0.0871         0.0871
  2  0.401         0.3483         0.0035
  3  0.501         0.5020        -0.0239
  4  0.601         0.6160        -0.0206
  5  0.701         0.7099        -0.0011
  6  0.801         0.7906         0.0198
  7  0.901         0.8626         0.0464
  8  1.001         0.9280         0.0734
  9  1.101         0.9901         0.1148
 10  1.201         1.0663         0.2729
 11  1.301         1.1220         0.2026
 12  1.401         1.1838         0.3068
 13  1.501         1.3413         0.8245
 14  1.601         1.3743         0.2386
 15  1.701         1.4058         0.2500
 16  1.801         1.4363         0.2684
 17  1.901         1.4667         0.2961
 18  2.001         1.4972         0.3281
 19  2.101         1.5281         0.3652
 20  2.201         1.5593         0.4001
 21  2.301         1.5906         0.4325
 22  2.401         1.6219         0.4649
 23  2.501         1.6536         0.5007
 24  2.601         1.6857         0.5387
 25  2.701         1.7176         0.5683
 26  2.801         1.7497         0.6024
 27  2.901         1.7818         0.6344
 28  3.001         1.8139         0.6666
 29  3.101         1.8460         0.6979
 30  3.201         1.8779         0.7284
 31  3.301         1.9097         0.7585
 32  3.401         1.9415         0.7912
 33  3.501         1.9737         0.8272
 34  3.601         2.0070         0.8757
 35  3.701         2.2556         1.8948
 36  3.801         2.4772         2.0789
 37  3.901         2.5652         1.8287
 38  4.001         2.6358         1.8118
 39  4.101         2.6958         1.8063
 40  4.201         2.7500         1.8200
 41  4.301         2.8063         1.8913
 42  4.401         2.8585         1.9122
 43  4.501         2.9032         1.8937
 44  4.601         2.9473         1.9324
 45  4.701         2.9949         2.0111
 46  4.801         3.0370         2.0020
 47  4.901         3.0755         2.0042
 48  5.001         3.1114         2.0116
 49  5.101         3.1450         2.0165
 50  5.201         3.1766         2.0229
 51  5.301         3.2066         2.0302
 52  5.401         3.2350         2.0375
 53  5.501         3.2622         2.0445
 54  5.601         3.2881         2.0515
 55  5.701         3.3130         2.0583
 56  5.801         3.3368         2.0641
 57  5.901         3.3597         2.0712
 58  6.001         3.3817         2.0752
 59  6.101         3.4027         2.0769
 60  6.201         3.4228         2.0777
 61  6.301         3.4420         2.0771
 62  6.401         3.4602         2.0747
 63  6.501         3.4777         2.0735
 64  6.601         3.4945         2.0737
 65  6.701         3.5107         2.0741
 66  6.801         3.5263         2.0729
 67  6.901         3.5412         2.0708
 68  7.001         3.5556         2.0679
 69  7.101         3.5694         2.0647
 70  7.201         3.5827         2.0637
 71  7.301         3.5957         2.0639
 72  7.401         3.6081         2.0592
 73  7.501         3.6200         2.0498
 74  7.601         3.6313         2.0421
 75  7.701         3.6423         2.0384
 76  7.801         3.6528         2.0311
 77  7.901         3.6626         2.0119
 78  8.001         3.6724         2.0194
 79  8.101         3.6828         2.0594
 80  8.201         3.6944         2.1143
 81  8.301         3.7068         2.1559
 82  8.401         3.7200         2.1974
 83  8.501         3.7344         2.2474
 84  8.601         3.7493         2.2782
 85  8.701         3.7641         2.2879
 86  8.801         3.7788         2.3001
 87  8.901         3.7933         2.3110
 88  9.001         3.8077         2.3207
 89  9.101         3.8220         2.3328
 90  9.201         3.8366         2.3547
 91  9.301         3.8515         2.3811
 92  9.401         3.8676         2.4284
 93  9.501         3.8847         2.4699
 94  9.601         3.9026         2.5086
 95  9.701         3.9212         2.5436
 96  9.801         3.9405         2.5786
 97  9.901         3.9605         2.6144
 98 10.001         3.9813         2.6510
 99 10.101         4.0030         2.6921
100 10.201         4.0257         2.7315
101 10.301         4.0491         2.7691
102 10.401         4.0732         2.8051
103 10.501         4.0978         2.8393
104 10.601         4.1229         2.8717
105 10.701         4.1482         2.9022
106 10.801         4.1737         2.9283
107 10.901         4.1989         2.9512
108 11.001         4.2252         2.9931
109 11.101         4.2538         3.0594
110 11.201         4.2856         3.1340
111 11.301         4.3162         3.1496
112 11.401         4.3490         3.2096
113 11.501         4.3785         3.1957
114 11.601         4.4076         3.2194
115 11.701         4.4364         3.2444
116 11.801         4.4650         3.2694
117 11.901         4.4933         3.2928
118 12.001         4.5213         3.3163
119 12.101         4.5489         3.3396
120 12.201         4.5764         3.3635
121 12.301         4.6036         3.3871
122 12.401         4.6304         3.4076
123 12.501         4.6569         3.4289
124 12.601         4.6835         3.4572
125 12.701         4.7101         3.4837
126 12.801         4.7368         3.5132
127 12.901         4.7642         3.5495
128 13.001         4.7924         3.5915
129 13.101         4.8214         3.6317
130 13.201         4.8509         3.6675
131 13.301         4.8804         3.6985
132 13.401         4.9101         3.7300
133 13.501         4.9401         3.7642
134 13.601         4.9701         3.7952
135 13.701         5.0000         3.8227


#AGE= 9.000 BINS=133 Power-law IMF: x=-2.350
# N  sdss_r       Log10(N)       Log10(dN)
  1  0.309         0.1304         0.1304
  2  0.409         0.3777         0.0154
  3  0.509         0.5252        -0.0155
  4  0.609         0.6345        -0.0182
  5  0.709         0.7230        -0.0112
  6  0.809         0.8003         0.0128
  7  0.909         0.8703         0.0427
  8  1.009         0.9338         0.0674
  9  1.109         0.9924         0.0941
 10  1.209         1.0628         0.2373
 11  1.309         1.1232         0.2368
 12  1.409         1.1792         0.2623
 13  1.509         1.3408         0.8330
 14  1.609         1.3736         0.2358
 15  1.709         1.4051         0.2503
 16  1.809         1.4359         0.2708
 17  1.909         1.4665         0.2993
 18  2.009         1.4971         0.3297
 19  2.109         1.5279         0.3635
 20  2.209         1.5589         0.3974
 21  2.309         1.5901         0.4309
 22  2.409         1.6216         0.4660
 23  2.509         1.6534         0.5029
 24  2.609         1.6857         0.5410
 25  2.709         1.7181         0.5743
 26  2.809         1.7508         0.6108
 27  2.909         1.7833         0.6420
 28  3.009         1.8160         0.6766
 29  3.109         1.8485         0.7065
 30  3.209         1.8809         0.7373
 31  3.309         1.9132         0.7686
 32  3.409         1.9454         0.7989
 33  3.509         1.9778         0.8348
 34  3.609         2.0108         0.8757
 35  3.709         2.0457         0.9333
 36  3.809         2.2841         1.9099
 37  3.909         2.5059         2.1078
 38  4.009         2.5932         1.8534
 39  4.109         2.6675         1.8644
 40  4.209         2.7337         1.8838
 41  4.309         2.7944         1.9099
 42  4.409         2.8506         1.9345
 43  4.509         2.9022         1.9520
 44  4.609         2.9528         1.9939
 45  4.709         3.0016         2.0276
 46  4.809         3.0473         2.0470
 47  4.909         3.0903         2.0653
 48  5.009         3.1298         2.0680
 49  5.109         3.1660         2.0694
 50  5.209         3.1999         2.0757
 51  5.309         3.2318         2.0824
 52  5.409         3.2621         2.0899
 53  5.509         3.2908         2.0963
 54  5.609         3.3181         2.1035
 55  5.709         3.3442         2.1104
 56  5.809         3.3692         2.1172
 57  5.909         3.3932         2.1238
 58  6.009         3.4162         2.1275
 59  6.109         3.4380         2.1287
 60  6.209         3.4588         2.1286
 61  6.309         3.4786         2.1270
 62  6.409         3.4974         2.1253
 63  6.509         3.5154         2.1237
 64  6.609         3.5327         2.1243
 65  6.709         3.5493         2.1241
 66  6.809         3.5654         2.1240
 67  6.909         3.5808         2.1239
 68  7.009         3.5956         2.1216
 69  7.109         3.6099         2.1189
 70  7.209         3.6236         2.1165
 71  7.309         3.6369         2.1165
 72  7.409         3.6497         2.1133
 73  7.509         3.6619         2.1035
 74  7.609         3.6735         2.0954
 75  7.709         3.6847         2.0881
 76  7.809         3.6950         2.0681
 77  7.909         3.7052         2.0699
 78  8.009         3.7160         2.1056
 79  8.109         3.7273         2.1369
 80  8.209         3.7392         2.1708
 81  8.309         3.7522         2.2211
 82  8.409         3.7665         2.2767
 83  8.509         3.7813         2.3079
 84  8.609         3.7966         2.3363
 85  8.709         3.8117         2.3454
 86  8.809         3.8266         2.3529
 87  8.909         3.8412         2.3602
 88  9.009         3.8557         2.3724
 89  9.109         3.8702         2.3874
 90  9.209         3.8851         2.4139
 91  9.309         3.9007         2.4460
 92  9.409         3.9172         2.4893
 93  9.509         3.9349         2.5357
 94  9.609         3.9532         2.5698
 95  9.709         3.9723         2.6052
 96  9.809         3.9921         2.6408
 97  9.909         4.0125         2.6756
 98 10.009         4.0336         2.7096
 99 10.109         4.0553         2.7435
100 10.209         4.0776         2.7759
101 10.309         4.1004         2.8086
102 10.409         4.1237         2.8426
103 10.509         4.1477         2.8781
104 10.609         4.1724         2.9154
105 10.709         4.1980         2.9548
106 10.809         4.2245         2.9968
107 10.909         4.2521         3.0416
108 11.009         4.2810         3.0899
109 11.109         4.3115         3.1425
110 11.209         4.3428         3.1859
111 11.309         4.3749         3.2276
112 11.409         4.4071         3.2614
113 11.509         4.4375         3.2674
114 11.609         4.4667         3.2786
115 11.709         4.4956         3.3047
116 11.809         4.5242         3.3290
117 11.909         4.5527         3.3546
118 12.009         4.5807         3.3775
119 12.109         4.6085         3.4001
120 12.209         4.6360         3.4242
121 12.309         4.6632         3.4465
122 12.409         4.6900         3.4667
123 12.509         4.7166         3.4904
124 12.609         4.7429         3.5129
125 12.709         4.7693         3.5397
126 12.809         4.7963         3.5769
127 12.909         4.8240         3.6149
128 13.009         4.8523         3.6510
129 13.109         4.8809         3.6861
130 13.209         4.9101         3.7236
131 13.309         4.9400         3.7629
132 13.409         4.9701         3.7960
133 13.509         5.0000         3.8225


#AGE=10.000 BINS=134 Power-law IMF: x=-2.350
# N  sdss_r       Log10(N)       Log10(dN)
  1  0.391        -0.0181        -0.0181
  2  0.491         0.2452        -0.0971
  3  0.591         0.4037        -0.1109
  4  0.691         0.5204        -0.1074
  5  0.791         0.6156        -0.0904
  6  0.891         0.6972        -0.0689
  7  0.991         0.7704        -0.0390
  8  1.091         0.8368        -0.0118
  9  1.191         0.9007         0.0367
 10  1.291         0.9636         0.0939
 11  1.391         1.0217         0.1193
 12  1.491         1.0914         0.2621
 13  1.591         1.2449         0.7187
 14  1.691         1.2794         0.1628
 15  1.791         1.3120         0.1707
 16  1.891         1.3439         0.1951
 17  1.991         1.3757         0.2240
 18  2.091         1.4074         0.2551
 19  2.191         1.4391         0.2871
 20  2.291         1.4710         0.3209
 21  2.391         1.5030         0.3542
 22  2.491         1.5355         0.3937
 23  2.591         1.5683         0.4303
 24  2.691         1.6014         0.4668
 25  2.791         1.6350         0.5064
 26  2.891         1.6688         0.5434
 27  2.991         1.7035         0.5882
 28  3.091         1.7386         0.6297
 29  3.191         1.7749         0.6788
 30  3.291         1.8125         0.7315
 31  3.391         1.8499         0.7654
 32  3.491         1.8858         0.7858
 33  3.591         1.9208         0.8095
 34  3.691         1.9555         0.8405
 35  3.791         1.9917         0.8945
 36  3.891         2.1789         1.7233
 37  3.991         2.4259         2.0631
 38  4.091         2.5181         1.7998
 39  4.191         2.5958         1.8099
 40  4.291         2.6652         1.8347
 41  4.391         2.7289         1.8636
 42  4.491         2.7872         1.8862
 43  4.591         2.8392         1.8918
 44  4.691         2.8890         1.9240
 45  4.791         2.9370         1.9570
 46  4.891         2.9849         2.0035
 47  4.991         3.0291         2.0145
 48  5.091         3.0690         2.0126
 49  5.191         3.1058         2.0156
 50  5.291         3.1402         2.0214
 51  5.391         3.1725         2.0282
 52  5.491         3.2031         2.0353
 53  5.591         3.2321         2.0425
 54  5.691         3.2597         2.0487
 55  5.791         3.2861         2.0574
 56  5.891         3.3114         2.0635
 57  5.991         3.3354         2.0670
 58  6.091         3.3583         2.0685
 59  6.191         3.3800         2.0675
 60  6.291         3.4005         2.0653
 61  6.391         3.4201         2.0631
 62  6.491         3.4387         2.0627
 63  6.591         3.4566         2.0631
 64  6.691         3.4739         2.0657
 65  6.791         3.4907         2.0677
 66  6.891         3.5066         2.0638
 67  6.991         3.5220         2.0627
 68  7.091         3.5367         2.0607
 69  7.191         3.5509         2.0585
 70  7.291         3.5647         2.0577
 71  7.391         3.5780         2.0572
 72  7.491         3.5905         2.0463
 73  7.591         3.6025         2.0361
 74  7.691         3.6138         2.0255
 75  7.791         3.6246         2.0128
 76  7.891         3.6355         2.0298
 77  7.991         3.6466         2.0479
 78  8.091         3.6580         2.0742
 79  8.191         3.6706         2.1238
 80  8.291         3.6841         2.1714
 81  8.391         3.6985         2.2120
 82  8.491         3.7139         2.2567
 83  8.591         3.7294         2.2744
 84  8.691         3.7449         2.2884
 85  8.791         3.7599         2.2902
 86  8.891         3.7746         2.2979
 87  8.991         3.7892         2.3082
 88  9.091         3.8040         2.3281
 89  9.191         3.8190         2.3509
 90  9.291         3.8349         2.3904
 91  9.391         3.8517         2.4313
 92  9.491         3.8696         2.4743
 93  9.591         3.8882         2.5118
 94  9.691         3.9075         2.5462
 95  9.791         3.9276         2.5814
 96  9.891         3.9482         2.6156
 97  9.991         3.9695         2.6496
 98 10.091         3.9915         2.6843
 99 10.191         4.0141         2.7202
100 10.291         4.0376         2.7593
101 10.391         4.0619         2.7977
102 10.491         4.0870         2.8352
103 10.591         4.1127         2.8721
104 10.691         4.1390         2.9082
105 10.791         4.1658         2.9436
106 10.891         4.1931         2.9776
107 10.991         4.2208         3.0119
108 11.091         4.2498         3.0597
109 11.191         4.2817         3.1319
110 11.291         4.3134         3.1613
111 11.391         4.3462         3.2073
112 11.491         4.3771         3.2142
113 11.591         4.4065         3.2221
114 11.691         4.4356         3.2479
115 11.791         4.4644         3.2718
116 11.891         4.4930         3.2967
117 11.991         4.5212         3.3200
118 12.091         4.5491         3.3433
119 12.191         4.5768         3.3674
120 12.291         4.6041         3.3890
121 12.391         4.6310         3.4098
122 12.491         4.6576         3.4312
123 12.591         4.6839         3.4524
124 12.691         4.7104         3.4833
125 12.791         4.7372         3.5140
126 12.891         4.7644         3.5475
127 12.991         4.7923         3.5870
128 13.091         4.8212         3.6297
129 13.191         4.8507         3.6677
130 13.291         4.8803         3.6996
131 13.391         4.9100         3.7303
132 13.491         4.9400         3.7645
133 13.591         4.9701         3.7955
134 13.691         5.0000         3.8230


#AGE=11.000 BINS=136 Power-law IMF: x=-2.350
# N  sdss_r       Log10(N)       Log10(dN)
  1  0.356         0.0469         0.0469
  2  0.456         0.2767        -0.1096
  3  0.556         0.4109        -0.1646
  4  0.656         0.5115        -0.1727
  5  0.756         0.5959        -0.1574
  6  0.856         0.6681        -0.1465
  7  0.956         0.7343        -0.1156
  8  1.056         0.7949        -0.0904
  9  1.156         0.8513        -0.0629
 10  1.256         0.9093         0.0066
 11  1.356         0.9645         0.0409
 12  1.456         1.0175         0.0779
 13  1.556         1.0876         0.2608
 14  1.656         1.2236         0.6531
 15  1.756         1.2556         0.1076
 16  1.856         1.2861         0.1177
 17  1.956         1.3165         0.1464
 18  2.056         1.3470         0.1775
 19  2.156         1.3773         0.2066
 20  2.256         1.4080         0.2427
 21  2.356         1.4388         0.2743
 22  2.456         1.4703         0.3150
 23  2.556         1.5020         0.3488
 24  2.656         1.5345         0.3924
 25  2.756         1.5673         0.4293
 26  2.856         1.6010         0.4747
 27  2.956         1.6355         0.5179
 28  3.056         1.6715         0.5718
 29  3.156         1.7094         0.6317
 30  3.256         1.7501         0.7021
 31  3.356         1.7918         0.7532
 32  3.456         1.8308         0.7648
 33  3.556         1.8675         0.7760
 34  3.656         1.9024         0.7902
 35  3.756         1.9365         0.8144
 36  3.856         1.9715         0.8606
 37  3.956         2.0129         0.9710
 38  4.056         2.3542         2.0901
 39  4.156         2.4525         1.7588
 40  4.256         2.5338         1.7661
 41  4.356         2.6057         1.7896
 42  4.456         2.6704         1.8116
 43  4.556         2.7286         1.8264
 44  4.656         2.7803         1.8309
 45  4.756         2.8310         1.8726
 46  4.856         2.8798         1.9061
 47  4.956         2.9278         1.9481
 48  5.056         2.9726         1.9636
 49  5.156         3.0131         1.9627
 50  5.256         3.0503         1.9651
 51  5.356         3.0851         1.9712
 52  5.456         3.1178         1.9781
 53  5.556         3.1487         1.9854
 54  5.656         3.1780         1.9926
 55  5.756         3.2059         2.0009
 56  5.856         3.2326         2.0076
 57  5.956         3.2579         2.0110
 58  6.056         3.2819         2.0124
 59  6.156         3.3046         2.0112
 60  6.256         3.3260         2.0085
 61  6.356         3.3464         2.0061
 62  6.456         3.3658         2.0064
 63  6.556         3.3844         2.0083
 64  6.656         3.4024         2.0107
 65  6.756         3.4198         2.0138
 66  6.856         3.4365         2.0129
 67  6.956         3.4525         2.0114
 68  7.056         3.4679         2.0105
 69  7.156         3.4827         2.0058
 70  7.256         3.4969         2.0034
 71  7.356         3.5106         2.0030
 72  7.456         3.5236         1.9957
 73  7.556         3.5360         1.9828
 74  7.656         3.5477         1.9730
 75  7.756         3.5589         1.9673
 76  7.856         3.5702         1.9794
 77  7.956         3.5815         1.9910
 78  8.056         3.5935         2.0282
 79  8.156         3.6062         2.0655
 80  8.256         3.6198         2.1091
 81  8.356         3.6346         2.1601
 82  8.456         3.6501         2.1932
 83  8.556         3.6661         2.2242
 84  8.656         3.6816         2.2286
 85  8.756         3.6968         2.2332
 86  8.856         3.7117         2.2377
 87  8.956         3.7264         2.2508
 88  9.056         3.7413         2.2683
 89  9.156         3.7566         2.2947
 90  9.256         3.7724         2.3255
 91  9.356         3.7893         2.3716
 92  9.456         3.8072         2.4130
 93  9.556         3.8260         2.4534
 94  9.656         3.8454         2.4868
 95  9.756         3.8656         2.5212
 96  9.856         3.8863         2.5562
 97  9.956         3.9077         2.5893
 98 10.056         3.9298         2.6241
 99 10.156         3.9524         2.6592
100 10.256         3.9759         2.6960
101 10.356         4.0001         2.7338
102 10.456         4.0250         2.7711
103 10.556         4.0505         2.8080
104 10.656         4.0768         2.8446
105 10.756         4.1036         2.8810
106 10.856         4.1309         2.9165
107 10.956         4.1586         2.9484
108 11.056         4.1876         2.9976
109 11.156         4.2190         3.0633
110 11.256         4.2501         3.0899
111 11.356         4.2845         3.1660
112 11.456         4.3166         3.1686
113 11.556         4.3471         3.1794
114 11.656         4.3761         3.1861
115 11.756         4.4050         3.2131
116 11.856         4.4338         3.2418
117 11.956         4.4623         3.2649
118 12.056         4.4905         3.2883
119 12.156         4.5184         3.3123
120 12.256         4.5459         3.3339
121 12.356         4.5730         3.3549
122 12.456         4.5996         3.3740
123 12.556         4.6260         3.3964
124 12.656         4.6524         3.4230
125 12.756         4.6789         3.4512
126 12.856         4.7061         3.4891
127 12.956         4.7339         3.5274
128 13.056         4.7623         3.5638
129 13.156         4.7912         3.5998
130 13.256         4.8208         3.6397
131 13.356         4.8508         3.6752
132 13.456         4.8808         3.7047
133 13.556         4.9106         3.7322
134 13.656         4.9405         3.7629
135 13.756         4.9703         3.7924
136 13.856         5.0000         3.8204


#AGE=12.000 BINS=133 Power-law IMF: x=-2.350
# N  sdss_r       Log10(N)       Log10(dN)
  1  0.413         0.0790         0.0790
  2  0.513         0.3206        -0.0493
  3  0.614         0.4614        -0.0964
  4  0.713         0.5667        -0.1002
  5  0.813         0.6537        -0.0872
  6  0.913         0.7297        -0.0646
  7  1.013         0.7975        -0.0427
  8  1.114         0.8602        -0.0110
  9  1.213         0.9180         0.0133
 10  1.313         0.9804         0.1071
 11  1.413         1.0350         0.1071
 12  1.513         1.0885         0.1524
 13  1.614         1.2149         0.6175
 14  1.713         1.2969         0.5324
 15  1.813         1.3289         0.1808
 16  1.913         1.3598         0.1963
 17  2.013         1.3905         0.2242
 18  2.114         1.4212         0.2550
 19  2.213         1.4521         0.2893
 20  2.313         1.4830         0.3202
 21  2.413         1.5143         0.3559
 22  2.513         1.5460         0.3939
 23  2.614         1.5781         0.4310
 24  2.713         1.6107         0.4694
 25  2.813         1.6440         0.5128
 26  2.913         1.6781         0.5562
 27  3.013         1.7136         0.6080
 28  3.114         1.7505         0.6611
 29  3.213         1.7899         0.7288
 30  3.313         1.8317         0.7939
 31  3.413         1.8730         0.8311
 32  3.513         1.9118         0.8434
 33  3.614         1.9486         0.8582
 34  3.713         1.9837         0.8736
 35  3.813         2.0179         0.8980
 36  3.913         2.0527         0.9389
 37  4.013         2.0923         1.0330
 38  4.114         2.3903         2.0863
 39  4.213         2.5004         1.8502
 40  4.313         2.5863         1.8405
 41  4.413         2.6603         1.8552
 42  4.514         2.7262         1.8746
 43  4.614         2.7860         1.8954
 44  4.713         2.8400         1.9083
 45  4.813         2.8911         1.9362
 46  4.913         2.9403         1.9705
 47  5.014         2.9886         2.0103
 48  5.114         3.0343         2.0338
 49  5.213         3.0756         2.0333
 50  5.313         3.1135         2.0354
 51  5.413         3.1488         2.0417
 52  5.514         3.1820         2.0490
 53  5.614         3.2134         2.0565
 54  5.713         3.2432         2.0650
 55  5.813         3.2716         2.0725
 56  5.913         3.2984         2.0757
 57  6.013         3.3237         2.0767
 58  6.114         3.3476         2.0755
 59  6.213         3.3700         2.0724
 60  6.313         3.3912         2.0699
 61  6.413         3.4115         2.0711
 62  6.513         3.4311         2.0739
 63  6.614         3.4499         2.0771
 64  6.713         3.4681         2.0819
 65  6.813         3.4856         2.0831
 66  6.913         3.5024         2.0813
 67  7.013         3.5185         2.0780
 68  7.114         3.5339         2.0764
 69  7.213         3.5487         2.0744
 70  7.313         3.5630         2.0732
 71  7.413         3.5766         2.0666
 72  7.513         3.5894         2.0515
 73  7.614         3.6016         2.0433
 74  7.713         3.6133         2.0380
 75  7.813         3.6248         2.0439
 76  7.913         3.6366         2.0623
 77  8.014         3.6487         2.0898
 78  8.114         3.6616         2.1263
 79  8.213         3.6756         2.1767
 80  8.313         3.6904         2.2167
 81  8.413         3.7061         2.2561
 82  8.514         3.7221         2.2799
 83  8.614         3.7381         2.2982
 84  8.713         3.7536         2.2978
 85  8.813         3.7687         2.3014
 86  8.913         3.7835         2.3083
 87  9.014         3.7984         2.3279
 88  9.114         3.8137         2.3532
 89  9.213         3.8297         2.3864
 90  9.314         3.8465         2.4251
 91  9.413         3.8644         2.4717
 92  9.514         3.8832         2.5090
 93  9.614         3.9027         2.5456
 94  9.713         3.9229         2.5814
 95  9.813         3.9438         2.6148
 96  9.913         3.9652         2.6478
 97 10.014         3.9872         2.6814
 98 10.114         4.0100         2.7178
 99 10.213         4.0333         2.7510
100 10.313         4.0571         2.7850
101 10.413         4.0816         2.8197
102 10.514         4.1064         2.8512
103 10.614         4.1317         2.8853
104 10.713         4.1578         2.9233
105 10.813         4.1849         2.9660
106 10.913         4.2132         3.0141
107 11.014         4.2433         3.0685
108 11.114         4.2755         3.1292
109 11.213         4.3071         3.1533
110 11.313         4.3404         3.2092
111 11.413         4.3738         3.2430
112 11.514         4.4049         3.2448
113 11.614         4.4348         3.2572
114 11.713         4.4642         3.2805
115 11.813         4.4932         3.3028
116 11.913         4.5219         3.3289
117 12.014         4.5504         3.3528
118 12.114         4.5785         3.3755
119 12.213         4.6063         3.3987
120 12.313         4.6337         3.4203
121 12.413         4.6605         3.4379
122 12.514         4.6871         3.4599
123 12.614         4.7133         3.4818
124 12.713         4.7398         3.5121
125 12.813         4.7667         3.5443
126 12.914         4.7940         3.5792
127 13.014         4.8222         3.6201
128 13.114         4.8511         3.6609
129 13.213         4.8805         3.6960
130 13.313         4.9100         3.7278
131 13.414         4.9400         3.7638
132 13.514         4.9701         3.7959
133 13.614         5.0000         3.8232


#AGE=13.000 BINS=134 Power-law IMF: x=-2.350
# N  sdss_r       Log10(N)       Log10(dN)
  1  0.450         0.0441         0.0441
  2  0.550         0.2820        -0.0929
  3  0.650         0.4227        -0.1354
  4  0.750         0.5278        -0.1398
  5  0.850         0.6133        -0.1344
  6  0.950         0.6877        -0.1153
  7  1.050         0.7563        -0.0789
  8  1.150         0.8180        -0.0599
  9  1.250         0.9479         0.3603
 10  1.350         0.9992         0.0462
 11  1.450         1.0468         0.0629
 12  1.550         1.0962         0.1277
 13  1.650         1.1525         0.2371
 14  1.750         1.2846         0.7035
 15  1.850         1.3146         0.1386
 16  1.950         1.3437         0.1561
 17  2.050         1.3726         0.1808
 18  2.150         1.4015         0.2101
 19  2.250         1.4306         0.2430
 20  2.350         1.4600         0.2751
 21  2.450         1.4897         0.3095
 22  2.550         1.5198         0.3464
 23  2.650         1.5505         0.3849
 24  2.750         1.5819         0.4246
 25  2.850         1.6140         0.4664
 26  2.950         1.6470         0.5117
 27  3.050         1.6813         0.5615
 28  3.150         1.7172         0.6176
 29  3.250         1.7555         0.6819
 30  3.350         1.7958         0.7429
 31  3.450         1.8362         0.7846
 32  3.550         1.8746         0.8022
 33  3.650         1.9113         0.8204
 34  3.750         1.9465         0.8375
 35  3.850         1.9808         0.8605
 36  3.950         2.0149         0.8934
 37  4.050         2.0519         0.9638
 38  4.150         2.1928         1.6353
 39  4.250         2.4168         2.0222
 40  4.350         2.5108         1.7997
 41  4.450         2.5890         1.8062
 42  4.550         2.6585         1.8286
 43  4.650         2.7213         1.8501
 44  4.750         2.7781         1.8669
 45  4.850         2.8298         1.8800
 46  4.950         2.8800         1.9173
 47  5.050         2.9284         1.9522
 48  5.150         2.9755         1.9867
 49  5.250         3.0184         1.9917
 50  5.350         3.0575         1.9932
 51  5.450         3.0939         1.9984
 52  5.550         3.1280         2.0059
 53  5.650         3.1602         2.0153
 54  5.750         3.1908         2.0226
 55  5.850         3.2196         2.0267
 56  5.950         3.2467         2.0285
 57  6.050         3.2721         2.0271
 58  6.150         3.2959         2.0230
 59  6.250         3.3184         2.0215
 60  6.350         3.3398         2.0222
 61  6.450         3.3604         2.0254
 62  6.550         3.3802         2.0295
 63  6.650         3.3994         2.0347
 64  6.750         3.4179         2.0399
 65  6.850         3.4357         2.0384
 66  6.950         3.4527         2.0369
 67  7.050         3.4689         2.0338
 68  7.150         3.4846         2.0338
 69  7.250         3.4995         2.0279
 70  7.350         3.5139         2.0256
 71  7.450         3.5274         2.0141
 72  7.550         3.5402         2.0030
 73  7.650         3.5525         1.9998
 74  7.750         3.5644         1.9965
 75  7.850         3.5764         2.0105
 76  7.950         3.5887         2.0342
 77  8.050         3.6016         2.0697
 78  8.150         3.6155         2.1120
 79  8.250         3.6303         2.1568
 80  8.350         3.6461         2.1986
 81  8.450         3.6623         2.2261
 82  8.550         3.6786         2.2440
 83  8.650         3.6945         2.2496
 84  8.750         3.7098         2.2509
 85  8.850         3.7248         2.2553
 86  8.950         3.7399         2.2719
 87  9.050         3.7552         2.2945
 88  9.150         3.7709         2.3223
 89  9.250         3.7875         2.3612
 90  9.350         3.8051         2.4036
 91  9.450         3.8238         2.4488
 92  9.550         3.8432         2.4829
 93  9.650         3.8632         2.5182
 94  9.750         3.8840         2.5539
 95  9.850         3.9055         2.5879
 96  9.950         3.9274         2.6202
 97 10.050         3.9500         2.6544
 98 10.150         3.9732         2.6900
 99 10.250         3.9970         2.7239
100 10.350         4.0214         2.7589
101 10.450         4.0464         2.7936
102 10.550         4.0719         2.8287
103 10.650         4.0981         2.8658
104 10.750         4.1251         2.9053
105 10.850         4.1531         2.9474
106 10.950         4.1821         2.9927
107 11.050         4.2121         3.0368
108 11.150         4.2444         3.1002
109 11.250         4.2750         3.1066
110 11.350         4.3105         3.2060
111 11.450         4.3433         3.2052
112 11.550         4.3742         3.2104
113 11.650         4.4041         3.2272
114 11.750         4.4334         3.2475
115 11.850         4.4626         3.2757
116 11.950         4.4914         3.2996
117 12.050         4.5199         3.3220
118 12.150         4.5480         3.3456
119 12.250         4.5758         3.3677
120 12.350         4.6030         3.3866
121 12.450         4.6298         3.4064
122 12.550         4.6561         3.4261
123 12.650         4.6825         3.4534
124 12.750         4.7090         3.4810
125 12.850         4.7361         3.5176
126 12.950         4.7638         3.5552
127 13.050         4.7921         3.5918
128 13.150         4.8211         3.6306
129 13.250         4.8507         3.6695
130 13.350         4.8805         3.7022
131 13.450         4.9102         3.7313
132 13.550         4.9402         3.7639
133 13.650         4.9702         3.7943
134 13.750         5.0000         3.8220
