#NUMBER OF AGES=15
#----------------------------------------------------       
#MIX-LEN  Y      Z          Zeff        [Fe/H] [a/Fe]       
# 1.9380  0.2484 2.0985E-03 2.0985E-03  -0.90   0.00        
#----------------------------------------------------       
#**PHOTOMETRIC SYSTEM**: SDSS (AB)                          
#----------------------------------------------------       
#AGE= 0.010 BINS=131 Power-law IMF: x=-2.350
# N  sdss_r       Log10(N)       Log10(dN)
  1 -1.514            NaN         0.0000
  2 -1.414            NaN         0.0000
  3 -1.314            NaN         0.0000
  4 -1.214            NaN         0.0000
  5 -1.114            NaN         0.0000
  6 -1.014            NaN        -0.0737
  7 -0.914            NaN        -0.0737
  8 -0.814            NaN         0.6114
  9 -0.714            NaN         0.8862
 10 -0.614            NaN         1.0012
 11 -0.514            NaN         1.0358
 12 -0.414            NaN         1.0828
 13 -0.314         0.8731         1.1172
 14 -0.214         1.3135         1.1178
 15 -0.114         1.5475         1.1671
 16 -0.014         1.6989         1.1680
 17  0.086         2.0018         1.7026
 18  0.186         2.2209         1.8189
 19  0.286         2.3731         1.8438
 20  0.386         2.4854         1.8429
 21  0.486         2.5771         1.8569
 22  0.586         2.6822         2.0145
 23  0.686         2.7507         1.9151
 24  0.786         2.8552         2.1853
 25  0.886         2.9483         2.2337
 26  0.986         3.0046         2.0893
 27  1.086         3.0473         2.0191
 28  1.186         3.0883         2.0432
 29  1.286         3.1321         2.1133
 30  1.386         3.1766         2.1659
 31  1.486         3.2532         2.4615
 32  1.586         3.3211         2.4816
 33  1.686         3.3580         2.2689
 34  1.786         3.3826         2.1247
 35  1.886         3.4071         2.1451
 36  1.986         3.4300         2.1417
 37  2.086         3.4513         2.1312
 38  2.186         3.4717         2.1337
 39  2.286         3.4919         2.1495
 40  2.386         3.5121         2.1698
 41  2.486         3.5320         2.1832
 42  2.586         3.5517         2.1977
 43  2.686         3.5712         2.2134
 44  2.786         3.5906         2.2302
 45  2.886         3.6092         2.2334
 46  2.986         3.6275         2.2418
 47  3.086         3.6462         2.2715
 48  3.186         3.6665         2.3261
 49  3.286         3.6892         2.3956
 50  3.386         3.7169         2.5087
 51  3.486         3.7355         2.3566
 52  3.586         3.7524         2.3349
 53  3.686         3.7692         2.3494
 54  3.786         3.7855         2.3518
 55  3.886         3.8013         2.3539
 56  3.986         3.8168         2.3599
 57  4.086         3.8320         2.3697
 58  4.186         3.8455         2.3313
 59  4.286         3.8572         2.2822
 60  4.386         3.8688         2.2885
 61  4.486         3.8802         2.2943
 62  4.586         3.8915         2.3002
 63  4.686         3.9026         2.3067
 64  4.786         3.9137         2.3138
 65  4.886         3.9247         2.3215
 66  4.986         3.9356         2.3297
 67  5.086         3.9464         2.3386
 68  5.186         3.9572         2.3481
 69  5.286         3.9680         2.3583
 70  5.386         3.9788         2.3691
 71  5.486         3.9896         2.3806
 72  5.586         4.0005         2.3928
 73  5.686         4.0114         2.4050
 74  5.786         4.0222         2.4125
 75  5.886         4.0329         2.4211
 76  5.986         4.0437         2.4326
 77  6.086         4.0546         2.4472
 78  6.186         4.0656         2.4651
 79  6.286         4.0769         2.4863
 80  6.386         4.0885         2.5101
 81  6.486         4.1003         2.5299
 82  6.586         4.1122         2.5440
 83  6.686         4.1205         2.3957
 84  6.786         4.1210         1.1898
 85  6.886         4.1249         2.0711
 86  6.986         4.1304         2.2310
 87  7.086         4.1373         2.3361
 88  7.186         4.1457         2.4304
 89  7.286         4.1553         2.4917
 90  7.386         4.1653         2.5247
 91  7.486         4.1755         2.5390
 92  7.586         4.1851         2.5266
 93  7.686         4.1955         2.5700
 94  7.786         4.2067         2.6107
 95  7.886         4.2186         2.6525
 96  7.986         4.2732         3.3459
 97  8.086         4.3618         3.6275
 98  8.186         4.4051         3.3827
 99  8.286         4.4351         3.2597
100  8.386         4.4612         3.2264
101  8.486         4.4852         3.2164
102  8.586         4.5081         3.2185
103  8.686         4.5302         3.2266
104  8.786         4.5518         3.2362
105  8.886         4.5725         3.2412
106  8.986         4.5922         3.2399
107  9.086         4.6102         3.2188
108  9.186         4.6266         3.1935
109  9.286         4.6416         3.1726
110  9.386         4.6557         3.1606
111  9.486         4.6700         3.1807
112  9.586         4.6827         3.1438
113  9.686         4.6970         3.2065
114  9.786         4.7111         3.2164
115  9.886         4.7252         3.2298
116  9.986         4.7394         3.2466
117 10.086         4.7538         3.2668
118 10.186         4.7685         3.2904
119 10.286         4.7836         3.3171
120 10.386         4.7992         3.3469
121 10.486         4.8154         3.3795
122 10.586         4.8322         3.4118
123 10.686         4.8492         3.4312
124 10.786         4.8662         3.4514
125 10.886         4.8835         3.4751
126 10.986         4.9012         3.5027
127 11.086         4.9195         3.5344
128 11.186         4.9385         3.5704
129 11.286         4.9585         3.6119
130 11.386         4.9792         3.6481
131 11.486         5.0000         3.6691


#AGE= 0.100 BINS=129 Power-law IMF: x=-2.350
# N  sdss_r       Log10(N)       Log10(dN)
  1 -1.207            NaN         3.6691
  2 -1.107            NaN         3.6691
  3 -1.007            NaN         3.6691
  4 -0.907            NaN         3.6691
  5 -0.807            NaN         3.6691
  6 -0.707            NaN         3.6691
  7 -0.607            NaN         0.5588
  8 -0.507            NaN         0.8638
  9 -0.407            NaN         1.0370
 10 -0.307            NaN         1.0420
 11 -0.207            NaN         1.1036
 12 -0.107         0.9337         1.1311
 13 -0.007         1.3692         1.1707
 14  0.093         1.5783         1.1606
 15  0.193         1.9301         1.6745
 16  0.293         2.1297         1.6962
 17  0.393         2.2726         1.7203
 18  0.493         2.3976         1.7958
 19  0.593         2.5112         1.8732
 20  0.693         2.6112         1.9245
 21  0.793         2.7042         1.9890
 22  0.893         2.7703         1.9204
 23  0.993         2.8445         2.0402
 24  1.093         2.9592         2.3248
 25  1.193         3.0140         2.0885
 26  1.293         3.0591         2.0523
 27  1.393         3.1050         2.1071
 28  1.493         3.1534         2.1758
 29  1.593         3.2262         2.4148
 30  1.693         3.2975         2.4776
 31  1.793         3.3354         2.2574
 32  1.893         3.3622         2.1389
 33  1.993         3.3872         2.1357
 34  2.093         3.4116         2.1489
 35  2.193         3.4342         2.1384
 36  2.293         3.4554         2.1340
 37  2.393         3.4761         2.1434
 38  2.493         3.4967         2.1638
 39  2.593         3.5171         2.1791
 40  2.693         3.5373         2.1940
 41  2.793         3.5573         2.2102
 42  2.893         3.5772         2.2278
 43  2.993         3.5964         2.2334
 44  3.093         3.6152         2.2423
 45  3.193         3.6345         2.2734
 46  3.293         3.6556         2.3302
 47  3.393         3.6817         2.4488
 48  3.493         3.7057         2.4358
 49  3.593         3.7245         2.3498
 50  3.693         3.7418         2.3357
 51  3.793         3.7591         2.3493
 52  3.893         3.7757         2.3495
 53  3.993         3.7918         2.3528
 54  4.093         3.8076         2.3606
 55  4.193         3.8230         2.3662
 56  4.293         3.8352         2.2787
 57  4.393         3.8473         2.2854
 58  4.493         3.8592         2.2916
 59  4.593         3.8710         2.2975
 60  4.693         3.8826         2.3030
 61  4.793         3.8940         2.3090
 62  4.893         3.9053         2.3155
 63  4.993         3.9165         2.3227
 64  5.093         3.9277         2.3306
 65  5.193         3.9387         2.3391
 66  5.293         3.9497         2.3483
 67  5.393         3.9607         2.3583
 68  5.493         3.9717         2.3689
 69  5.593         3.9827         2.3802
 70  5.693         3.9937         2.3923
 71  5.793         4.0047         2.4044
 72  5.893         4.0157         2.4117
 73  5.993         4.0266         2.4204
 74  6.093         4.0375         2.4324
 75  6.193         4.0485         2.4478
 76  6.293         4.0597         2.4667
 77  6.393         4.0713         2.4893
 78  6.493         4.0831         2.5119
 79  6.593         4.0950         2.5289
 80  6.693         4.1060         2.5010
 81  6.793         4.1147         2.4125
 82  6.893         4.1207         2.2574
 83  6.993         4.1222         1.6769
 84  7.093         4.1261         2.0753
 85  7.193         4.1322         2.2790
 86  7.293         4.1405         2.4149
 87  7.393         4.1500         2.4873
 88  7.493         4.1604         2.5344
 89  7.593         4.1708         2.5442
 90  7.693         4.1813         2.5584
 91  7.793         4.1926         2.6023
 92  7.893         4.2046         2.6417
 93  7.993         4.2174         2.6793
 94  8.093         4.2309         2.7160
 95  8.193         4.2464         2.7923
 96  8.293         4.3721         3.7723
 97  8.393         4.4118         3.3528
 98  8.493         4.4404         3.2456
 99  8.593         4.4660         3.2231
100  8.693         4.4902         3.2241
101  8.793         4.5137         3.2358
102  8.893         4.5368         3.2497
103  8.993         4.5591         3.2595
104  9.093         4.5804         3.2610
105  9.193         4.5997         3.2383
106  9.293         4.6171         3.2107
107  9.393         4.6330         3.1889
108  9.493         4.6484         3.1897
109  9.593         4.6624         3.1623
110  9.693         4.6777         3.2175
111  9.793         4.6926         3.2220
112  9.893         4.7073         3.2298
113  9.993         4.7219         3.2411
114 10.093         4.7365         3.2560
115 10.193         4.7513         3.2745
116 10.293         4.7663         3.2966
117 10.393         4.7816         3.3220
118 10.493         4.7974         3.3507
119 10.593         4.8138         3.3825
120 10.693         4.8308         3.4163
121 10.793         4.8481         3.4389
122 10.893         4.8655         3.4591
123 10.993         4.8831         3.4824
124 11.093         4.9011         3.5090
125 11.193         4.9196         3.5392
126 11.293         4.9387         3.5732
127 11.393         4.9587         3.6120
128 11.493         4.9793         3.6462
129 11.593         5.0000         3.6670


#AGE= 1.000 BINS=137 Power-law IMF: x=-2.350
# N  sdss_r       Log10(N)       Log10(dN)
  1 -0.939         0.0495         0.0495
  2 -0.839         0.3475         0.0435
  3 -0.739         0.5223         0.0425
  4 -0.639         0.6477         0.0473
  5 -0.539         0.7450         0.0473
  6 -0.439         0.8231         0.0396
  7 -0.339         0.8879         0.0297
  8 -0.239         0.9437         0.0249
  9 -0.139         0.9924         0.0179
 10 -0.039         1.0355         0.0106
 11  0.061         1.0742         0.0060
 12  0.161         1.1093        -0.0008
 13  0.261         1.1412        -0.0091
 14  0.361         1.1703        -0.0177
 15  0.461         1.1972        -0.0243
 16  0.561         1.3615         0.8597
 17  0.661         1.4624         0.7791
 18  0.761         1.5372         0.7367
 19  0.861         1.5827         0.5799
 20  0.961         1.6012         0.2214
 21  1.061         1.7528         1.2221
 22  1.161         1.9708         1.5671
 23  1.261         2.1056         1.5317
 24  1.361         2.2134         1.5554
 25  1.461         2.3059         1.5891
 26  1.561         2.3903         1.6372
 27  1.661         2.4697         1.6928
 28  1.761         2.5445         1.7439
 29  1.861         2.6093         1.7507
 30  1.961         2.6760         1.8299
 31  2.061         2.7430         1.8977
 32  2.161         2.8070         1.9442
 33  2.261         2.8658         1.9679
 34  2.361         2.9167         1.9608
 35  2.461         2.9625         1.9627
 36  2.561         3.0133         2.0564
 37  2.661         3.0580         2.0481
 38  2.761         3.0981         2.0436
 39  2.861         3.1340         2.0331
 40  2.961         3.1663         2.0224
 41  3.061         3.1974         2.0362
 42  3.161         3.2267         2.0421
 43  3.261         3.2541         2.0400
 44  3.361         3.2809         2.0575
 45  3.461         3.3090         2.1059
 46  3.561         3.3367         2.1281
 47  3.661         3.3617         2.1098
 48  3.761         3.3845         2.0935
 49  3.861         3.4070         2.1097
 50  3.961         3.4290         2.1225
 51  4.061         3.4505         2.1353
 52  4.161         3.4716         2.1471
 53  4.261         3.4927         2.1683
 54  4.361         3.5134         2.1821
 55  4.461         3.5336         2.1897
 56  4.561         3.5530         2.1942
 57  4.661         3.5720         2.2023
 58  4.761         3.5907         2.2165
 59  4.861         3.6091         2.2266
 60  4.961         3.6271         2.2352
 61  5.061         3.6447         2.2442
 62  5.161         3.6620         2.2536
 63  5.261         3.6790         2.2634
 64  5.361         3.6958         2.2738
 65  5.461         3.7123         2.2845
 66  5.561         3.7286         2.2958
 67  5.661         3.7448         2.3075
 68  5.761         3.7609         2.3212
 69  5.861         3.7770         2.3387
 70  5.961         3.7930         2.3525
 71  6.061         3.8088         2.3620
 72  6.161         3.8243         2.3673
 73  6.261         3.8392         2.3683
 74  6.361         3.8535         2.3648
 75  6.461         3.8672         2.3589
 76  6.561         3.8804         2.3577
 77  6.661         3.8933         2.3591
 78  6.761         3.9060         2.3633
 79  6.861         3.9184         2.3692
 80  6.961         3.9306         2.3730
 81  7.061         3.9427         2.3808
 82  7.161         3.9541         2.3701
 83  7.261         3.9635         2.2914
 84  7.361         3.9752         2.3991
 85  7.461         3.9868         2.4089
 86  7.561         3.9985         2.4219
 87  7.661         4.0101         2.4309
 88  7.761         4.0216         2.4396
 89  7.861         4.0333         2.4602
 90  7.961         4.0454         2.4825
 91  8.061         4.0579         2.5109
 92  8.161         4.0706         2.5320
 93  8.261         4.0836         2.5520
 94  8.361         4.0968         2.5731
 95  8.461         4.1104         2.5983
 96  8.561         4.1244         2.6280
 97  8.661         4.1392         2.6621
 98  8.761         4.1543         2.6891
 99  8.861         4.1700         2.7199
100  8.961         4.1860         2.7446
101  9.061         4.2028         2.7812
102  9.161         4.2213         2.8409
103  9.261         4.2411         2.8918
104  9.361         4.2619         2.9313
105  9.461         4.2830         2.9587
106  9.561         4.3041         2.9807
107  9.661         4.3253         3.0027
108  9.761         4.3461         3.0165
109  9.861         4.3674         3.0479
110  9.961         4.3911         3.1161
111 10.061         4.4167         3.1732
112 10.161         4.4426         3.2064
113 10.261         4.4689         3.2374
114 10.361         4.4955         3.2701
115 10.461         4.5221         3.2955
116 10.561         4.5482         3.3134
117 10.661         4.5733         3.3232
118 10.761         4.5977         3.3346
119 10.861         4.6215         3.3491
120 10.961         4.6449         3.3640
121 11.061         4.6678         3.3792
122 11.161         4.6904         3.3948
123 11.261         4.7126         3.4109
124 11.361         4.7346         3.4273
125 11.461         4.7561         3.4412
126 11.561         4.7773         3.4545
127 11.661         4.7981         3.4692
128 11.761         4.8188         3.4854
129 11.861         4.8393         3.5032
130 11.961         4.8598         3.5227
131 12.061         4.8802         3.5428
132 12.161         4.9005         3.5611
133 12.261         4.9208         3.5785
134 12.361         4.9408         3.5951
135 12.461         4.9606         3.6105
136 12.561         4.9803         3.6270
137 12.661         5.0000         3.6462


#AGE= 2.000 BINS=159 Power-law IMF: x=-2.350
# N  sdss_r       Log10(N)       Log10(dN)
  1 -2.816        -0.5487        -0.5487
  2 -2.716        -0.2392        -0.5319
  3 -2.616        -0.0530        -0.5106
  4 -2.516         0.0826        -0.4889
  5 -2.416         0.1920        -0.4604
  6 -2.316         0.2841        -0.4345
  7 -2.216         0.3646        -0.4072
  8 -2.116         0.4361        -0.3828
  9 -2.016         0.5014        -0.3538
 10 -1.916         0.5616        -0.3263
 11 -1.816         0.6175        -0.3001
 12 -1.716         0.6700        -0.2740
 13 -1.616         0.7199        -0.2440
 14 -1.516         0.7677        -0.2148
 15 -1.416         0.8135        -0.1861
 16 -1.316         0.8548        -0.1878
 17 -1.216         0.8947        -0.1618
 18 -1.116         0.9359        -0.1075
 19 -1.016         0.9764        -0.0740
 20 -0.916         1.0159        -0.0444
 21 -0.816         1.0531        -0.0326
 22 -0.716         1.1688         0.5376
 23 -0.616         1.2210         0.2754
 24 -0.516         1.2509         0.0730
 25 -0.416         1.2869         0.1880
 26 -0.316         1.3302         0.3076
 27 -0.216         1.3623         0.2146
 28 -0.116         1.3910         0.1966
 29 -0.016         1.4200         0.2307
 30  0.084         1.4492         0.2620
 31  0.184         1.4785         0.2931
 32  0.284         1.5078         0.3224
 33  0.384         1.5369         0.3493
 34  0.484         1.5659         0.3758
 35  0.584         1.5947         0.4024
 36  0.684         1.6233         0.4264
 37  0.784         1.6517         0.4536
 38  0.884         1.6796         0.4742
 39  0.984         1.7075         0.5002
 40  1.084         1.7349         0.5222
 41  1.184         1.7619         0.5411
 42  1.284         1.7885         0.5638
 43  1.384         1.8149         0.5845
 44  1.484         1.8409         0.6046
 45  1.584         1.9810         1.4216
 46  1.684         2.0967         1.4657
 47  1.784         2.1998         1.5246
 48  1.884         2.2648         1.4084
 49  1.984         2.3207         1.4024
 50  2.084         2.3956         1.5955
 51  2.184         2.4583         1.5863
 52  2.284         2.5210         1.6501
 53  2.384         2.5855         1.7252
 54  2.484         2.6482         1.7766
 55  2.584         2.7059         1.8006
 56  2.684         2.7595         1.8247
 57  2.784         2.8113         1.8619
 58  2.884         2.8594         1.8802
 59  2.984         2.9040         1.8933
 60  3.084         2.9457         1.9075
 61  3.184         2.9856         1.9289
 62  3.284         3.0257         1.9715
 63  3.384         3.0643         1.9941
 64  3.484         3.0997         1.9931
 65  3.584         3.1321         1.9892
 66  3.684         3.1620         1.9847
 67  3.784         3.1916         2.0105
 68  3.884         3.2203         2.0255
 69  3.984         3.2467         2.0182
 70  4.084         3.2735         2.0499
 71  4.184         3.3004         2.0792
 72  4.284         3.3264         2.0903
 73  4.384         3.3512         2.0952
 74  4.484         3.3750         2.1029
 75  4.584         3.3983         2.1162
 76  4.684         3.4212         2.1312
 77  4.784         3.4435         2.1432
 78  4.884         3.4656         2.1613
 79  4.984         3.4874         2.1778
 80  5.084         3.5083         2.1791
 81  5.184         3.5287         2.1899
 82  5.284         3.5490         2.2085
 83  5.384         3.5689         2.2216
 84  5.484         3.5883         2.2285
 85  5.584         3.6071         2.2338
 86  5.684         3.6254         2.2416
 87  5.784         3.6434         2.2515
 88  5.884         3.6612         2.2647
 89  5.984         3.6789         2.2801
 90  6.084         3.6963         2.2900
 91  6.184         3.7131         2.2937
 92  6.284         3.7293         2.2913
 93  6.384         3.7447         2.2861
 94  6.484         3.7595         2.2855
 95  6.584         3.7740         2.2896
 96  6.684         3.7882         2.2975
 97  6.784         3.8022         2.3039
 98  6.884         3.8159         2.3075
 99  6.984         3.8295         2.3190
100  7.084         3.8419         2.2913
101  7.184         3.8533         2.2644
102  7.284         3.8659         2.3220
103  7.384         3.8784         2.3339
104  7.484         3.8912         2.3514
105  7.584         3.9038         2.3608
106  7.684         3.9163         2.3701
107  7.784         3.9288         2.3820
108  7.884         3.9416         2.4025
109  7.984         3.9547         2.4300
110  8.084         3.9682         2.4548
111  8.184         3.9821         2.4789
112  8.284         3.9962         2.4992
113  8.384         4.0105         2.5232
114  8.484         4.0253         2.5498
115  8.584         4.0406         2.5797
116  8.684         4.0563         2.6077
117  8.784         4.0726         2.6367
118  8.884         4.0888         2.6532
119  8.984         4.1053         2.6776
120  9.084         4.1241         2.7511
121  9.184         4.1449         2.8136
122  9.284         4.1670         2.8634
123  9.384         4.1899         2.9007
124  9.484         4.2128         2.9236
125  9.584         4.2354         2.9398
126  9.684         4.2589         2.9802
127  9.784         4.2810         2.9771
128  9.884         4.3032         2.9999
129  9.984         4.3273         3.0604
130 10.084         4.3529         3.1102
131 10.184         4.3798         3.1581
132 10.284         4.4072         3.1938
133 10.384         4.4338         3.2084
134 10.484         4.4601         3.2283
135 10.584         4.4859         3.2474
136 10.684         4.5112         3.2632
137 10.784         4.5357         3.2761
138 10.884         4.5597         3.2893
139 10.984         4.5831         3.3033
140 11.084         4.6061         3.3183
141 11.184         4.6287         3.3341
142 11.284         4.6510         3.3509
143 11.384         4.6731         3.3683
144 11.484         4.6948         3.3827
145 11.584         4.7162         3.3973
146 11.684         4.7373         3.4132
147 11.784         4.7582         3.4304
148 11.884         4.7790         3.4489
149 11.984         4.7997         3.4688
150 12.084         4.8204         3.4882
151 12.184         4.8410         3.5062
152 12.284         4.8614         3.5232
153 12.384         4.8816         3.5390
154 12.484         4.9016         3.5544
155 12.584         4.9214         3.5711
156 12.684         4.9412         3.5893
157 12.784         4.9608         3.6071
158 12.884         4.9804         3.6250
159 12.984         5.0000         3.6441


#AGE= 3.000 BINS=159 Power-law IMF: x=-2.350
# N  sdss_r       Log10(N)       Log10(dN)
  1 -2.886        -0.6685        -0.6685
  2 -2.786        -0.3484        -0.6311
  3 -2.686        -0.1597        -0.6128
  4 -2.586        -0.0221        -0.5882
  5 -2.486         0.0887        -0.5586
  6 -2.386         0.1816        -0.5341
  7 -2.286         0.2627        -0.5059
  8 -2.186         0.3344        -0.4834
  9 -2.086         0.3998        -0.4546
 10 -1.986         0.4605        -0.4239
 11 -1.886         0.5163        -0.4029
 12 -1.786         0.5691        -0.3717
 13 -1.686         0.6194        -0.3420
 14 -1.586         0.6673        -0.3139
 15 -1.486         0.7132        -0.2850
 16 -1.386         0.7579        -0.2523
 17 -1.286         0.8009        -0.2241
 18 -1.186         0.8419        -0.2036
 19 -1.086         0.8797        -0.1995
 20 -0.986         0.9175        -0.1613
 21 -0.886         0.9562        -0.1138
 22 -0.786         0.9944        -0.0802
 23 -0.686         1.0316        -0.0541
 24 -0.586         1.0680        -0.0260
 25 -0.486         1.2057         0.6399
 26 -0.386         1.2378         0.0899
 27 -0.286         1.2677         0.0916
 28 -0.186         1.2992         0.1430
 29 -0.086         1.3428         0.3228
 30  0.014         1.3753         0.2343
 31  0.114         1.4040         0.2090
 32  0.214         1.4315         0.2196
 33  0.314         1.4585         0.2380
 34  0.414         1.4858         0.2718
 35  0.514         1.5138         0.3093
 36  0.614         1.5422         0.3436
 37  0.714         1.5706         0.3714
 38  0.814         1.5995         0.4086
 39  0.914         1.6287         0.4420
 40  1.014         1.6581         0.4736
 41  1.114         1.6879         0.5096
 42  1.214         1.7179         0.5426
 43  1.314         1.7483         0.5787
 44  1.414         1.7793         0.6168
 45  1.514         1.8113         0.6632
 46  1.614         1.8449         0.7169
 47  1.714         1.8793         0.7602
 48  1.814         1.9128         0.7835
 49  1.914         1.9454         0.8053
 50  2.014         2.0957         1.5618
 51  2.114         2.2345         1.6717
 52  2.214         2.3237         1.5922
 53  2.314         2.3849         1.5037
 54  2.414         2.4457         1.5620
 55  2.514         2.5058         1.6172
 56  2.614         2.5669         1.6847
 57  2.714         2.6264         1.7342
 58  2.814         2.6827         1.7676
 59  2.914         2.7346         1.7863
 60  3.014         2.7799         1.7756
 61  3.114         2.8304         1.8710
 62  3.214         2.8823         1.9339
 63  3.314         2.9268         1.9154
 64  3.414         2.9672         1.9158
 65  3.514         3.0055         1.9314
 66  3.614         3.0423         1.9529
 67  3.714         3.0776         1.9694
 68  3.814         3.1113         1.9849
 69  3.914         3.1436         1.9982
 70  4.014         3.1763         2.0372
 71  4.114         3.2080         2.0552
 72  4.214         3.2382         2.0661
 73  4.314         3.2672         2.0764
 74  4.414         3.2951         2.0894
 75  4.514         3.3223         2.1063
 76  4.614         3.3488         2.1206
 77  4.714         3.3745         2.1340
 78  4.814         3.3997         2.1512
 79  4.914         3.4245         2.1681
 80  5.014         3.4485         2.1788
 81  5.114         3.4716         2.1861
 82  5.214         3.4944         2.2030
 83  5.314         3.5173         2.2281
 84  5.414         3.5394         2.2350
 85  5.514         3.5609         2.2440
 86  5.614         3.5817         2.2528
 87  5.714         3.6020         2.2620
 88  5.814         3.6217         2.2688
 89  5.914         3.6408         2.2749
 90  6.014         3.6594         2.2806
 91  6.114         3.6774         2.2852
 92  6.214         3.6948         2.2905
 93  6.314         3.7117         2.2935
 94  6.414         3.7280         2.2938
 95  6.514         3.7438         2.2952
 96  6.614         3.7592         2.3019
 97  6.714         3.7744         2.3115
 98  6.814         3.7893         2.3166
 99  6.914         3.8038         2.3216
100  7.014         3.8177         2.3151
101  7.114         3.8304         2.2897
102  7.214         3.8437         2.3233
103  7.314         3.8570         2.3363
104  7.414         3.8704         2.3545
105  7.514         3.8839         2.3692
106  7.614         3.8972         2.3764
107  7.714         3.9104         2.3869
108  7.814         3.9237         2.4009
109  7.914         3.9373         2.4275
110  8.014         3.9513         2.4527
111  8.114         3.9657         2.4793
112  8.214         3.9803         2.4999
113  8.314         3.9952         2.5222
114  8.414         4.0104         2.5466
115  8.514         4.0261         2.5767
116  8.614         4.0423         2.6062
117  8.714         4.0590         2.6353
118  8.814         4.0761         2.6627
119  8.914         4.0927         2.6671
120  9.014         4.1109         2.7231
121  9.114         4.1312         2.7908
122  9.214         4.1531         2.8466
123  9.314         4.1763         2.8913
124  9.414         4.1999         2.9240
125  9.514         4.2234         2.9449
126  9.614         4.2476         2.9806
127  9.714         4.2732         3.0324
128  9.814         4.2964         3.0121
129  9.914         4.3204         3.0501
130 10.014         4.3455         3.0958
131 10.114         4.3722         3.1472
132 10.214         4.3992         3.1796
133 10.314         4.4263         3.2069
134 10.414         4.4528         3.2265
135 10.514         4.4789         3.2438
136 10.614         4.5044         3.2616
137 10.714         4.5295         3.2776
138 10.814         4.5540         3.2931
139 10.914         4.5780         3.3088
140 11.014         4.6016         3.3244
141 11.114         4.6247         3.3399
142 11.214         4.6474         3.3551
143 11.314         4.6696         3.3673
144 11.414         4.6914         3.3803
145 11.514         4.7128         3.3951
146 11.614         4.7340         3.4120
147 11.714         4.7551         3.4309
148 11.814         4.7762         3.4520
149 11.914         4.7973         3.4738
150 12.014         4.8184         3.4936
151 12.114         4.8393         3.5117
152 12.214         4.8600         3.5282
153 12.314         4.8805         3.5433
154 12.414         4.9007         3.5587
155 12.514         4.9208         3.5754
156 12.614         4.9407         3.5932
157 12.714         4.9606         3.6103
158 12.814         4.9803         3.6279
159 12.914         5.0000         3.6470


#AGE= 4.000 BINS=156 Power-law IMF: x=-2.350
# N  sdss_r       Log10(N)       Log10(dN)
  1 -2.826        -0.7910        -0.7910
  2 -2.726        -0.4147        -0.6516
  3 -2.626        -0.2133        -0.6439
  4 -2.526        -0.0705        -0.6230
  5 -2.426         0.0433        -0.5940
  6 -2.326         0.1385        -0.5672
  7 -2.226         0.2208        -0.5423
  8 -2.126         0.2955        -0.5058
  9 -2.026         0.3617        -0.4878
 10 -1.926         0.4232        -0.4557
 11 -1.826         0.4803        -0.4292
 12 -1.726         0.5340        -0.4006
 13 -1.626         0.5850        -0.3708
 14 -1.526         0.6334        -0.3430
 15 -1.426         0.6801        -0.3113
 16 -1.326         0.7245        -0.2879
 17 -1.226         0.7683        -0.2500
 18 -1.126         0.8109        -0.2188
 19 -1.026         0.8514        -0.1992
 20 -0.926         0.8888        -0.1943
 21 -0.826         0.9264        -0.1548
 22 -0.726         0.9650        -0.1061
 23 -0.626         1.0025        -0.0787
 24 -0.526         1.0395        -0.0491
 25 -0.426         1.1010         0.2218
 26 -0.326         1.2084         0.5490
 27 -0.226         1.2397         0.0813
 28 -0.126         1.2697         0.0946
 29 -0.026         1.3133         0.2933
 30  0.074         1.3463         0.2116
 31  0.174         1.3755         0.1875
 32  0.274         1.4040         0.2066
 33  0.374         1.4317         0.2225
 34  0.474         1.4589         0.2435
 35  0.574         1.4867         0.2789
 36  0.674         1.5149         0.3136
 37  0.774         1.5438         0.3520
 38  0.874         1.5727         0.3819
 39  0.974         1.6020         0.4163
 40  1.074         1.6316         0.4505
 41  1.174         1.6615         0.4843
 42  1.274         1.6915         0.5165
 43  1.374         1.7219         0.5511
 44  1.474         1.7526         0.5868
 45  1.574         1.7839         0.6268
 46  1.674         1.8171         0.6827
 47  1.774         1.8518         0.7383
 48  1.874         1.8863         0.7687
 49  1.974         1.9199         0.7913
 50  2.074         1.9529         0.8170
 51  2.174         1.9853         0.8420
 52  2.274         2.0823         1.3838
 53  2.374         2.2711         1.8184
 54  2.474         2.3410         1.5129
 55  2.574         2.4080         1.5632
 56  2.674         2.4736         1.6207
 57  2.774         2.5377         1.6747
 58  2.874         2.5997         1.7238
 59  2.974         2.6589         1.7642
 60  3.074         2.7169         1.8137
 61  3.174         2.7726         1.8534
 62  3.274         2.8263         1.8916
 63  3.374         2.8774         1.9226
 64  3.474         2.9230         1.9216
 65  3.574         2.9684         1.9655
 66  3.674         3.0109         1.9800
 67  3.774         3.0510         1.9971
 68  3.874         3.0897         2.0206
 69  3.974         3.1271         2.0438
 70  4.074         3.1629         2.0612
 71  4.174         3.1973         2.0780
 72  4.274         3.2302         2.0934
 73  4.374         3.2620         2.1113
 74  4.474         3.2929         2.1303
 75  4.574         3.3228         2.1455
 76  4.674         3.3518         2.1611
 77  4.774         3.3800         2.1794
 78  4.874         3.4077         2.1978
 79  4.974         3.4344         2.2103
 80  5.074         3.4601         2.2201
 81  5.174         3.4852         2.2345
 82  5.274         3.5105         2.2623
 83  5.374         3.5348         2.2718
 84  5.474         3.5582         2.2778
 85  5.574         3.5810         2.2885
 86  5.674         3.6030         2.2973
 87  5.774         3.6244         2.3060
 88  5.874         3.6451         2.3135
 89  5.974         3.6652         2.3201
 90  6.074         3.6846         2.3249
 91  6.174         3.7033         2.3293
 92  6.274         3.7215         2.3339
 93  6.374         3.7391         2.3386
 94  6.474         3.7562         2.3417
 95  6.574         3.7726         2.3432
 96  6.674         3.7887         2.3480
 97  6.774         3.8045         2.3570
 98  6.874         3.8197         2.3583
 99  6.974         3.8343         2.3536
100  7.074         3.8487         2.3613
101  7.174         3.8628         2.3678
102  7.274         3.8768         2.3784
103  7.374         3.8909         2.3948
104  7.474         3.9051         2.4123
105  7.574         3.9191         2.4202
106  7.674         3.9329         2.4292
107  7.774         3.9468         2.4429
108  7.874         3.9608         2.4645
109  7.974         3.9754         2.4933
110  8.074         3.9903         2.5175
111  8.174         4.0054         2.5407
112  8.274         4.0208         2.5615
113  8.374         4.0365         2.5865
114  8.474         4.0526         2.6145
115  8.574         4.0693         2.6456
116  8.674         4.0864         2.6730
117  8.774         4.1040         2.7025
118  8.874         4.1219         2.7277
119  8.974         4.1399         2.7497
120  9.074         4.1598         2.8101
121  9.174         4.1814         2.8683
122  9.274         4.2045         2.9180
123  9.374         4.2285         2.9593
124  9.474         4.2529         2.9913
125  9.574         4.2776         3.0202
126  9.674         4.3044         3.0810
127  9.774         4.3298         3.0847
128  9.874         4.3547         3.1002
129  9.974         4.3803         3.1379
130 10.074         4.4070         3.1820
131 10.174         4.4343         3.2201
132 10.274         4.4617         3.2468
133 10.374         4.4885         3.2656
134 10.474         4.5145         3.2798
135 10.574         4.5401         3.2979
136 10.674         4.5654         3.3176
137 10.774         4.5902         3.3349
138 10.874         4.6144         3.3488
139 10.974         4.6380         3.3607
140 11.074         4.6610         3.3739
141 11.174         4.6836         3.3891
142 11.274         4.7060         3.4063
143 11.374         4.7282         3.4254
144 11.474         4.7501         3.4426
145 11.574         4.7718         3.4590
146 11.674         4.7932         3.4760
147 11.774         4.8145         3.4939
148 11.874         4.8356         3.5126
149 11.974         4.8567         3.5321
150 12.074         4.8777         3.5516
151 12.174         4.8986         3.5699
152 12.274         4.9193         3.5869
153 12.374         4.9397         3.6027
154 12.474         4.9599         3.6175
155 12.574         4.9800         3.6343
156 12.674         5.0000         3.6538


#AGE= 5.000 BINS=159 Power-law IMF: x=-2.350
# N  sdss_r       Log10(N)       Log10(dN)
  1 -2.798        -0.7687        -0.7687
  2 -2.698        -0.4573        -0.7483
  3 -2.598        -0.2799        -0.7542
  4 -2.498        -0.1501        -0.7382
  5 -2.398        -0.0515        -0.7437
  6 -2.298         0.0409        -0.6768
  7 -2.198         0.1182        -0.6690
  8 -2.098         0.1892        -0.6323
  9 -1.998         0.2537        -0.6067
 10 -1.898         0.3131        -0.5800
 11 -1.798         0.3684        -0.5545
 12 -1.698         0.4208        -0.5230
 13 -1.598         0.4707        -0.4939
 14 -1.498         0.5189        -0.4594
 15 -1.398         0.5647        -0.4353
 16 -1.298         0.6086        -0.4084
 17 -1.198         0.6518        -0.3715
 18 -1.098         0.6938        -0.3422
 19 -0.998         0.7348        -0.3106
 20 -0.898         0.7729        -0.3024
 21 -0.798         0.8098        -0.2793
 22 -0.698         0.8472        -0.2372
 23 -0.598         0.8848        -0.1958
 24 -0.498         0.9221        -0.1630
 25 -0.398         0.9572        -0.1518
 26 -0.298         1.0849         0.4910
 27 -0.198         1.1217         0.0318
 28 -0.098         1.1526        -0.0105
 29  0.002         1.1838         0.0241
 30  0.102         1.2279         0.2124
 31  0.202         1.2607         0.1231
 32  0.302         1.2900         0.1048
 33  0.402         1.3187         0.1243
 34  0.502         1.3462         0.1345
 35  0.602         1.3738         0.1629
 36  0.702         1.4022         0.2033
 37  0.802         1.4309         0.2367
 38  0.902         1.4600         0.2721
 39  1.002         1.4895         0.3058
 40  1.102         1.5193         0.3409
 41  1.202         1.5492         0.3729
 42  1.302         1.5795         0.4082
 43  1.402         1.6100         0.4405
 44  1.502         1.6410         0.4801
 45  1.602         1.6723         0.5144
 46  1.702         1.7044         0.5566
 47  1.802         1.7384         0.6149
 48  1.902         1.7749         0.6817
 49  2.002         1.8109         0.7116
 50  2.102         1.8467         0.7456
 51  2.202         1.8819         0.7721
 52  2.302         1.9159         0.7928
 53  2.402         1.9496         0.8236
 54  2.502         2.0604         1.4130
 55  2.602         2.2274         1.7315
 56  2.702         2.2988         1.4792
 57  2.802         2.3669         1.5285
 58  2.902         2.4328         1.5819
 59  3.002         2.4964         1.6305
 60  3.102         2.5573         1.6739
 61  3.202         2.6156         1.7149
 62  3.302         2.6714         1.7525
 63  3.402         2.7252         1.7915
 64  3.502         2.7767         1.8251
 65  3.602         2.8255         1.8516
 66  3.702         2.8714         1.8731
 67  3.802         2.9160         1.9057
 68  3.902         2.9590         1.9330
 69  4.002         3.0001         1.9562
 70  4.102         3.0391         1.9733
 71  4.202         3.0765         1.9924
 72  4.302         3.1125         2.0130
 73  4.402         3.1472         2.0326
 74  4.502         3.1806         2.0499
 75  4.602         3.2128         2.0664
 76  4.702         3.2441         2.0875
 77  4.802         3.2747         2.1068
 78  4.902         3.3043         2.1237
 79  5.002         3.3329         2.1365
 80  5.102         3.3603         2.1469
 81  5.202         3.3876         2.1721
 82  5.302         3.4144         2.1918
 83  5.402         3.4399         2.1963
 84  5.502         3.4646         2.2066
 85  5.602         3.4885         2.2178
 86  5.702         3.5117         2.2267
 87  5.802         3.5341         2.2364
 88  5.902         3.5558         2.2436
 89  6.002         3.5768         2.2497
 90  6.102         3.5970         2.2552
 91  6.202         3.6166         2.2606
 92  6.302         3.6355         2.2651
 93  6.402         3.6537         2.2674
 94  6.502         3.6713         2.2715
 95  6.602         3.6885         2.2761
 96  6.702         3.7052         2.2825
 97  6.802         3.7216         2.2892
 98  6.902         3.7374         2.2912
 99  7.002         3.7528         2.2936
100  7.102         3.7677         2.2971
101  7.202         3.7824         2.3041
102  7.302         3.7970         2.3176
103  7.402         3.8118         2.3345
104  7.502         3.8264         2.3483
105  7.602         3.8409         2.3549
106  7.702         3.8552         2.3675
107  7.802         3.8696         2.3824
108  7.902         3.8844         2.4105
109  8.002         3.8996         2.4363
110  8.102         3.9152         2.4615
111  8.202         3.9309         2.4814
112  8.302         3.9469         2.5047
113  8.402         3.9632         2.5309
114  8.502         3.9801         2.5599
115  8.602         3.9974         2.5895
116  8.702         4.0152         2.6194
117  8.802         4.0335         2.6490
118  8.902         4.0517         2.6659
119  9.002         4.0711         2.7099
120  9.102         4.0920         2.7653
121  9.202         4.1144         2.8145
122  9.302         4.1378         2.8579
123  9.402         4.1620         2.8953
124  9.502         4.1864         2.9243
125  9.602         4.2128         2.9831
126  9.702         4.2418         3.0520
127  9.802         4.2679         3.0337
128  9.902         4.2941         3.0624
129 10.002         4.3208         3.0952
130 10.102         4.3483         3.1363
131 10.202         4.3761         3.1684
132 10.302         4.4033         3.1873
133 10.402         4.4298         3.2024
134 10.502         4.4558         3.2197
135 10.602         4.4813         3.2369
136 10.702         4.5063         3.2553
137 10.802         4.5310         3.2730
138 10.902         4.5551         3.2872
139 11.002         4.5785         3.2985
140 11.102         4.6014         3.3110
141 11.202         4.6238         3.3262
142 11.302         4.6460         3.3441
143 11.402         4.6682         3.3640
144 11.502         4.6900         3.3811
145 11.602         4.7117         3.3983
146 11.702         4.7331         3.4161
147 11.802         4.7544         3.4347
148 11.902         4.7756         3.4540
149 12.002         4.7968         3.4740
150 12.102         4.8179         3.4933
151 12.202         4.8388         3.5112
152 12.302         4.8595         3.5277
153 12.402         4.8800         3.5431
154 12.502         4.9002         3.5591
155 12.602         4.9204         3.5763
156 12.702         4.9404         3.5946
157 12.802         4.9603         3.6121
158 12.902         4.9802         3.6302
159 13.002         5.0000         3.6493


#AGE= 6.000 BINS=158 Power-law IMF: x=-2.350
# N  sdss_r       Log10(N)       Log10(dN)
  1 -2.766        -0.7091        -0.7091
  2 -2.666        -0.4247        -0.7430
  3 -2.566        -0.2616        -0.7660
  4 -2.466        -0.1399        -0.7517
  5 -2.366        -0.0415        -0.7348
  6 -2.266         0.0463        -0.6908
  7 -2.166         0.1215        -0.6774
  8 -2.066         0.1897        -0.6477
  9 -1.966         0.2542        -0.6059
 10 -1.866         0.3121        -0.5914
 11 -1.766         0.3671        -0.5578
 12 -1.666         0.4190        -0.5293
 13 -1.566         0.4687        -0.4971
 14 -1.466         0.5158        -0.4731
 15 -1.366         0.5611        -0.4430
 16 -1.266         0.6049        -0.4132
 17 -1.166         0.6475        -0.3813
 18 -1.066         0.6890        -0.3510
 19 -0.966         0.7297        -0.3192
 20 -0.866         0.7695        -0.2879
 21 -0.766         0.8057        -0.2911
 22 -0.666         0.8427        -0.2463
 23 -0.566         0.8798        -0.2067
 24 -0.466         0.9169        -0.1698
 25 -0.366         0.9534        -0.1399
 26 -0.266         0.9895        -0.1088
 27 -0.166         1.1142         0.5113
 28 -0.066         1.1480         0.0226
 29  0.034         1.1788         0.0150
 30  0.134         1.2133         0.0956
 31  0.234         1.2570         0.2382
 32  0.334         1.2882         0.1292
 33  0.434         1.3175         0.1322
 34  0.534         1.3461         0.1503
 35  0.634         1.3735         0.1604
 36  0.734         1.4015         0.1957
 37  0.834         1.4304         0.2391
 38  0.934         1.4596         0.2734
 39  1.034         1.4888         0.3019
 40  1.134         1.5186         0.3396
 41  1.234         1.5486         0.3737
 42  1.334         1.5788         0.4054
 43  1.434         1.6094         0.4422
 44  1.534         1.6403         0.4772
 45  1.634         1.6713         0.5093
 46  1.734         1.7031         0.5521
 47  1.834         1.7359         0.5971
 48  1.934         1.7711         0.6628
 49  2.034         1.8077         0.7151
 50  2.134         1.8438         0.7457
 51  2.234         1.8798         0.7806
 52  2.334         1.9146         0.8007
 53  2.434         1.9483         0.8216
 54  2.534         1.9822         0.8581
 55  2.634         2.0217         0.9609
 56  2.734         2.2117         1.7612
 57  2.834         2.2859         1.4816
 58  2.934         2.3533         1.5112
 59  3.034         2.4178         1.5573
 60  3.134         2.4797         1.6030
 61  3.234         2.5392         1.6470
 62  3.334         2.5967         1.6899
 63  3.434         2.6522         1.7317
 64  3.534         2.7064         1.7753
 65  3.634         2.7600         1.8253
 66  3.734         2.8127         1.8706
 67  3.834         2.8630         1.9015
 68  3.934         2.9108         1.9288
 69  4.034         2.9561         1.9520
 70  4.134         2.9988         1.9707
 71  4.234         3.0393         1.9885
 72  4.334         3.0782         2.0109
 73  4.434         3.1155         2.0311
 74  4.534         3.1514         2.0506
 75  4.634         3.1860         2.0706
 76  4.734         3.2198         2.0939
 77  4.834         3.2524         2.1116
 78  4.934         3.2838         2.1274
 79  5.034         3.3139         2.1398
 80  5.134         3.3433         2.1597
 81  5.234         3.3725         2.1860
 82  5.334         3.4005         2.1947
 83  5.434         3.4272         2.2038
 84  5.534         3.4531         2.2158
 85  5.634         3.4781         2.2256
 86  5.734         3.5023         2.2367
 87  5.834         3.5257         2.2447
 88  5.934         3.5483         2.2530
 89  6.034         3.5700         2.2588
 90  6.134         3.5910         2.2647
 91  6.234         3.6113         2.2709
 92  6.334         3.6309         2.2755
 93  6.434         3.6497         2.2773
 94  6.534         3.6680         2.2823
 95  6.634         3.6857         2.2886
 96  6.734         3.7032         2.2984
 97  6.834         3.7200         2.3003
 98  6.934         3.7363         2.3015
 99  7.034         3.7521         2.3054
100  7.134         3.7676         2.3119
101  7.234         3.7829         2.3217
102  7.334         3.7981         2.3358
103  7.434         3.8134         2.3515
104  7.534         3.8284         2.3607
105  7.634         3.8433         2.3715
106  7.734         3.8581         2.3830
107  7.834         3.8732         2.4069
108  7.934         3.8887         2.4321
109  8.034         3.9046         2.4609
110  8.134         3.9207         2.4813
111  8.234         3.9370         2.5032
112  8.334         3.9536         2.5277
113  8.434         3.9706         2.5551
114  8.534         3.9881         2.5848
115  8.634         4.0061         2.6146
116  8.734         4.0245         2.6417
117  8.834         4.0433         2.6722
118  8.934         4.0630         2.7085
119  9.034         4.0835         2.7483
120  9.134         4.1050         2.7886
121  9.234         4.1274         2.8280
122  9.334         4.1507         2.8690
123  9.434         4.1753         2.9161
124  9.534         4.2016         2.9706
125  9.634         4.2300         3.0321
126  9.734         4.2590         3.0696
127  9.834         4.2862         3.0695
128  9.934         4.3135         3.0975
129 10.034         4.3411         3.1312
130 10.134         4.3692         3.1663
131 10.234         4.3972         3.1914
132 10.334         4.4245         3.2094
133 10.434         4.4508         3.2210
134 10.534         4.4767         3.2381
135 10.634         4.5020         3.2552
136 10.734         4.5269         3.2734
137 10.834         4.5514         3.2903
138 10.934         4.5753         3.3033
139 11.034         4.5985         3.3151
140 11.134         4.6213         3.3293
141 11.234         4.6437         3.3462
142 11.334         4.6660         3.3642
143 11.434         4.6878         3.3792
144 11.534         4.7094         3.3956
145 11.634         4.7309         3.4136
146 11.734         4.7522         3.4334
147 11.834         4.7736         3.4550
148 11.934         4.7950         3.4770
149 12.034         4.8164         3.4971
150 12.134         4.8375         3.5153
151 12.234         4.8585         3.5313
152 12.334         4.8791         3.5463
153 12.434         4.8996         3.5624
154 12.534         4.9199         3.5796
155 12.634         4.9401         3.5975
156 12.734         4.9601         3.6144
157 12.834         4.9801         3.6322
158 12.934         5.0000         3.6514


#AGE= 7.000 BINS=156 Power-law IMF: x=-2.350
# N  sdss_r       Log10(N)       Log10(dN)
  1 -2.677        -0.7788        -0.7788
  2 -2.577        -0.4822        -0.7878
  3 -2.477        -0.3072        -0.7865
  4 -2.377        -0.1833        -0.7885
  5 -2.277        -0.0808        -0.7580
  6 -2.177         0.0077        -0.7266
  7 -2.077         0.0847        -0.7048
  8 -1.977         0.1574        -0.6545
  9 -1.877         0.2198        -0.6535
 10 -1.777         0.2785        -0.6197
 11 -1.677         0.3348        -0.5806
 12 -1.577         0.3875        -0.5543
 13 -1.477         0.4365        -0.5354
 14 -1.377         0.4850        -0.4914
 15 -1.277         0.5310        -0.4667
 16 -1.177         0.5754        -0.4372
 17 -1.077         0.6175        -0.4162
 18 -0.977         0.6599        -0.3714
 19 -0.877         0.7010        -0.3437
 20 -0.777         0.7404        -0.3213
 21 -0.677         0.7772        -0.3129
 22 -0.577         0.8150        -0.2639
 23 -0.477         0.8526        -0.2289
 24 -0.377         0.8900        -0.1933
 25 -0.277         0.9260        -0.1734
 26 -0.177         0.9643        -0.1099
 27 -0.077         1.0865         0.4761
 28  0.023         1.1205        -0.0023
 29  0.123         1.1516        -0.0095
 30  0.223         1.1863         0.0722
 31  0.323         1.2308         0.2196
 32  0.423         1.2625         0.1101
 33  0.523         1.2923         0.1133
 34  0.623         1.3210         0.1263
 35  0.723         1.3488         0.1413
 36  0.823         1.3770         0.1760
 37  0.923         1.4059         0.2151
 38  1.023         1.4354         0.2518
 39  1.123         1.4651         0.2857
 40  1.223         1.4950         0.3184
 41  1.323         1.5250         0.3496
 42  1.423         1.5557         0.3894
 43  1.523         1.5863         0.4193
 44  1.623         1.6174         0.4571
 45  1.723         1.6486         0.4897
 46  1.823         1.6806         0.5314
 47  1.923         1.7138         0.5805
 48  2.023         1.7493         0.6441
 49  2.123         1.7863         0.6989
 50  2.223         1.8231         0.7325
 51  2.323         1.8593         0.7620
 52  2.423         1.8940         0.7796
 53  2.523         1.9275         0.7974
 54  2.623         1.9602         0.8207
 55  2.723         1.9936         0.8633
 56  2.823         2.0527         1.1576
 57  2.923         2.2289         1.7518
 58  3.023         2.3022         1.4933
 59  3.123         2.3724         1.5464
 60  3.223         2.4405         1.6024
 61  3.323         2.5069         1.6584
 62  3.423         2.5710         1.7086
 63  3.523         2.6329         1.7565
 64  3.623         2.6922         1.7975
 65  3.723         2.7492         1.8394
 66  3.823         2.8050         1.8859
 67  3.923         2.8571         1.9107
 68  4.023         2.9060         1.9333
 69  4.123         2.9531         1.9654
 70  4.223         2.9977         1.9864
 71  4.323         3.0401         2.0090
 72  4.423         3.0807         2.0318
 73  4.523         3.1196         2.0517
 74  4.623         3.1571         2.0744
 75  4.723         3.1935         2.0993
 76  4.823         3.2285         2.1173
 77  4.923         3.2622         2.1356
 78  5.023         3.2943         2.1473
 79  5.123         3.3258         2.1699
 80  5.223         3.3569         2.1963
 81  5.323         3.3864         2.2046
 82  5.423         3.4148         2.2155
 83  5.523         3.4421         2.2276
 84  5.623         3.4686         2.2396
 85  5.723         3.4940         2.2495
 86  5.823         3.5187         2.2602
 87  5.923         3.5423         2.2669
 88  6.023         3.5652         2.2751
 89  6.123         3.5872         2.2804
 90  6.223         3.6084         2.2870
 91  6.323         3.6289         2.2934
 92  6.423         3.6486         2.2950
 93  6.523         3.6676         2.2991
 94  6.623         3.6862         2.3076
 95  6.723         3.7044         2.3184
 96  6.823         3.7218         2.3166
 97  6.923         3.7387         2.3201
 98  7.023         3.7552         2.3254
 99  7.123         3.7713         2.3320
100  7.223         3.7871         2.3418
101  7.323         3.8029         2.3565
102  7.423         3.8186         2.3689
103  7.523         3.8342         2.3802
104  7.623         3.8495         2.3889
105  7.723         3.8648         2.4047
106  7.823         3.8803         2.4239
107  7.923         3.8963         2.4553
108  8.023         3.9127         2.4806
109  8.123         3.9292         2.5015
110  8.223         3.9459         2.5234
111  8.323         3.9629         2.5478
112  8.423         3.9804         2.5755
113  8.523         3.9984         2.6063
114  8.623         4.0168         2.6344
115  8.723         4.0356         2.6631
116  8.823         4.0549         2.6925
117  8.923         4.0746         2.7234
118  9.023         4.0955         2.7666
119  9.123         4.1175         2.8107
120  9.223         4.1405         2.8530
121  9.323         4.1644         2.8939
122  9.423         4.1890         2.9296
123  9.523         4.2149         2.9772
124  9.623         4.2442         3.0584
125  9.723         4.2738         3.0928
126  9.823         4.3021         3.1022
127  9.923         4.3301         3.1255
128 10.023         4.3584         3.1586
129 10.123         4.3870         3.1906
130 10.223         4.4151         3.2131
131 10.323         4.4427         3.2319
132 10.423         4.4694         3.2447
133 10.523         4.4954         3.2599
134 10.623         4.5208         3.2755
135 10.723         4.5458         3.2933
136 10.823         4.5703         3.3098
137 10.923         4.5942         3.3230
138 11.023         4.6176         3.3363
139 11.123         4.6405         3.3512
140 11.223         4.6630         3.3660
141 11.323         4.6849         3.3780
142 11.423         4.7066         3.3928
143 11.523         4.7280         3.4112
144 11.623         4.7495         3.4333
145 11.723         4.7711         3.4577
146 11.823         4.7928         3.4800
147 11.923         4.8144         3.5002
148 12.023         4.8358         3.5182
149 12.123         4.8570         3.5340
150 12.223         4.8779         3.5503
151 12.323         4.8986         3.5674
152 12.423         4.9192         3.5845
153 12.523         4.9396         3.6016
154 12.623         4.9598         3.6178
155 12.723         4.9799         3.6352
156 12.823         5.0000         3.6545


#AGE= 8.000 BINS=154 Power-law IMF: x=-2.350
# N  sdss_r       Log10(N)       Log10(dN)
  1 -2.620        -0.7481        -0.7481
  2 -2.520        -0.4536        -0.7613
  3 -2.420        -0.2846        -0.7761
  4 -2.320        -0.1630        -0.7755
  5 -2.220        -0.0593        -0.7319
  6 -2.120         0.0297        -0.7024
  7 -2.020         0.1078        -0.6758
  8 -1.920         0.1760        -0.6615
  9 -1.820         0.2396        -0.6262
 10 -1.720         0.2998        -0.5886
 11 -1.620         0.3552        -0.5660
 12 -1.520         0.4083        -0.5308
 13 -1.420         0.4582        -0.5065
 14 -1.320         0.5064        -0.4720
 15 -1.220         0.5512        -0.4573
 16 -1.120         0.5967        -0.4061
 17 -1.020         0.6398        -0.3850
 18 -0.920         0.6817        -0.3538
 19 -0.820         0.7225        -0.3249
 20 -0.720         0.7630        -0.2884
 21 -0.620         0.8008        -0.2773
 22 -0.520         0.8381        -0.2472
 23 -0.420         0.8757        -0.2047
 24 -0.320         0.9134        -0.1677
 25 -0.220         0.9505        -0.1359
 26 -0.120         0.9866        -0.1113
 27 -0.020         1.1087         0.4979
 28  0.080         1.1442         0.0389
 29  0.180         1.1761         0.0271
 30  0.280         1.2078         0.0542
 31  0.380         1.2540         0.2587
 32  0.480         1.2872         0.1541
 33  0.580         1.3175         0.1448
 34  0.680         1.3466         0.1587
 35  0.780         1.3750         0.1767
 36  0.880         1.4035         0.2069
 37  0.980         1.4331         0.2509
 38  1.080         1.4631         0.2874
 39  1.180         1.4932         0.3202
 40  1.280         1.5237         0.3538
 41  1.380         1.5543         0.3872
 42  1.480         1.5853         0.4233
 43  1.580         1.6165         0.4585
 44  1.680         1.6483         0.4962
 45  1.780         1.6802         0.5306
 46  1.880         1.7126         0.5687
 47  1.980         1.7461         0.6171
 48  2.080         1.7816         0.6761
 49  2.180         1.8198         0.7452
 50  2.280         1.8578         0.7810
 51  2.380         1.8954         0.8141
 52  2.480         1.9316         0.8342
 53  2.580         1.9663         0.8518
 54  2.680         2.0001         0.8746
 55  2.780         2.0344         0.9150
 56  2.880         2.0726         0.9978
 57  2.980         2.1929         1.5768
 58  3.080         2.3039         1.6570
 59  3.180         2.3775         1.5704
 60  3.280         2.4464         1.6130
 61  3.380         2.5134         1.6685
 62  3.480         2.5775         1.7151
 63  3.580         2.6388         1.7577
 64  3.680         2.6968         1.7942
 65  3.780         2.7524         1.8319
 66  3.880         2.8068         1.8782
 67  3.980         2.8595         1.9169
 68  4.080         2.9095         1.9458
 69  4.180         2.9573         1.9753
 70  4.280         3.0036         2.0092
 71  4.380         3.0474         2.0292
 72  4.480         3.0893         2.0530
 73  4.580         3.1297         2.0781
 74  4.680         3.1688         2.1036
 75  4.780         3.2063         2.1242
 76  4.880         3.2423         2.1425
 77  4.980         3.2764         2.1550
 78  5.080         3.3098         2.1791
 79  5.180         3.3427         2.2060
 80  5.280         3.3742         2.2178
 81  5.380         3.4041         2.2279
 82  5.480         3.4330         2.2421
 83  5.580         3.4609         2.2546
 84  5.680         3.4878         2.2670
 85  5.780         3.5138         2.2780
 86  5.880         3.5388         2.2866
 87  5.980         3.5629         2.2939
 88  6.080         3.5860         2.3014
 89  6.180         3.6083         2.3078
 90  6.280         3.6299         2.3146
 91  6.380         3.6506         2.3194
 92  6.480         3.6704         2.3197
 93  6.580         3.6898         2.3286
 94  6.680         3.7088         2.3423
 95  6.780         3.7271         2.3408
 96  6.880         3.7447         2.3435
 97  6.980         3.7618         2.3490
 98  7.080         3.7785         2.3565
 99  7.180         3.7950         2.3652
100  7.280         3.8113         2.3773
101  7.380         3.8274         2.3889
102  7.480         3.8434         2.4007
103  7.580         3.8592         2.4128
104  7.680         3.8749         2.4249
105  7.780         3.8907         2.4440
106  7.880         3.9069         2.4709
107  7.980         3.9235         2.4987
108  8.080         3.9404         2.5221
109  8.180         3.9575         2.5429
110  8.280         3.9748         2.5662
111  8.380         3.9925         2.5938
112  8.480         4.0106         2.6229
113  8.580         4.0293         2.6525
114  8.680         4.0483         2.6796
115  8.780         4.0678         2.7105
116  8.880         4.0878         2.7423
117  8.980         4.1086         2.7770
118  9.080         4.1306         2.8243
119  9.180         4.1538         2.8715
120  9.280         4.1781         2.9137
121  9.380         4.2031         2.9506
122  9.480         4.2282         2.9780
123  9.580         4.2555         3.0400
124  9.680         4.2858         3.1145
125  9.780         4.3154         3.1331
126  9.880         4.3444         3.1553
127  9.980         4.3732         3.1804
128 10.080         4.4021         3.2110
129 10.180         4.4308         3.2367
130 10.280         4.4589         3.2563
131 10.380         4.4862         3.2700
132 10.480         4.5126         3.2837
133 10.580         4.5384         3.2994
134 10.680         4.5636         3.3153
135 10.780         4.5883         3.3311
136 10.880         4.6125         3.3457
137 10.980         4.6361         3.3601
138 11.080         4.6592         3.3736
139 11.180         4.6817         3.3837
140 11.280         4.7036         3.3963
141 11.380         4.7254         3.4140
142 11.480         4.7471         3.4367
143 11.580         4.7689         3.4581
144 11.680         4.7906         3.4780
145 11.780         4.8122         3.4974
146 11.880         4.8336         3.5164
147 11.980         4.8549         3.5353
148 12.080         4.8762         3.5550
149 12.180         4.8973         3.5736
150 12.280         4.9182         3.5909
151 12.380         4.9389         3.6067
152 12.480         4.9594         3.6224
153 12.580         4.9797         3.6399
154 12.680         5.0000         3.6594


#AGE= 9.000 BINS=156 Power-law IMF: x=-2.350
# N  sdss_r       Log10(N)       Log10(dN)
  1 -2.641        -0.7611        -0.7611
  2 -2.541        -0.4727        -0.7869
  3 -2.441        -0.3058        -0.8018
  4 -2.341        -0.1900        -0.8208
  5 -2.241        -0.0902        -0.7779
  6 -2.141        -0.0045        -0.7512
  7 -2.041         0.0693        -0.7368
  8 -1.941         0.1358        -0.7119
  9 -1.841         0.1997        -0.6644
 10 -1.741         0.2580        -0.6433
 11 -1.641         0.3123        -0.6172
 12 -1.541         0.3628        -0.5966
 13 -1.441         0.4128        -0.5505
 14 -1.341         0.4604        -0.5240
 15 -1.241         0.5061        -0.4944
 16 -1.141         0.5496        -0.4708
 17 -1.041         0.5930        -0.4290
 18 -0.941         0.6343        -0.4081
 19 -0.841         0.6753        -0.3700
 20 -0.741         0.7152        -0.3419
 21 -0.641         0.7533        -0.3219
 22 -0.541         0.7902        -0.2990
 23 -0.441         0.8269        -0.2642
 24 -0.341         0.8643        -0.2197
 25 -0.241         0.9012        -0.1877
 26 -0.141         0.9367        -0.1680
 27 -0.041         0.9752        -0.0969
 28  0.059         1.0922         0.4654
 29  0.159         1.1264         0.0060
 30  0.259         1.1575        -0.0030
 31  0.359         1.1932         0.0906
 32  0.459         1.2358         0.2059
 33  0.559         1.2681         0.1231
 34  0.659         1.2980         0.1219
 35  0.759         1.3274         0.1429
 36  0.859         1.3553         0.1494
 37  0.959         1.3843         0.1943
 38  1.059         1.4138         0.2317
 39  1.159         1.4437         0.2665
 40  1.259         1.4738         0.2993
 41  1.359         1.5041         0.3322
 42  1.459         1.5346         0.3671
 43  1.559         1.5653         0.3994
 44  1.659         1.5965         0.4370
 45  1.759         1.6279         0.4711
 46  1.859         1.6596         0.5078
 47  1.959         1.6918         0.5455
 48  2.059         1.7250         0.5925
 49  2.159         1.7602         0.6512
 50  2.259         1.7981         0.7195
 51  2.359         1.8360         0.7587
 52  2.459         1.8731         0.7855
 53  2.559         1.9086         0.8038
 54  2.659         1.9427         0.8207
 55  2.759         1.9758         0.8413
 56  2.859         2.0093         0.8807
 57  2.959         2.0456         0.9496
 58  3.059         2.0997         1.1679
 59  3.159         2.2370         1.6701
 60  3.259         2.3160         1.5371
 61  3.359         2.3856         1.5558
 62  3.459         2.4513         1.5986
 63  3.559         2.5151         1.6504
 64  3.659         2.5766         1.6979
 65  3.759         2.6358         1.7407
 66  3.859         2.6925         1.7801
 67  3.959         2.7480         1.8273
 68  4.059         2.8025         1.8739
 69  4.159         2.8542         1.9047
 70  4.259         2.9037         1.9356
 71  4.359         2.9514         1.9684
 72  4.459         2.9970         1.9954
 73  4.559         3.0407         2.0220
 74  4.659         3.0827         2.0472
 75  4.759         3.1229         2.0698
 76  4.859         3.1612         2.0872
 77  4.959         3.1977         2.1038
 78  5.059         3.2332         2.1281
 79  5.159         3.2680         2.1546
 80  5.259         3.3012         2.1684
 81  5.359         3.3327         2.1771
 82  5.459         3.3630         2.1929
 83  5.559         3.3925         2.2090
 84  5.659         3.4208         2.2211
 85  5.759         3.4481         2.2328
 86  5.859         3.4743         2.2416
 87  5.959         3.4995         2.2506
 88  6.059         3.5237         2.2586
 89  6.159         3.5471         2.2659
 90  6.259         3.5695         2.2704
 91  6.359         3.5912         2.2787
 92  6.459         3.6118         2.2787
 93  6.559         3.6319         2.2869
 94  6.659         3.6516         2.2996
 95  6.759         3.6707         2.3026
 96  6.859         3.6889         2.3027
 97  6.959         3.7066         2.3092
 98  7.059         3.7240         2.3173
 99  7.159         3.7410         2.3261
100  7.259         3.7578         2.3365
101  7.359         3.7744         2.3488
102  7.459         3.7908         2.3587
103  7.559         3.8070         2.3710
104  7.659         3.8232         2.3852
105  7.759         3.8394         2.4043
106  7.859         3.8560         2.4304
107  7.959         3.8731         2.4589
108  8.059         3.8903         2.4807
109  8.159         3.9077         2.5021
110  8.259         3.9254         2.5261
111  8.359         3.9434         2.5526
112  8.459         3.9619         2.5813
113  8.559         3.9809         2.6115
114  8.659         4.0002         2.6392
115  8.759         4.0200         2.6682
116  8.859         4.0403         2.7011
117  8.959         4.0616         2.7409
118  9.059         4.0838         2.7805
119  9.159         4.1069         2.8230
120  9.259         4.1312         2.8657
121  9.359         4.1563         2.9064
122  9.459         4.1822         2.9444
123  9.559         4.2090         2.9865
124  9.659         4.2396         3.0715
125  9.759         4.2696         3.0941
126  9.859         4.2996         3.1246
127  9.959         4.3291         3.1457
128 10.059         4.3585         3.1745
129 10.159         4.3876         3.1997
130 10.259         4.4161         3.2197
131 10.359         4.4438         3.2334
132 10.459         4.4705         3.2470
133 10.559         4.4966         3.2622
134 10.659         4.5221         3.2776
135 10.759         4.5470         3.2927
136 10.859         4.5713         3.3073
137 10.959         4.5950         3.3210
138 11.059         4.6181         3.3321
139 11.159         4.6406         3.3438
140 11.259         4.6628         3.3602
141 11.359         4.6848         3.3777
142 11.459         4.7064         3.3930
143 11.559         4.7278         3.4110
144 11.659         4.7493         3.4320
145 11.759         4.7708         3.4558
146 11.859         4.7925         3.4793
147 11.959         4.8141         3.5002
148 12.059         4.8355         3.5184
149 12.159         4.8567         3.5340
150 12.259         4.8776         3.5502
151 12.359         4.8984         3.5673
152 12.459         4.9190         3.5847
153 12.559         4.9394         3.6022
154 12.659         4.9597         3.6189
155 12.759         4.9799         3.6367
156 12.859         5.0000         3.6560


#AGE=10.000 BINS=154 Power-law IMF: x=-2.350
# N  sdss_r       Log10(N)       Log10(dN)
  1 -2.630        -0.7060        -0.7060
  2 -2.530        -0.4329        -0.7637
  3 -2.430        -0.2828        -0.8173
  4 -2.330        -0.1651        -0.7896
  5 -2.230        -0.0754        -0.8045
  6 -2.130         0.0101        -0.7375
  7 -2.030         0.0805        -0.7444
  8 -1.930         0.1473        -0.6992
  9 -1.830         0.2088        -0.6701
 10 -1.730         0.2664        -0.6398
 11 -1.630         0.3210        -0.6064
 12 -1.530         0.3704        -0.5984
 13 -1.430         0.4206        -0.5413
 14 -1.330         0.4668        -0.5293
 15 -1.230         0.5128        -0.4852
 16 -1.130         0.5564        -0.4632
 17 -1.030         0.5973        -0.4487
 18 -0.930         0.6397        -0.3915
 19 -0.830         0.6800        -0.3731
 20 -0.730         0.7203        -0.3326
 21 -0.630         0.7593        -0.3057
 22 -0.530         0.7963        -0.2916
 23 -0.430         0.8323        -0.2681
 24 -0.330         0.8694        -0.2166
 25 -0.230         0.9058        -0.1899
 26 -0.130         0.9422        -0.1523
 27 -0.030         0.9746        -0.1679
 28  0.070         1.0934         0.4721
 29  0.170         1.1302         0.0399
 30  0.270         1.1626         0.0193
 31  0.370         1.1945         0.0445
 32  0.470         1.2372         0.2091
 33  0.570         1.2733         0.1747
 34  0.670         1.3040         0.1390
 35  0.770         1.3338         0.1551
 36  0.870         1.3623         0.1657
 37  0.970         1.3913         0.2016
 38  1.070         1.4204         0.2321
 39  1.170         1.4504         0.2736
 40  1.270         1.4807         0.3105
 41  1.370         1.5112         0.3425
 42  1.470         1.5419         0.3757
 43  1.570         1.5728         0.4089
 44  1.670         1.6040         0.4450
 45  1.770         1.6355         0.4807
 46  1.870         1.6673         0.5165
 47  1.970         1.6996         0.5541
 48  2.070         1.7325         0.5960
 49  2.170         1.7667         0.6461
 50  2.270         1.8035         0.7132
 51  2.370         1.8419         0.7693
 52  2.470         1.8799         0.8032
 53  2.570         1.9166         0.8257
 54  2.670         1.9516         0.8395
 55  2.770         1.9851         0.8556
 56  2.870         2.0178         0.8789
 57  2.970         2.0509         0.9170
 58  3.070         2.0881         1.0016
 59  3.170         2.1483         1.2603
 60  3.270         2.2685         1.6520
 61  3.370         2.3487         1.5758
 62  3.470         2.4198         1.5987
 63  3.570         2.4871         1.6444
 64  3.670         2.5519         1.6931
 65  3.770         2.6143         1.7411
 66  3.870         2.6744         1.7862
 67  3.970         2.7320         1.8260
 68  4.070         2.7888         1.8772
 69  4.170         2.8436         1.9179
 70  4.270         2.8958         1.9498
 71  4.370         2.9462         1.9852
 72  4.470         2.9948         2.0200
 73  4.570         3.0414         2.0485
 74  4.670         3.0856         2.0714
 75  4.770         3.1277         2.0937
 76  4.870         3.1676         2.1108
 77  4.970         3.2059         2.1316
 78  5.070         3.2434         2.1612
 79  5.170         3.2796         2.1828
 80  5.270         3.3138         2.1929
 81  5.370         3.3465         2.2074
 82  5.470         3.3782         2.2252
 83  5.570         3.4087         2.2401
 84  5.670         3.4380         2.2527
 85  5.770         3.4662         2.2640
 86  5.870         3.4932         2.2736
 87  5.970         3.5192         2.2835
 88  6.070         3.5442         2.2922
 89  6.170         3.5682         2.2980
 90  6.270         3.5913         2.3065
 91  6.370         3.6136         2.3127
 92  6.470         3.6347         2.3119
 93  6.570         3.6555         2.3242
 94  6.670         3.6758         2.3357
 95  6.770         3.6952         2.3352
 96  6.870         3.7139         2.3391
 97  6.970         3.7321         2.3464
 98  7.070         3.7500         2.3546
 99  7.170         3.7675         2.3638
100  7.270         3.7847         2.3745
101  7.370         3.8016         2.3828
102  7.470         3.8183         2.3947
103  7.570         3.8349         2.4091
104  7.670         3.8514         2.4240
105  7.770         3.8682         2.4464
106  7.870         3.8853         2.4725
107  7.970         3.9029         2.5006
108  8.070         3.9205         2.5211
109  8.170         3.9384         2.5429
110  8.270         3.9565         2.5675
111  8.370         3.9750         2.5947
112  8.470         3.9939         2.6234
113  8.570         4.0133         2.6535
114  8.670         4.0330         2.6818
115  8.770         4.0533         2.7109
116  8.870         4.0740         2.7438
117  8.970         4.0958         2.7855
118  9.070         4.1186         2.8262
119  9.170         4.1421         2.8649
120  9.270         4.1666         2.9060
121  9.370         4.1921         2.9476
122  9.470         4.2185         2.9895
123  9.570         4.2464         3.0400
124  9.670         4.2770         3.1095
125  9.770         4.3075         3.1395
126  9.870         4.3383         3.1740
127  9.970         4.3683         3.1919
128 10.070         4.3982         3.2208
129 10.170         4.4276         3.2440
130 10.270         4.4563         3.2630
131 10.370         4.4840         3.2742
132 10.470         4.5109         3.2896
133 10.570         4.5371         3.3048
134 10.670         4.5627         3.3193
135 10.770         4.5876         3.3335
136 10.870         4.6118         3.3473
137 10.970         4.6355         3.3593
138 11.070         4.6585         3.3714
139 11.170         4.6811         3.3856
140 11.270         4.7031         3.3972
141 11.370         4.7248         3.4122
142 11.470         4.7464         3.4328
143 11.570         4.7681         3.4563
144 11.670         4.7898         3.4774
145 11.770         4.8114         3.4976
146 11.870         4.8329         3.5169
147 11.970         4.8543         3.5360
148 12.070         4.8756         3.5562
149 12.170         4.8968         3.5750
150 12.270         4.9179         3.5923
151 12.370         4.9386         3.6081
152 12.470         4.9592         3.6241
153 12.570         4.9796         3.6418
154 12.670         5.0000         3.6614


#AGE=11.000 BINS=155 Power-law IMF: x=-2.350
# N  sdss_r       Log10(N)       Log10(dN)
  1 -2.582        -0.7869        -0.7869
  2 -2.482        -0.5104        -0.8374
  3 -2.382        -0.3431        -0.8383
  4 -2.282        -0.2210        -0.8319
  5 -2.182        -0.1262        -0.8334
  6 -2.082        -0.0469        -0.8245
  7 -1.982         0.0296        -0.7621
  8 -1.882         0.0967        -0.7479
  9 -1.782         0.1615        -0.6967
 10 -1.682         0.2170        -0.7038
 11 -1.582         0.2720        -0.6530
 12 -1.482         0.3232        -0.6300
 13 -1.382         0.3722        -0.5999
 14 -1.282         0.4215        -0.5481
 15 -1.182         0.4665        -0.5399
 16 -1.082         0.5101        -0.5106
 17 -0.982         0.5525        -0.4782
 18 -0.882         0.5946        -0.4401
 19 -0.782         0.6357        -0.4090
 20 -0.682         0.6753        -0.3840
 21 -0.582         0.7148        -0.3460
 22 -0.482         0.7520        -0.3337
 23 -0.382         0.7886        -0.3040
 24 -0.282         0.8258        -0.2597
 25 -0.182         0.8625        -0.2285
 26 -0.082         0.8991        -0.1941
 27  0.018         0.9332        -0.1883
 28  0.118         1.0439         0.3958
 29  0.218         1.0852         0.0428
 30  0.318         1.1184        -0.0148
 31  0.418         1.1498        -0.0065
 32  0.518         1.1927         0.1661
 33  0.618         1.2295         0.1399
 34  0.718         1.2608         0.1027
 35  0.818         1.2907         0.1140
 36  0.918         1.3203         0.1388
 37  1.018         1.3490         0.1546
 38  1.118         1.3781         0.1905
 39  1.218         1.4089         0.2432
 40  1.318         1.4394         0.2715
 41  1.418         1.4700         0.3032
 42  1.518         1.5011         0.3402
 43  1.618         1.5323         0.3737
 44  1.718         1.5637         0.4072
 45  1.818         1.5956         0.4449
 46  1.918         1.6275         0.4783
 47  2.018         1.6600         0.5178
 48  2.118         1.6932         0.5598
 49  2.218         1.7274         0.6067
 50  2.318         1.7641         0.6726
 51  2.418         1.8028         0.7337
 52  2.518         1.8413         0.7696
 53  2.618         1.8783         0.7908
 54  2.718         1.9136         0.8052
 55  2.818         1.9473         0.8215
 56  2.918         1.9802         0.8434
 57  3.018         2.0133         0.8783
 58  3.118         2.0489         0.9451
 59  3.218         2.0952         1.1002
 60  3.318         2.1936         1.5003
 61  3.418         2.2843         1.5596
 62  3.518         2.3586         1.5553
 63  3.618         2.4281         1.5979
 64  3.718         2.4947         1.6474
 65  3.818         2.5586         1.6951
 66  3.918         2.6201         1.7407
 67  4.018         2.6789         1.7810
 68  4.118         2.7361         1.8277
 69  4.218         2.7923         1.8768
 70  4.318         2.8463         1.9137
 71  4.418         2.8982         1.9502
 72  4.518         2.9481         1.9837
 73  4.618         2.9957         2.0115
 74  4.718         3.0409         2.0360
 75  4.818         3.0837         2.0561
 76  4.918         3.1245         2.0771
 77  5.018         3.1642         2.1054
 78  5.118         3.2026         2.1304
 79  5.218         3.2390         2.1445
 80  5.318         3.2738         2.1595
 81  5.418         3.3073         2.1781
 82  5.518         3.3396         2.1948
 83  5.618         3.3706         2.2087
 84  5.718         3.4002         2.2197
 85  5.818         3.4287         2.2309
 86  5.918         3.4561         2.2426
 87  6.018         3.4824         2.2522
 88  6.118         3.5077         2.2594
 89  6.218         3.5319         2.2669
 90  6.318         3.5553         2.2753
 91  6.418         3.5777         2.2775
 92  6.518         3.5992         2.2835
 93  6.618         3.6203         2.2972
 94  6.718         3.6407         2.3016
 95  6.818         3.6602         2.3035
 96  6.918         3.6792         2.3103
 97  7.018         3.6977         2.3186
 98  7.118         3.7158         2.3272
 99  7.218         3.7336         2.3367
100  7.318         3.7510         2.3447
101  7.418         3.7681         2.3552
102  7.518         3.7851         2.3684
103  7.618         3.8020         2.3843
104  7.718         3.8190         2.4037
105  7.818         3.8364         2.4304
106  7.918         3.8542         2.4580
107  8.018         3.8722         2.4799
108  8.118         3.8903         2.5015
109  8.218         3.9086         2.5250
110  8.318         3.9273         2.5510
111  8.418         3.9464         2.5798
112  8.518         3.9659         2.6095
113  8.618         3.9858         2.6364
114  8.718         4.0061         2.6668
115  8.818         4.0270         2.6978
116  8.918         4.0486         2.7339
117  9.018         4.0711         2.7756
118  9.118         4.0946         2.8158
119  9.218         4.1190         2.8561
120  9.318         4.1444         2.8988
121  9.418         4.1707         2.9398
122  9.518         4.1977         2.9778
123  9.618         4.2274         3.0481
124  9.718         4.2580         3.0908
125  9.818         4.2898         3.1377
126  9.918         4.3205         3.1553
127 10.018         4.3510         3.1818
128 10.118         4.3810         3.2063
129 10.218         4.4105         3.2267
130 10.318         4.4389         3.2406
131 10.418         4.4664         3.2549
132 10.518         4.4931         3.2690
133 10.618         4.5192         3.2836
134 10.718         4.5445         3.2982
135 10.818         4.5692         3.3122
136 10.918         4.5932         3.3237
137 11.018         4.6166         3.3357
138 11.118         4.6393         3.3470
139 11.218         4.6615         3.3589
140 11.318         4.6835         3.3766
141 11.418         4.7052         3.3932
142 11.518         4.7267         3.4102
143 11.618         4.7481         3.4308
144 11.718         4.7697         3.4547
145 11.818         4.7914         3.4789
146 11.918         4.8130         3.5003
147 12.018         4.8345         3.5188
148 12.118         4.8558         3.5348
149 12.218         4.8768         3.5520
150 12.318         4.8977         3.5697
151 12.418         4.9185         3.5872
152 12.518         4.9391         3.6045
153 12.618         4.9595         3.6212
154 12.718         4.9798         3.6391
155 12.818         5.0000         3.6584


#AGE=12.000 BINS=156 Power-law IMF: x=-2.350
# N  sdss_r       Log10(N)       Log10(dN)
  1 -2.543        -0.8416        -0.8416
  2 -2.443        -0.5612        -0.8839
  3 -2.343        -0.3930        -0.8864
  4 -2.243        -0.2696        -0.8761
  5 -2.143        -0.1758        -0.8875
  6 -2.043        -0.0899        -0.8357
  7 -1.943        -0.0149        -0.8148
  8 -1.843         0.0559        -0.7670
  9 -1.743         0.1175        -0.7610
 10 -1.643         0.1763        -0.7214
 11 -1.543         0.2309        -0.6963
 12 -1.443         0.2821        -0.6717
 13 -1.343         0.3311        -0.6411
 14 -1.243         0.3792        -0.6006
 15 -1.143         0.4254        -0.5699
 16 -1.043         0.4684        -0.5572
 17 -0.943         0.5125        -0.5034
 18 -0.843         0.5537        -0.4889
 19 -0.743         0.5947        -0.4509
 20 -0.643         0.6355        -0.4123
 21 -0.543         0.6745        -0.3913
 22 -0.443         0.7116        -0.3757
 23 -0.343         0.7484        -0.3411
 24 -0.243         0.7861        -0.2947
 25 -0.143         0.8233        -0.2616
 26 -0.043         0.8598        -0.2344
 27  0.057         0.8969        -0.1903
 28  0.157         1.0044         0.3457
 29  0.257         1.0449        -0.0062
 30  0.357         1.0787        -0.0470
 31  0.457         1.1103        -0.0423
 32  0.557         1.1515         0.1076
 33  0.657         1.1900         0.1188
 34  0.757         1.2219         0.0718
 35  0.857         1.2523         0.0831
 36  0.957         1.2824         0.1077
 37  1.057         1.3113         0.1197
 38  1.157         1.3404         0.1524
 39  1.257         1.3713         0.2076
 40  1.357         1.4022         0.2387
 41  1.457         1.4332         0.2721
 42  1.557         1.4645         0.3061
 43  1.657         1.4959         0.3394
 44  1.757         1.5276         0.3753
 45  1.857         1.5596         0.4112
 46  1.957         1.5918         0.4454
 47  2.057         1.6245         0.4848
 48  2.157         1.6578         0.5263
 49  2.257         1.6919         0.5699
 50  2.357         1.7284         0.6350
 51  2.457         1.7674         0.7014
 52  2.557         1.8063         0.7389
 53  2.657         1.8438         0.7618
 54  2.757         1.8795         0.7759
 55  2.857         1.9135         0.7905
 56  2.957         1.9464         0.8094
 57  3.057         1.9791         0.8394
 58  3.157         2.0133         0.8928
 59  3.257         2.0536         1.0008
 60  3.357         2.1207         1.2771
 61  3.457         2.2177         1.5191
 62  3.557         2.2981         1.5258
 63  3.657         2.3693         1.5488
 64  3.757         2.4374         1.5989
 65  3.857         2.5029         1.6496
 66  3.957         2.5660         1.6971
 67  4.057         2.6266         1.7413
 68  4.157         2.6849         1.7838
 69  4.257         2.7427         1.8382
 70  4.357         2.7980         1.8752
 71  4.457         2.8509         1.9108
 72  4.557         2.9017         1.9448
 73  4.657         2.9499         1.9712
 74  4.757         2.9959         1.9984
 75  4.857         3.0397         2.0209
 76  4.957         3.0819         2.0484
 77  5.057         3.1228         2.0773
 78  5.157         3.1618         2.0952
 79  5.257         3.1988         2.1116
 80  5.357         3.2344         2.1300
 81  5.457         3.2687         2.1488
 82  5.557         3.3015         2.1639
 83  5.657         3.3329         2.1760
 84  5.757         3.3630         2.1889
 85  5.857         3.3918         2.1994
 86  5.957         3.4197         2.2130
 87  6.057         3.4464         2.2214
 88  6.157         3.4719         2.2281
 89  6.257         3.4965         2.2374
 90  6.357         3.5201         2.2437
 91  6.457         3.5426         2.2458
 92  6.557         3.5646         2.2581
 93  6.657         3.5861         2.2700
 94  6.757         3.6065         2.2679
 95  6.857         3.6262         2.2746
 96  6.957         3.6455         2.2841
 97  7.057         3.6643         2.2913
 98  7.157         3.6828         2.3019
 99  7.257         3.7008         2.3088
100  7.357         3.7184         2.3166
101  7.457         3.7357         2.3288
102  7.557         3.7530         2.3441
103  7.657         3.7703         2.3618
104  7.757         3.7879         2.3864
105  7.857         3.8058         2.4136
106  7.957         3.8241         2.4391
107  8.057         3.8425         2.4601
108  8.157         3.8610         2.4821
109  8.257         3.8799         2.5075
110  8.357         3.8991         2.5351
111  8.457         3.9187         2.5644
112  8.557         3.9387         2.5928
113  8.657         3.9591         2.6207
114  8.757         3.9800         2.6515
115  8.857         4.0015         2.6842
116  8.957         4.0238         2.7234
117  9.057         4.0471         2.7647
118  9.157         4.0712         2.8045
119  9.257         4.0963         2.8454
120  9.357         4.1224         2.8875
121  9.457         4.1493         2.9290
122  9.557         4.1775         2.9750
123  9.657         4.2077         3.0360
124  9.757         4.2390         3.0810
125  9.857         4.2713         3.1262
126  9.957         4.3024         3.1422
127 10.057         4.3331         3.1672
128 10.157         4.3632         3.1898
129 10.257         4.3925         3.2066
130 10.357         4.4209         3.2214
131 10.457         4.4483         3.2353
132 10.557         4.4749         3.2485
133 10.657         4.5008         3.2629
134 10.757         4.5260         3.2771
135 10.857         4.5505         3.2904
136 10.957         4.5743         3.3020
137 11.057         4.5974         3.3108
138 11.157         4.6199         3.3235
139 11.257         4.6420         3.3373
140 11.357         4.6637         3.3515
141 11.457         4.6853         3.3719
142 11.557         4.7070         3.3943
143 11.657         4.7286         3.4148
144 11.757         4.7502         3.4351
145 11.857         4.7716         3.4553
146 11.957         4.7931         3.4768
147 12.057         4.8146         3.4972
148 12.157         4.8358         3.5154
149 12.257         4.8569         3.5317
150 12.357         4.8777         3.5483
151 12.457         4.8984         3.5657
152 12.557         4.9189         3.5836
153 12.657         4.9394         3.6017
154 12.757         4.9596         3.6191
155 12.857         4.9798         3.6373
156 12.957         5.0000         3.6565


#AGE=13.000 BINS=154 Power-law IMF: x=-2.350
# N  sdss_r       Log10(N)       Log10(dN)
  1 -2.578        -0.6671        -0.6671
  2 -2.478        -0.4388        -0.8272
  3 -2.378        -0.2933        -0.8391
  4 -2.278        -0.1846        -0.8394
  5 -2.178        -0.1000        -0.8518
  6 -2.078        -0.0261        -0.8315
  7 -1.978         0.0429        -0.7905
  8 -1.878         0.1040        -0.7778
  9 -1.778         0.1660        -0.7099
 10 -1.678         0.2174        -0.7345
 11 -1.578         0.2713        -0.6617
 12 -1.478         0.3207        -0.6484
 13 -1.378         0.3682        -0.6163
 14 -1.278         0.4146        -0.5798
 15 -1.178         0.4582        -0.5618
 16 -1.078         0.5001        -0.5361
 17 -0.978         0.5426        -0.4871
 18 -0.878         0.5837        -0.4614
 19 -0.778         0.6235        -0.4342
 20 -0.678         0.6627        -0.4009
 21 -0.578         0.7012        -0.3700
 22 -0.478         0.7391        -0.3389
 23 -0.378         0.7756        -0.3187
 24 -0.278         0.8115        -0.2884
 25 -0.178         0.8481        -0.2450
 26 -0.078         0.8842        -0.2135
 27  0.022         0.9201        -0.1808
 28  0.122         0.9516        -0.2032
 29  0.222         1.0635         0.4198
 30  0.322         1.0994        -0.0009
 31  0.422         1.1314        -0.0171
 32  0.522         1.1645         0.0302
 33  0.622         1.2056         0.1611
 34  0.722         1.2422         0.1497
 35  0.822         1.2738         0.1201
 36  0.922         1.3044         0.1376
 37  1.022         1.3342         0.1556
 38  1.122         1.3630         0.1706
 39  1.222         1.3927         0.2126
 40  1.322         1.4235         0.2584
 41  1.422         1.4547         0.2955
 42  1.522         1.4858         0.3251
 43  1.622         1.5171         0.3597
 44  1.722         1.5486         0.3940
 45  1.822         1.5805         0.4298
 46  1.922         1.6125         0.4644
 47  2.022         1.6450         0.5023
 48  2.122         1.6778         0.5400
 49  2.222         1.7114         0.5839
 50  2.322         1.7458         0.6275
 51  2.422         1.7828         0.6945
 52  2.522         1.8220         0.7584
 53  2.622         1.8611         0.7959
 54  2.722         1.8986         0.8157
 55  2.822         1.9341         0.8294
 56  2.922         1.9681         0.8452
 57  3.022         2.0010         0.8637
 58  3.122         2.0336         0.8927
 59  3.222         2.0677         0.9453
 60  3.322         2.1073         1.0481
 61  3.422         2.1678         1.2817
 62  3.522         2.2598         1.5407
 63  3.622         2.3381         1.5556
 64  3.722         2.4107         1.5982
 65  3.822         2.4793         1.6435
 66  3.922         2.5455         1.6963
 67  4.022         2.6094         1.7454
 68  4.122         2.6707         1.7903
 69  4.222         2.7294         1.8307
 70  4.322         2.7873         1.8837
 71  4.422         2.8423         1.9179
 72  4.522         2.8953         1.9558
 73  4.622         2.9459         1.9873
 74  4.722         2.9940         2.0144
 75  4.822         3.0403         2.0448
 76  4.922         3.0850         2.0753
 77  5.022         3.1280         2.1025
 78  5.122         3.1691         2.1246
 79  5.222         3.2081         2.1425
 80  5.322         3.2455         2.1622
 81  5.422         3.2815         2.1813
 82  5.522         3.3159         2.1978
 83  5.622         3.3487         2.2100
 84  5.722         3.3802         2.2253
 85  5.822         3.4103         2.2368
 86  5.922         3.4393         2.2485
 87  6.022         3.4670         2.2588
 88  6.122         3.4936         2.2676
 89  6.222         3.5192         2.2762
 90  6.322         3.5438         2.2851
 91  6.422         3.5672         2.2873
 92  6.522         3.5899         2.2958
 93  6.622         3.6121         2.3103
 94  6.722         3.6334         2.3133
 95  6.822         3.6539         2.3174
 96  6.922         3.6738         2.3249
 97  7.022         3.6932         2.3337
 98  7.122         3.7122         2.3442
 99  7.222         3.7307         2.3503
100  7.322         3.7487         2.3578
101  7.422         3.7664         2.3683
102  7.522         3.7841         2.3839
103  7.622         3.8017         2.4024
104  7.722         3.8196         2.4242
105  7.822         3.8378         2.4525
106  7.922         3.8564         2.4775
107  8.022         3.8750         2.4991
108  8.122         3.8939         2.5218
109  8.222         3.9130         2.5459
110  8.322         3.9324         2.5730
111  8.422         3.9522         2.6028
112  8.522         3.9725         2.6311
113  8.622         3.9931         2.6590
114  8.722         4.0141         2.6890
115  8.822         4.0357         2.7210
116  8.922         4.0580         2.7573
117  9.022         4.0813         2.7988
118  9.122         4.1055         2.8393
119  9.222         4.1306         2.8804
120  9.322         4.1567         2.9235
121  9.422         4.1836         2.9622
122  9.522         4.2112         2.9996
123  9.622         4.2411         3.0646
124  9.722         4.2720         3.1090
125  9.822         4.3049         3.1679
126  9.922         4.3368         3.1862
127 10.022         4.3681         3.2107
128 10.122         4.3988         3.2327
129 10.222         4.4288         3.2528
130 10.322         4.4576         3.2650
131 10.422         4.4855         3.2793
132 10.522         4.5126         3.2944
133 10.622         4.5389         3.3083
134 10.722         4.5644         3.3216
135 10.822         4.5893         3.3345
136 10.922         4.6134         3.3453
137 11.022         4.6368         3.3561
138 11.122         4.6595         3.3670
139 11.222         4.6816         3.3783
140 11.322         4.7036         3.3956
141 11.422         4.7252         3.4112
142 11.522         4.7466         3.4296
143 11.622         4.7682         3.4528
144 11.722         4.7898         3.4773
145 11.822         4.8115         3.4993
146 11.922         4.8331         3.5186
147 12.022         4.8545         3.5359
148 12.122         4.8757         3.5548
149 12.222         4.8968         3.5732
150 12.322         4.9178         3.5909
151 12.422         4.9386         3.6077
152 12.522         4.9591         3.6245
153 12.622         4.9796         3.6425
154 12.722         5.0000         3.6618
