#NUMBER OF AGES=15
#----------------------------------------------------       
#MIX-LEN  Y      Z          Zeff        [Fe/H] [a/Fe]       
# 1.9380  0.3070 3.8256E-02 3.8256E-02   0.40   0.00        
#----------------------------------------------------       
#**PHOTOMETRIC SYSTEM**: SDSS (AB)                          
#----------------------------------------------------       
#AGE= 0.010 BINS=141 Power-law IMF: x=-2.350
# N  sdss_r       Log10(N)       Log10(dN)
  1 -2.361        -0.0648        -0.0648
  2 -2.261         0.8791         0.8266
  3 -2.161         0.9458         0.0992
  4 -2.061         0.9759        -0.1984
  5 -1.961         1.0011        -0.2478
  6 -1.861         1.0237        -0.2698
  7 -1.761         1.0464        -0.2470
  8 -1.661         1.0921         0.0914
  9 -1.561         1.1230        -0.0405
 10 -1.461         1.1471        -0.1202
 11 -1.361         1.1887         0.1498
 12 -1.261         1.6867         1.5206
 13 -1.161         2.0179         1.7452
 14 -1.061         2.2053         1.7500
 15 -0.961         2.3370         1.7545
 16 -0.861         2.4384         1.7571
 17 -0.761         2.5218         1.7641
 18 -0.661         2.5908         1.7580
 19 -0.561         2.6499         1.7543
 20 -0.461         2.7240         1.9192
 21 -0.361         2.8030         2.0239
 22 -0.261         2.8863         2.1286
 23 -0.161         2.9547         2.1182
 24 -0.061         3.0135         2.1155
 25  0.039         3.0645         2.1096
 26  0.139         3.1097         2.1045
 27  0.239         3.1508         2.1063
 28  0.339         3.1898         2.1243
 29  0.439         3.2260         2.1283
 30  0.539         3.2600         2.1366
 31  0.639         3.2962         2.1996
 32  0.739         3.3334         2.2478
 33  0.839         3.3680         2.2516
 34  0.939         3.4010         2.2655
 35  1.039         3.4304         2.2465
 36  1.139         3.4563         2.2184
 37  1.239         3.4807         2.2185
 38  1.339         3.5042         2.2251
 39  1.439         3.5272         2.2415
 40  1.539         3.5495         2.2488
 41  1.639         3.5714         2.2625
 42  1.739         3.5948         2.3139
 43  1.839         3.6774         2.9163
 44  1.939         3.7097         2.5651
 45  2.039         3.7274         2.3284
 46  2.139         3.7397         2.1856
 47  2.239         3.7496         2.1007
 48  2.339         3.7577         2.0266
 49  2.439         3.7591         1.2697
 50  2.539         3.7717         2.2264
 51  2.639         3.7841         2.2326
 52  2.739         3.7963         2.2390
 53  2.839         3.8083         2.2454
 54  2.939         3.8205         2.2632
 55  3.039         3.8334         2.3009
 56  3.139         3.8463         2.3101
 57  3.239         3.8589         2.3172
 58  3.339         3.8714         2.3232
 59  3.439         3.8837         2.3309
 60  3.539         3.8960         2.3403
 61  3.639         3.9078         2.3369
 62  3.739         3.9192         2.3318
 63  3.839         3.9307         2.3488
 64  3.939         3.9424         2.3682
 65  4.039         3.9544         2.3900
 66  4.139         3.9667         2.4129
 67  4.239         3.9790         2.4248
 68  4.339         3.9915         2.4429
 69  4.439         4.0071         2.5558
 70  4.539         4.0205         2.5005
 71  4.639         4.0339         2.5185
 72  4.739         4.0479         2.5475
 73  4.839         4.0617         2.5586
 74  4.939         4.0749         2.5494
 75  5.039         4.0873         2.5381
 76  5.139         4.1005         2.5768
 77  5.239         4.1081         2.3449
 78  5.339         4.1147         2.2982
 79  5.439         4.1214         2.3048
 80  5.539         4.1281         2.3115
 81  5.639         4.1348         2.3184
 82  5.739         4.1415         2.3255
 83  5.839         4.1482         2.3329
 84  5.939         4.1549         2.3405
 85  6.039         4.1616         2.3483
 86  6.139         4.1683         2.3564
 87  6.239         4.1751         2.3647
 88  6.339         4.1819         2.3732
 89  6.439         4.1887         2.3820
 90  6.539         4.1956         2.3910
 91  6.639         4.2025         2.4002
 92  6.739         4.2095         2.4097
 93  6.839         4.2164         2.4194
 94  6.939         4.2235         2.4294
 95  7.039         4.2306         2.4396
 96  7.139         4.2377         2.4501
 97  7.239         4.2448         2.4568
 98  7.339         4.2518         2.4554
 99  7.439         4.2588         2.4598
100  7.539         4.2658         2.4715
101  7.639         4.2730         2.4910
102  7.739         4.2806         2.5186
103  7.839         4.2887         2.5543
104  7.939         4.2973         2.5907
105  8.039         4.3064         2.6201
106  8.139         4.3157         2.6442
107  8.239         4.3256         2.6757
108  8.339         4.3356         2.6932
109  8.439         4.3448         2.6691
110  8.539         4.3535         2.6486
111  8.639         4.3720         2.9931
112  8.739         4.3938         3.0825
113  8.839         4.4145         3.0838
114  8.939         4.4308         2.9965
115  9.039         4.4610         3.2888
116  9.139         4.4908         3.3125
117  9.239         4.5199         3.3307
118  9.339         4.5479         3.3432
119  9.439         4.5745         3.3492
120  9.539         4.5996         3.3477
121  9.639         4.6225         3.3331
122  9.739         4.6428         3.3039
123  9.839         4.6611         3.2768
124  9.939         4.6780         3.2589
125 10.039         4.6941         3.2550
126 10.139         4.7102         3.2701
127 10.239         4.7270         3.3085
128 10.339         4.7455         3.3644
129 10.439         4.7757         3.6031
130 10.539         4.7965         3.4660
131 10.639         4.8151         3.4378
132 10.739         4.8337         3.4554
133 10.839         4.8522         3.4742
134 10.939         4.8708         3.4927
135 11.039         4.8894         3.5110
136 11.139         4.9079         3.5291
137 11.239         4.9264         3.5469
138 11.339         4.9449         3.5645
139 11.439         4.9633         3.5818
140 11.539         4.9817         3.5988
141 11.639         5.0000         3.6156


#AGE= 0.100 BINS=141 Power-law IMF: x=-2.350
# N  sdss_r       Log10(N)       Log10(dN)
  1 -2.222        -0.0639        -0.0639
  2 -2.122         0.8517         0.7955
  3 -2.022         0.9193         0.0779
  4 -1.922         0.9534        -0.1681
  5 -1.822         0.9777        -0.2866
  6 -1.722         1.0019        -0.2652
  7 -1.622         1.0257        -0.2473
  8 -1.522         1.0462        -0.2899
  9 -1.422         1.1017         0.1809
 10 -1.322         1.1312        -0.0512
 11 -1.222         1.1601        -0.0312
 12 -1.122         1.2216         0.3426
 13 -1.022         1.2598         0.1848
 14 -0.922         1.2785        -0.0983
 15 -0.822         1.2853        -0.5213
 16 -0.722         1.2839        -0.5213
 17 -0.622         1.5233         1.1504
 18 -0.522         1.9519         1.7493
 19 -0.422         2.1678         1.7609
 20 -0.322         2.3714         1.9445
 21 -0.222         2.5422         2.0543
 22 -0.122         2.6884         2.1445
 23 -0.022         2.7969         2.1413
 24  0.078         2.8834         2.1402
 25  0.178         2.9548         2.1355
 26  0.278         3.0159         2.1342
 27  0.378         3.0698         2.1364
 28  0.478         3.1193         2.1523
 29  0.578         3.1641         2.1551
 30  0.678         3.2054         2.1633
 31  0.778         3.2447         2.1812
 32  0.878         3.2868         2.2523
 33  0.978         3.3268         2.2712
 34  1.078         3.3642         2.2807
 35  1.178         3.3967         2.2555
 36  1.278         3.4260         2.2404
 37  1.378         3.4534         2.2397
 38  1.478         3.4798         2.2495
 39  1.578         3.5052         2.2600
 40  1.678         3.5295         2.2661
 41  1.778         3.5539         2.2914
 42  1.878         3.6141         2.7262
 43  1.978         3.6442         2.4697
 44  2.078         3.6712         2.4509
 45  2.178         3.6893         2.3009
 46  2.278         3.7037         2.2157
 47  2.378         3.7163         2.1737
 48  2.478         3.7273         2.1269
 49  2.578         3.7410         2.2313
 50  2.678         3.7541         2.2288
 51  2.778         3.7671         2.2342
 52  2.878         3.7798         2.2397
 53  2.978         3.7923         2.2455
 54  3.078         3.8049         2.2607
 55  3.178         3.8182         2.2989
 56  3.278         3.8314         2.3077
 57  3.378         3.8444         2.3145
 58  3.478         3.8572         2.3206
 59  3.578         3.8699         2.3285
 60  3.678         3.8824         2.3345
 61  3.778         3.8939         2.3139
 62  3.878         3.9056         2.3291
 63  3.978         3.9175         2.3469
 64  4.078         3.9295         2.3672
 65  4.178         3.9419         2.3900
 66  4.278         3.9545         2.4117
 67  4.378         3.9670         2.4190
 68  4.478         3.9821         2.5174
 69  4.578         3.9957         2.4841
 70  4.678         4.0091         2.4909
 71  4.778         4.0229         2.5177
 72  4.878         4.0367         2.5338
 73  4.978         4.0501         2.5316
 74  5.078         4.0627         2.5199
 75  5.178         4.0757         2.5448
 76  5.278         4.0852         2.4187
 77  5.378         4.0920         2.2864
 78  5.478         4.0989         2.2925
 79  5.578         4.1057         2.2988
 80  5.678         4.1125         2.3054
 81  5.778         4.1193         2.3122
 82  5.878         4.1262         2.3193
 83  5.978         4.1330         2.3266
 84  6.078         4.1398         2.3341
 85  6.178         4.1467         2.3420
 86  6.278         4.1536         2.3501
 87  6.378         4.1605         2.3584
 88  6.478         4.1674         2.3671
 89  6.578         4.1744         2.3760
 90  6.678         4.1814         2.3851
 91  6.778         4.1884         2.3946
 92  6.878         4.1955         2.4043
 93  6.978         4.2026         2.4143
 94  7.078         4.2098         2.4246
 95  7.178         4.2171         2.4352
 96  7.278         4.2244         2.4460
 97  7.378         4.2316         2.4517
 98  7.478         4.2388         2.4508
 99  7.578         4.2459         2.4568
100  7.678         4.2531         2.4709
101  7.778         4.2606         2.4937
102  7.878         4.2685         2.5252
103  7.978         4.2770         2.5640
104  8.078         4.2860         2.5976
105  8.178         4.2954         2.6248
106  8.278         4.3051         2.6505
107  8.378         4.3153         2.6809
108  8.478         4.3250         2.6714
109  8.578         4.3340         2.6437
110  8.678         4.3428         2.6476
111  8.778         4.3481         2.4257
112  8.878         4.3570         2.6674
113  8.978         4.3763         3.0140
114  9.078         4.4024         3.1677
115  9.178         4.4353         3.2988
116  9.278         4.4678         3.3257
117  9.378         4.4994         3.3458
118  9.478         4.5298         3.3590
119  9.578         4.5585         3.3645
120  9.678         4.5852         3.3607
121  9.778         4.6093         3.3420
122  9.878         4.6301         3.3004
123  9.978         4.6485         3.2649
124 10.078         4.6653         3.2453
125 10.178         4.6817         3.2493
126 10.278         4.6987         3.2832
127 10.378         4.7174         3.3429
128 10.478         4.7470         3.5658
129 10.578         4.7696         3.4748
130 10.678         4.7894         3.4391
131 10.778         4.8086         3.4441
132 10.878         4.8278         3.4638
133 10.978         4.8470         3.4833
134 11.078         4.8663         3.5026
135 11.178         4.8855         3.5217
136 11.278         4.9047         3.5405
137 11.378         4.9238         3.5590
138 11.478         4.9430         3.5773
139 11.578         4.9620         3.5953
140 11.678         4.9811         3.6130
141 11.778         5.0000         3.6303


#AGE= 1.000 BINS=140 Power-law IMF: x=-2.350
# N  sdss_r       Log10(N)       Log10(dN)
  1 -0.734        -0.1168        -0.1168
  2 -0.634         0.1405        -0.2092
  3 -0.534         0.2886        -0.2506
  4 -0.434         0.3980        -0.2541
  5 -0.334         0.4838        -0.2626
  6 -0.234         0.5559        -0.2599
  7 -0.134         0.6176        -0.2606
  8 -0.034         0.6714        -0.2622
  9  0.066         0.7194        -0.2609
 10  0.166         0.7627        -0.2598
 11  0.266         0.8017        -0.2640
 12  0.366         0.8378        -0.2612
 13  0.466         0.8709        -0.2633
 14  0.566         0.9015        -0.2650
 15  0.666         1.1460         0.7799
 16  0.766         1.2547         0.6001
 17  0.866         1.3837         0.7936
 18  0.966         1.6327         1.2725
 19  1.066         1.9520         1.6685
 20  1.166         2.1768         1.7833
 21  1.266         2.3287         1.7988
 22  1.366         2.4435         1.8093
 23  1.466         2.5336         1.8063
 24  1.566         2.6085         1.8083
 25  1.666         2.6746         1.8248
 26  1.766         2.7352         1.8498
 27  1.866         2.7913         1.8747
 28  1.966         2.8429         1.8922
 29  2.066         2.8907         1.9086
 30  2.166         2.9354         1.9263
 31  2.266         2.9772         1.9399
 32  2.366         3.0166         1.9544
 33  2.466         3.0535         1.9647
 34  2.566         3.0885         1.9768
 35  2.666         3.1217         1.9886
 36  2.766         3.1536         2.0043
 37  2.866         3.1847         2.0243
 38  2.966         3.2142         2.0304
 39  3.066         3.2419         2.0337
 40  3.166         3.2691         2.0516
 41  3.266         3.2953         2.0631
 42  3.366         3.3200         2.0623
 43  3.466         3.3435         2.0648
 44  3.566         3.3660         2.0690
 45  3.666         3.3878         2.0781
 46  3.766         3.4090         2.0873
 47  3.866         3.4298         2.0990
 48  3.966         3.4502         2.1118
 49  4.066         3.4701         2.1224
 50  4.166         3.4895         2.1305
 51  4.266         3.5084         2.1361
 52  4.366         3.5265         2.1392
 53  4.466         3.5441         2.1417
 54  4.566         3.5608         2.1384
 55  4.666         3.5775         2.1540
 56  4.766         3.5945         2.1785
 57  4.866         3.6113         2.1897
 58  4.966         3.6275         2.1925
 59  5.066         3.6432         2.1922
 60  5.166         3.6586         2.1997
 61  5.266         3.6737         2.2077
 62  5.366         3.6885         2.2138
 63  5.466         3.7030         2.2205
 64  5.566         3.7172         2.2252
 65  5.666         3.7312         2.2312
 66  5.766         3.7448         2.2340
 67  5.866         3.7581         2.2375
 68  5.966         3.7711         2.2413
 69  6.066         3.7838         2.2437
 70  6.166         3.7961         2.2404
 71  6.266         3.8078         2.2329
 72  6.366         3.8190         2.2264
 73  6.466         3.8298         2.2211
 74  6.566         3.8403         2.2172
 75  6.666         3.8505         2.2146
 76  6.766         3.8604         2.2134
 77  6.866         3.8701         2.2137
 78  6.966         3.8796         2.2155
 79  7.066         3.8890         2.2187
 80  7.166         3.8982         2.2234
 81  7.266         3.9075         2.2296
 82  7.366         3.9166         2.2372
 83  7.466         3.9258         2.2462
 84  7.566         3.9350         2.2565
 85  7.666         3.9443         2.2680
 86  7.766         3.9536         2.2808
 87  7.866         3.9628         2.2860
 88  7.966         3.9719         2.2864
 89  8.066         3.9808         2.2900
 90  8.166         3.9897         2.2971
 91  8.266         3.9987         2.3078
 92  8.366         4.0077         2.3224
 93  8.466         4.0170         2.3408
 94  8.566         4.0265         2.3629
 95  8.666         4.0362         2.3817
 96  8.766         4.0461         2.3982
 97  8.866         4.0565         2.4298
 98  8.966         4.0675         2.4676
 99  9.066         4.0790         2.4944
100  9.166         4.0908         2.5190
101  9.266         4.1026         2.5309
102  9.366         4.1147         2.5529
103  9.466         4.1275         2.5903
104  9.566         4.1409         2.6257
105  9.666         4.1551         2.6599
106  9.766         4.1698         2.6925
107  9.866         4.1851         2.7249
108  9.966         4.2010         2.7576
109 10.066         4.2175         2.7897
110 10.166         4.2349         2.8266
111 10.266         4.2531         2.8670
112 10.366         4.2721         2.9051
113 10.466         4.2920         2.9420
114 10.566         4.3128         2.9824
115 10.666         4.3346         3.0249
116 10.766         4.3582         3.0810
117 10.866         4.3832         3.1319
118 10.966         4.4078         3.1479
119 11.066         4.4313         3.1538
120 11.166         4.4546         3.1726
121 11.266         4.4786         3.2079
122 11.366         4.5035         3.2509
123 11.466         4.5302         3.3056
124 11.566         4.5582         3.3524
125 11.666         4.5864         3.3860
126 11.766         4.6142         3.4055
127 11.866         4.6414         3.4258
128 11.966         4.6686         3.4513
129 12.066         4.6957         3.4774
130 12.166         4.7228         3.5043
131 12.266         4.7499         3.5320
132 12.366         4.7771         3.5606
133 12.466         4.8045         3.5900
134 12.566         4.8320         3.6204
135 12.666         4.8598         3.6519
136 12.766         4.8878         3.6828
137 12.866         4.9159         3.7127
138 12.966         4.9440         3.7413
139 13.066         4.9721         3.7687
140 13.166         5.0000         3.7946


#AGE= 2.000 BINS=144 Power-law IMF: x=-2.350
# N  sdss_r       Log10(N)       Log10(dN)
  1 -0.734         0.2383         0.2383
  2 -0.634         0.4825         0.1161
  3 -0.534         0.6071         0.0042
  4 -0.434         0.6996        -0.0178
  5 -0.334         0.7778        -0.0048
  6 -0.234         0.8457         0.0059
  7 -0.134         0.9060         0.0188
  8 -0.034         0.9606         0.0327
  9  0.066         1.0104         0.0459
 10  0.166         1.0557         0.0509
 11  0.266         1.1935         0.6280
 12  0.366         1.2695         0.4754
 13  0.466         1.3433         0.5369
 14  0.566         1.3954         0.4490
 15  0.666         1.4136         0.0250
 16  0.766         1.4310         0.0269
 17  0.866         1.4478         0.0270
 18  0.966         1.4639         0.0234
 19  1.066         1.4794         0.0248
 20  1.166         1.4943         0.0232
 21  1.266         1.5087         0.0200
 22  1.366         1.5223         0.0141
 23  1.466         1.5354         0.0070
 24  1.566         1.5479         0.0002
 25  1.666         1.5632         0.1022
 26  1.766         1.6811         1.0572
 27  1.866         1.7325         0.7807
 28  1.966         1.7884         0.8703
 29  2.066         1.8985         1.2488
 30  2.166         2.1145         1.7076
 31  2.266         2.3190         1.8936
 32  2.366         2.4557         1.8872
 33  2.466         2.5547         1.8642
 34  2.566         2.6355         1.8652
 35  2.666         2.7052         1.8764
 36  2.766         2.7673         1.8915
 37  2.866         2.8202         1.8800
 38  2.966         2.8689         1.8946
 39  3.066         2.9174         1.9412
 40  3.166         2.9617         1.9479
 41  3.266         3.0001         1.9283
 42  3.366         3.0357         1.9313
 43  3.466         3.0693         1.9420
 44  3.566         3.1010         1.9485
 45  3.666         3.1311         1.9562
 46  3.766         3.1598         1.9653
 47  3.866         3.1874         1.9767
 48  3.966         3.2141         1.9906
 49  4.066         3.2399         2.0010
 50  4.166         3.2647         2.0077
 51  4.266         3.2882         2.0104
 52  4.366         3.3105         2.0092
 53  4.466         3.3315         2.0055
 54  4.566         3.3522         2.0203
 55  4.666         3.3730         2.0432
 56  4.766         3.3934         2.0563
 57  4.866         3.4131         2.0599
 58  4.966         3.4320         2.0611
 59  5.066         3.4503         2.0653
 60  5.166         3.4683         2.0776
 61  5.266         3.4859         2.0847
 62  5.366         3.5031         2.0916
 63  5.466         3.5198         2.0970
 64  5.566         3.5362         2.1043
 65  5.666         3.5521         2.1092
 66  5.766         3.5677         2.1126
 67  5.866         3.5828         2.1171
 68  5.966         3.5975         2.1207
 69  6.066         3.6119         2.1242
 70  6.166         3.6258         2.1237
 71  6.266         3.6392         2.1217
 72  6.366         3.6520         2.1161
 73  6.466         3.6643         2.1113
 74  6.566         3.6762         2.1075
 75  6.666         3.6877         2.1049
 76  6.766         3.6989         2.1035
 77  6.866         3.7098         2.1034
 78  6.966         3.7204         2.1045
 79  7.066         3.7309         2.1068
 80  7.166         3.7411         2.1104
 81  7.266         3.7513         2.1153
 82  7.366         3.7614         2.1213
 83  7.466         3.7714         2.1285
 84  7.566         3.7813         2.1368
 85  7.666         3.7913         2.1461
 86  7.766         3.8010         2.1469
 87  7.866         3.8105         2.1445
 88  7.966         3.8198         2.1465
 89  8.066         3.8291         2.1534
 90  8.166         3.8384         2.1654
 91  8.266         3.8479         2.1825
 92  8.366         3.8576         2.2048
 93  8.466         3.8677         2.2294
 94  8.566         3.8780         2.2465
 95  8.666         3.8885         2.2673
 96  8.766         3.8994         2.2928
 97  8.866         3.9106         2.3174
 98  8.966         3.9223         2.3470
 99  9.066         3.9346         2.3814
100  9.166         3.9471         2.3969
101  9.267         3.9595         2.4118
102  9.366         3.9724         2.4389
103  9.466         3.9861         2.4757
104  9.566         4.0005         2.5136
105  9.666         4.0154         2.5455
106  9.766         4.0311         2.5798
107  9.866         4.0473         2.6126
108  9.966         4.0643         2.6467
109 10.066         4.0819         2.6820
110 10.166         4.1003         2.7189
111 10.266         4.1196         2.7573
112 10.366         4.1397         2.7951
113 10.466         4.1607         2.8347
114 10.566         4.1827         2.8753
115 10.666         4.2053         2.9109
116 10.766         4.2286         2.9474
117 10.866         4.2525         2.9805
118 10.966         4.2761         3.0004
119 11.066         4.2995         3.0189
120 11.166         4.3346         3.2244
121 11.266         4.3577         3.0724
122 11.366         4.3824         3.1248
123 11.466         4.4090         3.1823
124 11.566         4.4361         3.2190
125 11.666         4.4640         3.2576
126 11.766         4.4924         3.2938
127 11.866         4.5208         3.3221
128 11.966         4.5487         3.3425
129 12.066         4.5761         3.3627
130 12.166         4.6033         3.3857
131 12.266         4.6303         3.4106
132 12.366         4.6573         3.4377
133 12.466         4.6845         3.4672
134 12.566         4.7119         3.4990
135 12.666         4.7397         3.5323
136 12.766         4.7677         3.5633
137 12.867         4.7959         3.5943
138 12.966         4.8243         3.6259
139 13.066         4.8530         3.6579
140 13.166         4.8819         3.6904
141 13.266         4.9111         3.7249
142 13.367         4.9407         3.7595
143 13.466         4.9704         3.7908
144 13.566         5.0000         3.8186


#AGE= 3.000 BINS=141 Power-law IMF: x=-2.350
# N  sdss_r       Log10(N)       Log10(dN)
  1 -0.525         0.3232         0.3232
  2 -0.425         0.5316         0.1125
  3 -0.325         0.6571         0.0567
  4 -0.225         0.7509         0.0395
  5 -0.125         0.8268         0.0319
  6 -0.025         0.8930         0.0435
  7  0.075         0.9527         0.0614
  8  0.175         1.0076         0.0823
  9  0.275         1.0588         0.1046
 10  0.375         1.1069         0.1277
 11  0.475         1.1523         0.1492
 12  0.575         1.1956         0.1721
 13  0.675         1.2369         0.1951
 14  0.775         1.3364         0.6477
 15  0.875         1.4595         0.8517
 16  0.975         1.5041         0.4937
 17  1.075         1.5305         0.3017
 18  1.175         1.5556         0.3037
 19  1.275         1.5795         0.3084
 20  1.375         1.6023         0.3106
 21  1.475         1.6240         0.3133
 22  1.575         1.6449         0.3155
 23  1.675         1.6648         0.3158
 24  1.775         1.6836         0.3123
 25  1.875         1.7017         0.3120
 26  1.975         1.7190         0.3094
 27  2.075         1.7354         0.3059
 28  2.175         1.7512         0.3033
 29  2.275         1.7840         0.6464
 30  2.375         1.9089         1.3067
 31  2.475         1.9540         0.9475
 32  2.575         2.0124         1.1122
 33  2.675         2.1321         1.5139
 34  2.775         2.3528         1.9532
 35  2.875         2.5043         1.9735
 36  2.975         2.6194         1.9864
 37  3.075         2.7109         1.9893
 38  3.175         2.7859         1.9863
 39  3.275         2.8487         1.9776
 40  3.375         2.9035         1.9773
 41  3.475         2.9523         1.9789
 42  3.575         2.9958         1.9753
 43  3.675         3.0364         1.9869
 44  3.775         3.0748         2.0024
 45  3.875         3.1110         2.0137
 46  3.975         3.1451         2.0237
 47  4.075         3.1773         2.0312
 48  4.175         3.2076         2.0361
 49  4.275         3.2347         2.0168
 50  4.375         3.2604         2.0192
 51  4.475         3.2865         2.0516
 52  4.575         3.3114         2.0579
 53  4.675         3.3347         2.0526
 54  4.775         3.3578         2.0724
 55  4.875         3.3796         2.0702
 56  4.975         3.4007         2.0754
 57  5.075         3.4214         2.0895
 58  5.175         3.4415         2.0979
 59  5.275         3.4611         2.1055
 60  5.375         3.4801         2.1124
 61  5.475         3.4987         2.1190
 62  5.575         3.5167         2.1262
 63  5.675         3.5342         2.1312
 64  5.775         3.5512         2.1347
 65  5.875         3.5677         2.1401
 66  5.975         3.5838         2.1444
 67  6.075         3.5994         2.1471
 68  6.175         3.6144         2.1453
 69  6.275         3.6289         2.1438
 70  6.375         3.6430         2.1470
 71  6.475         3.6565         2.1439
 72  6.575         3.6695         2.1399
 73  6.675         3.6821         2.1370
 74  6.775         3.6942         2.1350
 75  6.875         3.7060         2.1342
 76  6.975         3.7175         2.1344
 77  7.075         3.7288         2.1357
 78  7.175         3.7398         2.1381
 79  7.275         3.7506         2.1416
 80  7.375         3.7612         2.1462
 81  7.475         3.7718         2.1518
 82  7.575         3.7822         2.1585
 83  7.675         3.7926         2.1658
 84  7.775         3.8027         2.1632
 85  7.875         3.8125         2.1593
 86  7.975         3.8221         2.1617
 87  8.075         3.8317         2.1709
 88  8.175         3.8414         2.1871
 89  8.275         3.8514         2.2103
 90  8.375         3.8619         2.2396
 91  8.475         3.8727         2.2634
 92  8.575         3.8838         2.2837
 93  8.675         3.8950         2.3026
 94  8.775         3.9064         2.3189
 95  8.875         3.9181         2.3446
 96  8.975         3.9306         2.3820
 97  9.075         3.9434         2.4080
 98  9.175         3.9563         2.4209
 99  9.275         3.9694         2.4434
100  9.375         3.9830         2.4696
101  9.475         3.9973         2.5107
102  9.575         4.0124         2.5446
103  9.675         4.0281         2.5788
104  9.775         4.0445         2.6136
105  9.875         4.0616         2.6467
106  9.975         4.0793         2.6811
107 10.075         4.0977         2.7164
108 10.175         4.1169         2.7533
109 10.275         4.1370         2.7926
110 10.375         4.1579         2.8295
111 10.475         4.1794         2.8634
112 10.575         4.2011         2.8877
113 10.675         4.2222         2.8993
114 10.775         4.2438         2.9293
115 10.875         4.2672         2.9865
116 10.975         4.2944         3.0774
117 11.075         4.3304         3.2317
118 11.175         4.3549         3.0938
119 11.275         4.3817         3.1595
120 11.375         4.4097         3.2045
121 11.475         4.4369         3.2200
122 11.575         4.4648         3.2582
123 11.675         4.4927         3.2878
124 11.775         4.5207         3.3161
125 11.875         4.5487         3.3440
126 11.975         4.5765         3.3689
127 12.075         4.6040         3.3920
128 12.175         4.6313         3.4163
129 12.275         4.6586         3.4426
130 12.375         4.6859         3.4708
131 12.475         4.7134         3.5011
132 12.575         4.7410         3.5304
133 12.675         4.7686         3.5583
134 12.775         4.7963         3.5878
135 12.875         4.8243         3.6191
136 12.975         4.8526         3.6522
137 13.075         4.8813         3.6874
138 13.175         4.9106         3.7254
139 13.275         4.9404         3.7615
140 13.375         4.9703         3.7934
141 13.475         5.0000         3.8205


#AGE= 4.000 BINS=140 Power-law IMF: x=-2.350
# N  sdss_r       Log10(N)       Log10(dN)
  1 -0.332         0.2852         0.2852
  2 -0.232         0.5308         0.1663
  3 -0.132         0.6778         0.1358
  4 -0.032         0.7847         0.1235
  5  0.068         0.8703         0.1230
  6  0.168         0.9435         0.1338
  7  0.268         1.0096         0.1599
  8  0.368         1.0703         0.1857
  9  0.468         1.1266         0.2116
 10  0.568         1.1795         0.2385
 11  0.668         1.2293         0.2640
 12  0.768         1.2767         0.2910
 13  0.868         1.3227         0.3255
 14  0.968         1.3666         0.3495
 15  1.068         1.5256         1.0119
 16  1.168         1.5870         0.7070
 17  1.268         1.6155         0.4194
 18  1.368         1.6433         0.4348
 19  1.468         1.6700         0.4452
 20  1.568         1.6961         0.4625
 21  1.668         1.7231         0.5034
 22  1.768         1.7494         0.5185
 23  1.868         1.7740         0.5153
 24  1.968         1.7978         0.5252
 25  2.068         1.8209         0.5354
 26  2.168         1.8429         0.5348
 27  2.268         1.8635         0.5298
 28  2.368         1.8830         0.5261
 29  2.468         1.9016         0.5243
 30  2.568         1.9192         0.5185
 31  2.668         1.9378         0.5586
 32  2.768         2.0615         1.4557
 33  2.868         2.1039         1.0728
 34  2.968         2.1511         1.1634
 35  3.068         2.2526         1.5719
 36  3.168         2.4091         1.8898
 37  3.268         2.5598         2.0269
 38  3.368         2.6648         1.9969
 39  3.468         2.7439         1.9655
 40  3.568         2.8107         1.9642
 41  3.668         2.8708         1.9824
 42  3.768         2.9247         1.9920
 43  3.868         2.9737         2.0014
 44  3.968         3.0185         2.0100
 45  4.068         3.0601         2.0204
 46  4.168         3.0972         2.0105
 47  4.268         3.1303         1.9965
 48  4.368         3.1625         2.0165
 49  4.468         3.1922         2.0121
 50  4.568         3.2200         2.0127
 51  4.668         3.2473         2.0315
 52  4.768         3.2728         2.0303
 53  4.868         3.2967         2.0248
 54  4.968         3.3203         2.0442
 55  5.068         3.3433         2.0544
 56  5.168         3.3654         2.0624
 57  5.268         3.3869         2.0704
 58  5.368         3.4077         2.0770
 59  5.468         3.4278         2.0846
 60  5.568         3.4474         2.0917
 61  5.668         3.4664         2.0970
 62  5.768         3.4847         2.1015
 63  5.868         3.5026         2.1075
 64  5.968         3.5199         2.1123
 65  6.068         3.5367         2.1142
 66  6.168         3.5527         2.1126
 67  6.268         3.5682         2.1135
 68  6.368         3.5835         2.1206
 69  6.468         3.5986         2.1323
 70  6.568         3.6130         2.1282
 71  6.668         3.6268         2.1228
 72  6.768         3.6401         2.1187
 73  6.868         3.6529         2.1153
 74  6.968         3.6652         2.1125
 75  7.068         3.6772         2.1104
 76  7.168         3.6888         2.1090
 77  7.268         3.7000         2.1083
 78  7.368         3.7110         2.1082
 79  7.468         3.7217         2.1086
 80  7.568         3.7321         2.1046
 81  7.668         3.7422         2.1043
 82  7.768         3.7524         2.1179
 83  7.868         3.7626         2.1287
 84  7.968         3.7728         2.1379
 85  8.068         3.7830         2.1501
 86  8.168         3.7934         2.1655
 87  8.268         3.8039         2.1842
 88  8.368         3.8148         2.2063
 89  8.468         3.8259         2.2296
 90  8.568         3.8373         2.2500
 91  8.668         3.8489         2.2718
 92  8.768         3.8609         2.2934
 93  8.868         3.8731         2.3179
 94  8.968         3.8859         2.3498
 95  9.068         3.8992         2.3768
 96  9.168         3.9124         2.3906
 97  9.268         3.9260         2.4144
 98  9.368         3.9401         2.4452
 99  9.468         3.9550         2.4820
100  9.568         3.9706         2.5169
101  9.668         3.9868         2.5507
102  9.768         4.0037         2.5858
103  9.868         4.0212         2.6184
104  9.968         4.0396         2.6569
105 10.068         4.0592         2.7038
106 10.168         4.0798         2.7452
107 10.268         4.1010         2.7787
108 10.368         4.1224         2.8057
109 10.468         4.1444         2.8378
110 10.568         4.1671         2.8741
111 10.668         4.1909         2.9181
112 10.768         4.2162         2.9681
113 10.868         4.2422         3.0072
114 10.968         4.2683         3.0345
115 11.068         4.2937         3.0482
116 11.168         4.3252         3.1695
117 11.268         4.3513         3.1172
118 11.368         4.3794         3.1764
119 11.468         4.4075         3.2038
120 11.568         4.4353         3.2289
121 11.668         4.4632         3.2561
122 11.768         4.4910         3.2842
123 11.868         4.5188         3.3102
124 11.968         4.5464         3.3357
125 12.068         4.5738         3.3616
126 12.168         4.6012         3.3876
127 12.268         4.6284         3.4109
128 12.368         4.6553         3.4348
129 12.468         4.6823         3.4620
130 12.568         4.7095         3.4928
131 12.668         4.7372         3.5273
132 12.768         4.7653         3.5631
133 12.868         4.7939         3.5972
134 12.968         4.8227         3.6306
135 13.068         4.8518         3.6631
136 13.168         4.8810         3.6947
137 13.268         4.9105         3.7278
138 13.368         4.9403         3.7621
139 13.468         4.9702         3.7933
140 13.568         5.0000         3.8211


#AGE= 5.000 BINS=139 Power-law IMF: x=-2.350
# N  sdss_r       Log10(N)       Log10(dN)
  1 -0.244         0.3569         0.3569
  2 -0.144         0.5307         0.0491
  3 -0.044         0.6429         0.0002
  4  0.056         0.7289        -0.0168
  5  0.156         0.7995        -0.0243
  6  0.256         0.8614        -0.0155
  7  0.356         0.9179         0.0046
  8  0.456         0.9712         0.0339
  9  0.556         1.0218         0.0626
 10  0.656         1.0698         0.0901
 11  0.756         1.1159         0.1186
 12  0.856         1.1602         0.1472
 13  0.956         1.2120         0.2623
 14  1.056         1.2558         0.2377
 15  1.156         1.2955         0.2376
 16  1.256         1.4619         0.9648
 17  1.356         1.4912         0.3054
 18  1.456         1.5187         0.3070
 19  1.556         1.5457         0.3252
 20  1.656         1.5723         0.3466
 21  1.756         1.5989         0.3720
 22  1.856         1.6253         0.3973
 23  1.956         1.6518         0.4228
 24  2.056         1.6780         0.4451
 25  2.156         1.7040         0.4685
 26  2.256         1.7296         0.4872
 27  2.356         1.7548         0.5064
 28  2.456         1.7808         0.5459
 29  2.556         1.8058         0.5532
 30  2.656         1.8296         0.5569
 31  2.756         1.8529         0.5699
 32  2.856         1.8764         0.5987
 33  2.956         1.8995         0.6139
 34  3.056         2.1137         1.7039
 35  3.156         2.1658         1.2191
 36  3.256         2.2317         1.3802
 37  3.356         2.3071         1.5097
 38  3.456         2.4227         1.7913
 39  3.556         2.5501         1.9555
 40  3.656         2.6610         2.0138
 41  3.756         2.7526         2.0318
 42  3.856         2.8297         2.0406
 43  3.956         2.8968         2.0527
 44  4.056         2.9566         2.0660
 45  4.156         3.0058         2.0354
 46  4.256         3.0503         2.0391
 47  4.356         3.0902         2.0342
 48  4.456         3.1256         2.0187
 49  4.556         3.1588         2.0262
 50  4.656         3.1898         2.0275
 51  4.756         3.2175         2.0084
 52  4.856         3.2445         2.0252
 53  4.956         3.2709         2.0406
 54  5.056         3.2962         2.0495
 55  5.156         3.3206         2.0576
 56  5.256         3.3441         2.0656
 57  5.356         3.3668         2.0732
 58  5.456         3.3887         2.0811
 59  5.556         3.4099         2.0884
 60  5.656         3.4304         2.0937
 61  5.756         3.4502         2.0987
 62  5.856         3.4694         2.1060
 63  5.956         3.4880         2.1105
 64  6.056         3.5059         2.1118
 65  6.156         3.5231         2.1118
 66  6.256         3.5397         2.1148
 67  6.356         3.5560         2.1214
 68  6.456         3.5720         2.1301
 69  6.556         3.5876         2.1369
 70  6.656         3.6027         2.1366
 71  6.756         3.6173         2.1358
 72  6.856         3.6312         2.1287
 73  6.956         3.6443         2.1162
 74  7.056         3.6566         2.1057
 75  7.156         3.6685         2.0994
 76  7.256         3.6800         2.0974
 77  7.356         3.6913         2.0997
 78  7.456         3.7024         2.1061
 79  7.556         3.7135         2.1138
 80  7.656         3.7243         2.1161
 81  7.756         3.7351         2.1236
 82  7.856         3.7457         2.1290
 83  7.956         3.7561         2.1308
 84  8.056         3.7665         2.1394
 85  8.156         3.7770         2.1551
 86  8.256         3.7878         2.1782
 87  8.356         3.7991         2.2086
 88  8.456         3.8109         2.2380
 89  8.556         3.8229         2.2596
 90  8.656         3.8350         2.2734
 91  8.756         3.8472         2.2887
 92  8.856         3.8598         2.3178
 93  8.956         3.8731         2.3520
 94  9.056         3.8866         2.3731
 95  9.156         3.9003         2.3911
 96  9.256         3.9143         2.4171
 97  9.356         3.9289         2.4463
 98  9.456         3.9442         2.4847
 99  9.556         3.9602         2.5181
100  9.656         3.9768         2.5516
101  9.756         3.9942         2.5887
102  9.856         4.0131         2.6427
103  9.956         4.0334         2.6913
104 10.056         4.0543         2.7261
105 10.156         4.0752         2.7487
106 10.256         4.0965         2.7768
107 10.356         4.1183         2.8076
108 10.456         4.1406         2.8396
109 10.556         4.1634         2.8731
110 10.656         4.1869         2.9082
111 10.756         4.2111         2.9452
112 10.856         4.2362         2.9844
113 10.956         4.2621         3.0259
114 11.056         4.2893         3.0714
115 11.156         4.3190         3.1398
116 11.256         4.3505         3.1955
117 11.356         4.3785         3.1737
118 11.456         4.4068         3.2068
119 11.556         4.4350         3.2338
120 11.656         4.4630         3.2579
121 11.756         4.4908         3.2835
122 11.856         4.5186         3.3102
123 11.956         4.5462         3.3361
124 12.056         4.5737         3.3616
125 12.156         4.6011         3.3874
126 12.256         4.6284         3.4130
127 12.356         4.6554         3.4357
128 12.456         4.6823         3.4607
129 12.556         4.7093         3.4901
130 12.656         4.7368         3.5240
131 12.756         4.7648         3.5610
132 12.856         4.7933         3.5964
133 12.956         4.8222         3.6306
134 13.056         4.8514         3.6636
135 13.156         4.8807         3.6953
136 13.256         4.9102         3.7286
137 13.356         4.9401         3.7633
138 13.456         4.9701         3.7947
139 13.556         5.0000         3.8224


#AGE= 6.000 BINS=137 Power-law IMF: x=-2.350
# N  sdss_r       Log10(N)       Log10(dN)
  1 -0.124         0.2501         0.2501
  2 -0.024         0.4857         0.1076
  3  0.076         0.6279         0.0737
  4  0.176         0.7317         0.0593
  5  0.276         0.8151         0.0573
  6  0.376         0.8863         0.0661
  7  0.476         0.9511         0.0932
  8  0.576         1.0104         0.1161
  9  0.676         1.0661         0.1471
 10  0.776         1.1188         0.1762
 11  0.876         1.1687         0.2045
 12  0.976         1.2202         0.2688
 13  1.076         1.2697         0.3023
 14  1.176         1.3169         0.3295
 15  1.276         1.3850         0.5467
 16  1.376         1.5198         0.9460
 17  1.476         1.5498         0.3743
 18  1.576         1.5784         0.3828
 19  1.676         1.6067         0.4064
 20  1.776         1.6350         0.4354
 21  1.876         1.6635         0.4662
 22  1.976         1.6923         0.4992
 23  2.076         1.7213         0.5322
 24  2.176         1.7508         0.5675
 25  2.276         1.7805         0.6014
 26  2.376         1.8107         0.6372
 27  2.476         1.8414         0.6753
 28  2.576         1.8722         0.7086
 29  2.676         1.9035         0.7444
 30  2.776         1.9348         0.7784
 31  2.876         1.9664         0.8125
 32  2.976         1.9983         0.8476
 33  3.076         2.0301         0.8793
 34  3.176         2.0621         0.9130
 35  3.276         2.0941         0.9454
 36  3.376         2.4290         2.1594
 37  3.476         2.5656         1.9968
 38  3.576         2.6594         1.9476
 39  3.676         2.6736         1.1804
 40  3.776         2.6920         1.3106
 41  3.876         2.7314         1.6695
 42  3.976         2.7947         1.9270
 43  4.076         2.8681         2.0602
 44  4.176         2.9385         2.1130
 45  4.276         2.9972         2.0997
 46  4.376         3.0474         2.0847
 47  4.476         3.0918         2.0801
 48  4.576         3.1295         2.0493
 49  4.676         3.1613         2.0093
 50  4.776         3.1924         2.0331
 51  4.876         3.2227         2.0507
 52  4.976         3.2515         2.0588
 53  5.076         3.2791         2.0679
 54  5.176         3.3054         2.0757
 55  5.276         3.3308         2.0840
 56  5.376         3.3551         2.0915
 57  5.476         3.3786         2.1003
 58  5.576         3.4013         2.1073
 59  5.676         3.4230         2.1121
 60  5.776         3.4441         2.1187
 61  5.876         3.4644         2.1256
 62  5.976         3.4841         2.1296
 63  6.076         3.5029         2.1304
 64  6.176         3.5210         2.1322
 65  6.276         3.5386         2.1368
 66  6.376         3.5558         2.1442
 67  6.476         3.5726         2.1521
 68  6.576         3.5889         2.1566
 69  6.676         3.6047         2.1564
 70  6.776         3.6196         2.1496
 71  6.876         3.6337         2.1364
 72  6.976         3.6471         2.1290
 73  7.076         3.6600         2.1286
 74  7.176         3.6727         2.1317
 75  7.276         3.6850         2.1312
 76  7.376         3.6970         2.1315
 77  7.476         3.7087         2.1332
 78  7.576         3.7201         2.1338
 79  7.676         3.7312         2.1334
 80  7.776         3.7421         2.1379
 81  7.876         3.7530         2.1465
 82  7.976         3.7636         2.1448
 83  8.076         3.7741         2.1511
 84  8.176         3.7849         2.1765
 85  8.276         3.7966         2.2203
 86  8.376         3.8091         2.2613
 87  8.476         3.8217         2.2787
 88  8.576         3.8340         2.2787
 89  8.676         3.8462         2.2920
 90  8.776         3.8590         2.3220
 91  8.876         3.8723         2.3504
 92  8.976         3.8859         2.3738
 93  9.076         3.8998         2.3979
 94  9.176         3.9139         2.4206
 95  9.276         3.9285         2.4470
 96  9.376         3.9438         2.4836
 97  9.476         3.9598         2.5166
 98  9.576         3.9763         2.5498
 99  9.676         3.9936         2.5849
100  9.776         4.0124         2.6398
101  9.876         4.0328         2.6930
102  9.976         4.0539         2.7307
103 10.076         4.0751         2.7525
104 10.176         4.0963         2.7749
105 10.276         4.1178         2.8015
106 10.376         4.1396         2.8304
107 10.476         4.1620         2.8619
108 10.576         4.1849         2.8964
109 10.676         4.2086         2.9343
110 10.776         4.2334         2.9761
111 10.876         4.2593         3.0222
112 10.976         4.2867         3.0733
113 11.076         4.3180         3.1609
114 11.176         4.3463         3.1451
115 11.276         4.3785         3.2333
116 11.376         4.4067         3.2052
117 11.476         4.4352         3.2374
118 11.576         4.4636         3.2657
119 11.676         4.4918         3.2908
120 11.776         4.5199         3.3156
121 11.876         4.5477         3.3402
122 11.976         4.5753         3.3651
123 12.076         4.6028         3.3904
124 12.176         4.6301         3.4157
125 12.276         4.6573         3.4407
126 12.376         4.6843         3.4635
127 12.476         4.7112         3.4900
128 12.576         4.7384         3.5218
129 12.676         4.7661         3.5572
130 12.776         4.7942         3.5908
131 12.876         4.8226         3.6243
132 12.976         4.8514         3.6578
133 13.076         4.8804         3.6913
134 13.176         4.9099         3.7278
135 13.276         4.9399         3.7643
136 13.376         4.9701         3.7964
137 13.476         5.0000         3.8235


#AGE= 7.000 BINS=135 Power-law IMF: x=-2.350
# N  sdss_r       Log10(N)       Log10(dN)
  1 -0.051         0.2450         0.2450
  2  0.049         0.4788         0.0983
  3  0.149         0.6186         0.0582
  4  0.249         0.7218         0.0471
  5  0.349         0.8047         0.0450
  6  0.449         0.8762         0.0573
  7  0.549         0.9402         0.0770
  8  0.649         0.9995         0.1057
  9  0.749         1.0553         0.1366
 10  0.849         1.1078         0.1642
 11  0.949         1.1587         0.2024
 12  1.049         1.2132         0.2847
 13  1.149         1.2626         0.2943
 14  1.249         1.3102         0.3262
 15  1.349         1.3525         0.3197
 16  1.449         1.5142         1.0067
 17  1.549         1.5449         0.3796
 18  1.649         1.5739         0.3843
 19  1.749         1.6025         0.4068
 20  1.849         1.6312         0.4367
 21  1.949         1.6601         0.4691
 22  2.049         1.6894         0.5038
 23  2.149         1.7190         0.5378
 24  2.249         1.7490         0.5730
 25  2.349         1.7792         0.6073
 26  2.449         1.8100         0.6456
 27  2.549         1.8411         0.6803
 28  2.649         1.8728         0.7194
 29  2.749         1.9046         0.7537
 30  2.849         1.9368         0.7911
 31  2.949         1.9692         0.8260
 32  3.049         2.0020         0.8636
 33  3.149         2.0349         0.8976
 34  3.249         2.0679         0.9330
 35  3.349         2.1014         0.9722
 36  3.449         2.1360         1.0195
 37  3.549         2.4514         2.1642
 38  3.649         2.6239         2.1394
 39  3.749         2.7063         1.9439
 40  3.849         2.7630         1.8507
 41  3.949         2.7754         1.2260
 42  4.049         2.8026         1.5857
 43  4.149         2.8694         2.0234
 44  4.249         2.9344         2.0775
 45  4.349         2.9927         2.0917
 46  4.449         3.0509         2.1489
 47  4.549         3.0939         2.0686
 48  4.649         3.1313         2.0484
 49  4.749         3.1676         2.0715
 50  4.849         3.2018         2.0804
 51  4.949         3.2340         2.0885
 52  5.049         3.2645         2.0963
 53  5.149         3.2936         2.1047
 54  5.249         3.3214         2.1132
 55  5.349         3.3479         2.1211
 56  5.449         3.3734         2.1298
 57  5.549         3.3979         2.1374
 58  5.649         3.4214         2.1429
 59  5.749         3.4440         2.1492
 60  5.849         3.4659         2.1571
 61  5.949         3.4869         2.1610
 62  6.049         3.5071         2.1633
 63  6.149         3.5264         2.1661
 64  6.249         3.5452         2.1709
 65  6.349         3.5634         2.1772
 66  6.449         3.5812         2.1841
 67  6.549         3.5984         2.1885
 68  6.649         3.6150         2.1888
 69  6.749         3.6308         2.1840
 70  6.849         3.6458         2.1775
 71  6.949         3.6601         2.1691
 72  7.049         3.6736         2.1605
 73  7.149         3.6868         2.1609
 74  7.249         3.6997         2.1681
 75  7.349         3.7124         2.1719
 76  7.449         3.7247         2.1717
 77  7.549         3.7366         2.1677
 78  7.649         3.7481         2.1641
 79  7.749         3.7593         2.1659
 80  7.849         3.7703         2.1672
 81  7.949         3.7808         2.1619
 82  8.049         3.7917         2.1828
 83  8.149         3.8034         2.2309
 84  8.249         3.8161         2.2752
 85  8.349         3.8290         2.2949
 86  8.449         3.8417         2.3010
 87  8.549         3.8545         2.3158
 88  8.649         3.8673         2.3316
 89  8.749         3.8802         2.3482
 90  8.849         3.8937         2.3768
 91  8.949         3.9076         2.4059
 92  9.049         3.9217         2.4279
 93  9.149         3.9362         2.4514
 94  9.249         3.9511         2.4811
 95  9.349         3.9667         2.5131
 96  9.449         3.9830         2.5487
 97  9.549         3.9999         2.5810
 98  9.649         4.0174         2.6145
 99  9.749         4.0357         2.6526
100  9.849         4.0557         2.7078
101  9.949         4.0770         2.7563
102 10.049         4.0989         2.7906
103 10.149         4.1206         2.8098
104 10.249         4.1420         2.8244
105 10.349         4.1633         2.8431
106 10.449         4.1848         2.8673
107 10.549         4.2067         2.8984
108 10.649         4.2294         2.9379
109 10.749         4.2536         2.9877
110 10.849         4.2800         3.0496
111 10.949         4.3094         3.1259
112 11.049         4.3435         3.2215
113 11.149         4.3725         3.1828
114 11.249         4.4049         3.2609
115 11.349         4.4356         3.2697
116 11.449         4.4645         3.2731
117 11.549         4.4931         3.2980
118 11.649         4.5217         3.3259
119 11.749         4.5500         3.3497
120 11.849         4.5780         3.3739
121 11.949         4.6058         3.3979
122 12.049         4.6334         3.4226
123 12.149         4.6608         3.4473
124 12.249         4.6880         3.4721
125 12.349         4.7150         3.4953
126 12.449         4.7420         3.5222
127 12.549         4.7693         3.5536
128 12.649         4.7967         3.5830
129 12.749         4.8243         3.6136
130 12.849         4.8523         3.6471
131 12.949         4.8808         3.6836
132 13.049         4.9101         3.7248
133 13.149         4.9400         3.7636
134 13.249         4.9701         3.7963
135 13.349         5.0000         3.8225


#AGE= 8.000 BINS=137 Power-law IMF: x=-2.350
# N  sdss_r       Log10(N)       Log10(dN)
  1 -0.030         0.1903         0.1903
  2  0.070         0.4030        -0.0090
  3  0.170         0.5345        -0.0487
  4  0.270         0.6323        -0.0628
  5  0.370         0.7110        -0.0700
  6  0.470         0.7797        -0.0551
  7  0.570         0.8413        -0.0367
  8  0.670         0.8980        -0.0142
  9  0.770         0.9516         0.0158
 10  0.870         1.0026         0.0473
 11  0.970         1.0513         0.0767
 12  1.070         1.1203         0.2872
 13  1.170         1.1667         0.1727
 14  1.270         1.2106         0.1938
 15  1.370         1.3413         0.7562
 16  1.470         1.3976         0.4818
 17  1.570         1.4268         0.2401
 18  1.670         1.4552         0.2564
 19  1.770         1.4833         0.2807
 20  1.870         1.5115         0.3108
 21  1.970         1.5401         0.3442
 22  2.070         1.5691         0.3785
 23  2.170         1.5983         0.4125
 24  2.270         1.6280         0.4475
 25  2.370         1.6579         0.4808
 26  2.470         1.6883         0.5186
 27  2.570         1.7192         0.5562
 28  2.670         1.7504         0.5905
 29  2.770         1.7814         0.6201
 30  2.870         1.8127         0.6544
 31  2.970         1.8439         0.6853
 32  3.070         1.8751         0.7156
 33  3.170         1.9062         0.7466
 34  3.270         1.9374         0.7769
 35  3.370         1.9687         0.8120
 36  3.470         2.0006         0.8500
 37  3.570         2.0341         0.9055
 38  3.670         2.3414         2.0465
 39  3.770         2.5093         2.0153
 40  3.870         2.5907         1.8236
 41  3.970         2.6585         1.8186
 42  4.070         2.7170         1.8174
 43  4.170         2.7712         1.8407
 44  4.270         2.8257         1.8972
 45  4.370         2.8800         1.9502
 46  4.470         2.9258         1.9259
 47  4.570         2.9710         1.9660
 48  4.670         3.0155         2.0043
 49  4.770         3.0561         2.0064
 50  4.870         3.0935         2.0101
 51  4.970         3.1285         2.0175
 52  5.070         3.1615         2.0252
 53  5.170         3.1926         2.0331
 54  5.270         3.2223         2.0421
 55  5.370         3.2506         2.0503
 56  5.470         3.2776         2.0587
 57  5.570         3.3035         2.0659
 58  5.670         3.3283         2.0717
 59  5.770         3.3521         2.0796
 60  5.870         3.3750         2.0863
 61  5.970         3.3970         2.0893
 62  6.070         3.4180         2.0928
 63  6.170         3.4383         2.0971
 64  6.270         3.4579         2.1024
 65  6.370         3.4769         2.1080
 66  6.470         3.4953         2.1138
 67  6.570         3.5130         2.1161
 68  6.670         3.5301         2.1153
 69  6.770         3.5463         2.1111
 70  6.870         3.5617         2.1032
 71  6.970         3.5764         2.0979
 72  7.070         3.5904         2.0933
 73  7.170         3.6040         2.0922
 74  7.270         3.6173         2.0972
 75  7.370         3.6303         2.1003
 76  7.470         3.6429         2.0994
 77  7.570         3.6551         2.0973
 78  7.670         3.6670         2.0964
 79  7.770         3.6783         2.0908
 80  7.870         3.6893         2.0847
 81  7.970         3.7006         2.1114
 82  8.070         3.7127         2.1519
 83  8.170         3.7253         2.1813
 84  8.270         3.7382         2.2064
 85  8.370         3.7516         2.2343
 86  8.470         3.7649         2.2438
 87  8.570         3.7779         2.2478
 88  8.670         3.7911         2.2659
 89  8.770         3.8045         2.2876
 90  8.870         3.8183         2.3122
 91  8.970         3.8325         2.3405
 92  9.070         3.8471         2.3664
 93  9.170         3.8620         2.3916
 94  9.270         3.8776         2.4244
 95  9.370         3.8938         2.4580
 96  9.470         3.9107         2.4907
 97  9.570         3.9281         2.5237
 98  9.670         3.9462         2.5575
 99  9.770         3.9651         2.5934
100  9.870         3.9854         2.6449
101  9.970         4.0071         2.6945
102 10.070         4.0295         2.7311
103 10.170         4.0519         2.7544
104 10.270         4.0744         2.7769
105 10.370         4.0971         2.8032
106 10.470         4.1201         2.8329
107 10.570         4.1437         2.8669
108 10.670         4.1681         2.9057
109 10.770         4.1936         2.9500
110 10.870         4.2206         3.0008
111 10.970         4.2495         3.0588
112 11.070         4.2809         3.1238
113 11.170         4.3144         3.1857
114 11.270         4.3437         3.1568
115 11.370         4.3744         3.2090
116 11.470         4.4033         3.2117
117 11.570         4.4322         3.2409
118 11.670         4.4609         3.2675
119 11.770         4.4894         3.2914
120 11.870         4.5175         3.3145
121 11.970         4.5453         3.3376
122 12.070         4.5729         3.3623
123 12.170         4.6003         3.3870
124 12.270         4.6276         3.4117
125 12.370         4.6547         3.4370
126 12.470         4.6818         3.4637
127 12.570         4.7087         3.4875
128 12.670         4.7358         3.5165
129 12.770         4.7633         3.5525
130 12.870         4.7918         3.5938
131 12.970         4.8209         3.6329
132 13.070         4.8504         3.6682
133 13.170         4.8801         3.6997
134 13.270         4.9098         3.7309
135 13.370         4.9399         3.7651
136 13.470         4.9700         3.7963
137 13.570         5.0000         3.8240


#AGE= 9.000 BINS=134 Power-law IMF: x=-2.350
# N  sdss_r       Log10(N)       Log10(dN)
  1  0.083         0.0205         0.0205
  2  0.183         0.2912        -0.0425
  3  0.283         0.4485        -0.0689
  4  0.383         0.5649        -0.0639
  5  0.483         0.6564        -0.0646
  6  0.583         0.7350        -0.0462
  7  0.683         0.8052        -0.0207
  8  0.783         0.8700         0.0114
  9  0.883         0.9300         0.0407
 10  0.983         0.9861         0.0697
 11  1.083         1.0421         0.1249
 12  1.183         1.1021         0.2124
 13  1.283         1.1525         0.1922
 14  1.383         1.2712         0.6501
 15  1.483         1.3611         0.6325
 16  1.583         1.3930         0.2440
 17  1.683         1.4238         0.2586
 18  1.783         1.4540         0.2817
 19  1.883         1.4842         0.3110
 20  1.983         1.5147         0.3461
 21  2.083         1.5454         0.3790
 22  2.183         1.5762         0.4120
 23  2.283         1.6075         0.4493
 24  2.383         1.6388         0.4821
 25  2.483         1.6706         0.5195
 26  2.583         1.7030         0.5586
 27  2.683         1.7355         0.5936
 28  2.783         1.7682         0.6293
 29  2.883         1.8013         0.6674
 30  2.983         1.8347         0.7028
 31  3.083         1.8671         0.7245
 32  3.183         1.8993         0.7538
 33  3.283         1.9312         0.7814
 34  3.383         1.9632         0.8136
 35  3.483         1.9956         0.8531
 36  3.583         2.0292         0.9011
 37  3.683         2.0657         0.9716
 38  3.783         2.3863         2.1040
 39  3.883         2.5416         2.0198
 40  3.983         2.6237         1.8594
 41  4.083         2.6962         1.8835
 42  4.183         2.7619         1.9089
 43  4.283         2.8214         1.9289
 44  4.383         2.8747         1.9372
 45  4.483         2.9258         1.9713
 46  4.583         2.9754         2.0088
 47  4.683         3.0243         2.0511
 48  4.783         3.0694         2.0639
 49  4.883         3.1104         2.0644
 50  4.983         3.1481         2.0687
 51  5.083         3.1834         2.0753
 52  5.183         3.2166         2.0841
 53  5.283         3.2481         2.0924
 54  5.383         3.2780         2.1011
 55  5.483         3.3065         2.1093
 56  5.583         3.3336         2.1159
 57  5.683         3.3596         2.1230
 58  5.783         3.3845         2.1314
 59  5.883         3.4084         2.1365
 60  5.983         3.4312         2.1410
 61  6.083         3.4531         2.1444
 62  6.183         3.4742         2.1494
 63  6.283         3.4945         2.1545
 64  6.383         3.5142         2.1603
 65  6.483         3.5332         2.1649
 66  6.583         3.5514         2.1646
 67  6.683         3.5688         2.1643
 68  6.783         3.5854         2.1589
 69  6.883         3.6012         2.1533
 70  6.983         3.6162         2.1484
 71  7.083         3.6307         2.1464
 72  7.183         3.6447         2.1456
 73  7.283         3.6584         2.1497
 74  7.383         3.6717         2.1517
 75  7.483         3.6846         2.1507
 76  7.583         3.6971         2.1499
 77  7.683         3.7091         2.1441
 78  7.783         3.7206         2.1388
 79  7.883         3.7324         2.1596
 80  7.983         3.7444         2.1806
 81  8.083         3.7568         2.2083
 82  8.183         3.7701         2.2466
 83  8.283         3.7837         2.2728
 84  8.383         3.7973         2.2865
 85  8.483         3.8109         2.3019
 86  8.583         3.8244         2.3083
 87  8.683         3.8378         2.3203
 88  8.783         3.8515         2.3450
 89  8.883         3.8656         2.3689
 90  8.983         3.8801         2.3965
 91  9.083         3.8950         2.4247
 92  9.183         3.9105         2.4537
 93  9.283         3.9266         2.4867
 94  9.383         3.9433         2.5211
 95  9.483         3.9606         2.5523
 96  9.583         3.9786         2.5862
 97  9.683         3.9972         2.6206
 98  9.783         4.0165         2.6545
 99  9.883         4.0365         2.6897
100  9.983         4.0572         2.7247
101 10.083         4.0785         2.7589
102 10.183         4.1005         2.7938
103 10.283         4.1231         2.8295
104 10.383         4.1466         2.8664
105 10.483         4.1708         2.9048
106 10.583         4.1958         2.9448
107 10.683         4.2219         2.9869
108 10.783         4.2490         3.0316
109 10.883         4.2775         3.0793
110 10.983         4.3074         3.1308
111 11.083         4.3387         3.1814
112 11.183         4.3715         3.2335
113 11.283         4.4024         3.2383
114 11.383         4.4334         3.2722
115 11.483         4.4630         3.2808
116 11.583         4.4916         3.2965
117 11.683         4.5202         3.3243
118 11.783         4.5488         3.3541
119 11.883         4.5770         3.3752
120 11.983         4.6049         3.3982
121 12.083         4.6325         3.4224
122 12.183         4.6600         3.4474
123 12.283         4.6873         3.4725
124 12.383         4.7144         3.4964
125 12.483         4.7412         3.5174
126 12.583         4.7680         3.5456
127 12.683         4.7954         3.5824
128 12.783         4.8234         3.6178
129 12.883         4.8517         3.6526
130 12.983         4.8805         3.6874
131 13.083         4.9099         3.7251
132 13.183         4.9398         3.7641
133 13.283         4.9700         3.7972
134 13.383         5.0000         3.8238


#AGE=10.000 BINS=136 Power-law IMF: x=-2.350
# N  sdss_r       Log10(N)       Log10(dN)
  1  0.058         0.0807         0.0807
  2  0.158         0.2999        -0.1019
  3  0.258         0.4355        -0.1363
  4  0.358         0.5341        -0.1583
  5  0.458         0.6149        -0.1552
  6  0.558         0.6844        -0.1453
  7  0.658         0.7470        -0.1254
  8  0.758         0.8052        -0.0965
  9  0.858         0.8599        -0.0665
 10  0.958         0.9114        -0.0408
 11  1.058         0.9605        -0.0106
 12  1.158         1.0146         0.0839
 13  1.258         1.0632         0.0873
 14  1.358         1.1096         0.1158
 15  1.458         1.2644         0.7413
 16  1.558         1.3042         0.2467
 17  1.658         1.3347         0.1658
 18  1.758         1.3639         0.1773
 19  1.858         1.3932         0.2068
 20  1.958         1.4225         0.2374
 21  2.058         1.4519         0.2685
 22  2.158         1.4816         0.3009
 23  2.258         1.5118         0.3388
 24  2.358         1.5419         0.3682
 25  2.458         1.5728         0.4101
 26  2.558         1.6040         0.4444
 27  2.658         1.6356         0.4819
 28  2.758         1.6680         0.5244
 29  2.858         1.7008         0.5626
 30  2.958         1.7349         0.6129
 31  3.058         1.7692         0.6501
 32  3.158         1.8047         0.6997
 33  3.258         1.8408         0.7422
 34  3.358         1.8766         0.7752
 35  3.458         1.9119         0.8042
 36  3.558         1.9469         0.8358
 37  3.658         1.9820         0.8720
 38  3.758         2.0194         0.9366
 39  3.858         2.2885         1.9529
 40  3.958         2.4649         1.9884
 41  4.058         2.5526         1.8146
 42  4.158         2.6275         1.8277
 43  4.258         2.6943         1.8479
 44  4.358         2.7549         1.8699
 45  4.458         2.8098         1.8841
 46  4.558         2.8621         1.9169
 47  4.658         2.9122         1.9495
 48  4.758         2.9619         1.9959
 49  4.858         3.0081         2.0120
 50  4.958         3.0498         2.0117
 51  5.058         3.0881         2.0149
 52  5.158         3.1240         2.0226
 53  5.258         3.1577         2.0310
 54  5.358         3.1896         2.0399
 55  5.458         3.2199         2.0485
 56  5.558         3.2487         2.0561
 57  5.658         3.2761         2.0624
 58  5.758         3.3024         2.0715
 59  5.858         3.3275         2.0774
 60  5.958         3.3515         2.0817
 61  6.058         3.3745         2.0860
 62  6.158         3.3965         2.0906
 63  6.258         3.4177         2.0959
 64  6.358         3.4381         2.1008
 65  6.458         3.4578         2.1039
 66  6.558         3.4768         2.1073
 67  6.658         3.4949         2.1064
 68  6.758         3.5122         2.1035
 69  6.858         3.5285         2.0952
 70  6.958         3.5441         2.0921
 71  7.058         3.5591         2.0899
 72  7.158         3.5736         2.0894
 73  7.258         3.5877         2.0934
 74  7.358         3.6015         2.0958
 75  7.458         3.6148         2.0934
 76  7.558         3.6276         2.0920
 77  7.658         3.6400         2.0877
 78  7.758         3.6521         2.0938
 79  7.858         3.6642         2.1024
 80  7.958         3.6765         2.1237
 81  8.058         3.6895         2.1580
 82  8.158         3.7029         2.1857
 83  8.258         3.7168         2.2144
 84  8.358         3.7309         2.2348
 85  8.458         3.7447         2.2415
 86  8.558         3.7585         2.2533
 87  8.658         3.7722         2.2637
 88  8.758         3.7860         2.2822
 89  8.858         3.8003         2.3084
 90  8.958         3.8149         2.3352
 91  9.058         3.8300         2.3638
 92  9.158         3.8457         2.3951
 93  9.258         3.8619         2.4277
 94  9.358         3.8789         2.4617
 95  9.458         3.8964         2.4938
 96  9.558         3.9146         2.5264
 97  9.658         3.9334         2.5610
 98  9.758         3.9529         2.5948
 99  9.858         3.9730         2.6292
100  9.958         3.9938         2.6645
101 10.058         4.0157         2.7065
102 10.158         4.0387         2.7516
103 10.258         4.0626         2.7913
104 10.358         4.0870         2.8246
105 10.458         4.1117         2.8539
106 10.558         4.1368         2.8862
107 10.658         4.1625         2.9219
108 10.758         4.1890         2.9618
109 10.858         4.2166         3.0063
110 10.958         4.2457         3.0564
111 11.058         4.2766         3.1131
112 11.158         4.3075         3.1448
113 11.258         4.3408         3.2090
114 11.358         4.3724         3.2187
115 11.458         4.4025         3.2285
116 11.558         4.4317         3.2441
117 11.658         4.4605         3.2679
118 11.758         4.4890         3.2923
119 11.858         4.5174         3.3180
120 11.958         4.5455         3.3423
121 12.058         4.5733         3.3657
122 12.158         4.6008         3.3899
123 12.258         4.6282         3.4140
124 12.358         4.6552         3.4358
125 12.458         4.6820         3.4592
126 12.558         4.7090         3.4892
127 12.658         4.7361         3.5174
128 12.758         4.7635         3.5502
129 12.858         4.7917         3.5895
130 12.958         4.8207         3.6310
131 13.058         4.8502         3.6682
132 13.158         4.8800         3.7005
133 13.258         4.9098         3.7312
134 13.358         4.9398         3.7655
135 13.458         4.9700         3.7967
136 13.558         5.0000         3.8244


#AGE=11.000 BINS=137 Power-law IMF: x=-2.350
# N  sdss_r       Log10(N)       Log10(dN)
  1  0.118        -0.0496        -0.0496
  2  0.218         0.1957        -0.1692
  3  0.318         0.3416        -0.2032
  4  0.418         0.4497        -0.2072
  5  0.518         0.5344        -0.2173
  6  0.618         0.6072        -0.2039
  7  0.718         0.6739        -0.1727
  8  0.818         0.7345        -0.1513
  9  0.918         0.7914        -0.1191
 10  1.018         0.8454        -0.0865
 11  1.118         0.8966        -0.0578
 12  1.218         0.9537         0.0447
 13  1.318         1.0033         0.0366
 14  1.418         1.0514         0.0722
 15  1.518         1.2128         0.7046
 16  1.618         1.2496         0.1592
 17  1.718         1.2800         0.1108
 18  1.818         1.3096         0.1285
 19  1.918         1.3393         0.1586
 20  2.018         1.3689         0.1884
 21  2.118         1.3990         0.2243
 22  2.218         1.4291         0.2556
 23  2.318         1.4596         0.2913
 24  2.418         1.4906         0.3289
 25  2.518         1.5222         0.3676
 26  2.618         1.5544         0.4086
 27  2.718         1.5870         0.4461
 28  2.818         1.6208         0.4954
 29  2.918         1.6554         0.5395
 30  3.018         1.6920         0.6000
 31  3.118         1.7314         0.6692
 32  3.218         1.7736         0.7404
 33  3.318         1.8152         0.7752
 34  3.418         1.8547         0.7939
 35  3.518         1.8924         0.8123
 36  3.618         1.9284         0.8291
 37  3.718         1.9635         0.8539
 38  3.818         1.9998         0.9042
 39  3.918         2.1220         1.5117
 40  4.018         2.3936         2.0610
 41  4.118         2.4859         1.7678
 42  4.218         2.5633         1.7765
 43  4.318         2.6324         1.7997
 44  4.418         2.6947         1.8210
 45  4.518         2.7509         1.8347
 46  4.618         2.8033         1.8589
 47  4.718         2.8539         1.8957
 48  4.818         2.9036         1.9373
 49  4.918         2.9507         1.9626
 50  5.018         2.9933         1.9631
 51  5.118         3.0322         1.9657
 52  5.218         3.0686         1.9734
 53  5.318         3.1028         1.9818
 54  5.418         3.1351         1.9914
 55  5.518         3.1658         1.9991
 56  5.618         3.1949         2.0064
 57  5.718         3.2226         2.0146
 58  5.818         3.2492         2.0222
 59  5.918         3.2745         2.0270
 60  6.018         3.2986         2.0314
 61  6.118         3.3217         2.0355
 62  6.218         3.3438         2.0401
 63  6.318         3.3651         2.0448
 64  6.418         3.3856         2.0496
 65  6.518         3.4053         2.0524
 66  6.618         3.4243         2.0548
 67  6.718         3.4422         2.0502
 68  6.818         3.4594         2.0470
 69  6.918         3.4757         2.0412
 70  7.018         3.4913         2.0408
 71  7.118         3.5063         2.0369
 72  7.218         3.5209         2.0404
 73  7.318         3.5352         2.0435
 74  7.418         3.5489         2.0412
 75  7.518         3.5621         2.0397
 76  7.618         3.5749         2.0385
 77  7.718         3.5875         2.0437
 78  7.818         3.6000         2.0515
 79  7.918         3.6127         2.0744
 80  8.018         3.6258         2.0979
 81  8.118         3.6395         2.1308
 82  8.218         3.6536         2.1583
 83  8.318         3.6679         2.1790
 84  8.418         3.6823         2.1940
 85  8.518         3.6962         2.1968
 86  8.618         3.7101         2.2086
 87  8.718         3.7240         2.2223
 88  8.818         3.7383         2.2468
 89  8.918         3.7530         2.2763
 90  9.018         3.7682         2.3047
 91  9.118         3.7839         2.3347
 92  9.218         3.8003         2.3689
 93  9.318         3.8173         2.4018
 94  9.418         3.8350         2.4346
 95  9.518         3.8532         2.4663
 96  9.618         3.8720         2.5006
 97  9.718         3.8916         2.5351
 98  9.818         3.9118         2.5689
 99  9.918         3.9326         2.6039
100 10.018         3.9543         2.6414
101 10.118         3.9771         2.6853
102 10.218         4.0008         2.7272
103 10.318         4.0253         2.7637
104 10.418         4.0501         2.7942
105 10.518         4.0751         2.8232
106 10.618         4.1006         2.8565
107 10.718         4.1268         2.8952
108 10.818         4.1542         2.9401
109 10.918         4.1831         2.9923
110 11.018         4.2142         3.0532
111 11.118         4.2460         3.0948
112 11.218         4.2781         3.1313
113 11.318         4.3111         3.1749
114 11.418         4.3421         3.1805
115 11.518         4.3718         3.1917
116 11.618         4.4009         3.2130
117 11.718         4.4296         3.2353
118 11.818         4.4582         3.2622
119 11.918         4.4865         3.2870
120 12.018         4.5146         3.3110
121 12.118         4.5423         3.3338
122 12.218         4.5698         3.3569
123 12.318         4.5970         3.3803
124 12.418         4.6240         3.4046
125 12.518         4.6507         3.4267
126 12.618         4.6775         3.4542
127 12.718         4.7049         3.4918
128 12.818         4.7330         3.5285
129 12.918         4.7614         3.5642
130 13.018         4.7904         3.6002
131 13.118         4.8201         3.6401
132 13.218         4.8502         3.6760
133 13.318         4.8803         3.7061
134 13.418         4.9102         3.7336
135 13.518         4.9402         3.7644
136 13.618         4.9702         3.7940
137 13.718         5.0000         3.8221


#AGE=12.000 BINS=134 Power-law IMF: x=-2.350
# N  sdss_r       Log10(N)       Log10(dN)
  1  0.181        -0.0168        -0.0168
  2  0.281         0.2450        -0.0992
  3  0.381         0.3981        -0.1289
  4  0.481         0.5093        -0.1369
  5  0.581         0.5995        -0.1275
  6  0.681         0.6764        -0.1133
  7  0.781         0.7445        -0.0938
  8  0.881         0.8072        -0.0639
  9  0.981         0.8660        -0.0318
 10  1.081         0.9215         0.0005
 11  1.181         0.9771         0.0573
 12  1.281         1.0345         0.1267
 13  1.381         1.0840         0.1169
 14  1.481         1.1311         0.1429
 15  1.581         1.2971         0.7989
 16  1.681         1.3320         0.2201
 17  1.781         1.3629         0.1992
 18  1.881         1.3930         0.2192
 19  1.981         1.4229         0.2463
 20  2.081         1.4531         0.2798
 21  2.181         1.4834         0.3118
 22  2.281         1.5139         0.3459
 23  2.381         1.5447         0.3801
 24  2.481         1.5762         0.4204
 25  2.581         1.6080         0.4576
 26  2.681         1.6405         0.4975
 27  2.781         1.6737         0.5418
 28  2.881         1.7080         0.5874
 29  2.981         1.7439         0.6444
 30  3.081         1.7821         0.7068
 31  3.181         1.8241         0.7885
 32  3.281         1.8671         0.8418
 33  3.381         1.9081         0.8627
 34  3.481         1.9468         0.8775
 35  3.581         1.9835         0.8917
 36  3.681         2.0183         0.9050
 37  3.781         2.0522         0.9274
 38  3.881         2.0871         0.9749
 39  3.981         2.1291         1.0942
 40  4.081         2.4404         2.1495
 41  4.181         2.5394         1.8486
 42  4.281         2.6199         1.8484
 43  4.381         2.6906         1.8674
 44  4.481         2.7543         1.8888
 45  4.581         2.8119         1.9066
 46  4.681         2.8649         1.9246
 47  4.781         2.9160         1.9613
 48  4.881         2.9658         2.0009
 49  4.981         3.0135         2.0304
 50  5.081         3.0566         2.0323
 51  5.181         3.0961         2.0348
 52  5.281         3.1329         2.0426
 53  5.381         3.1675         2.0522
 54  5.481         3.2002         2.0604
 55  5.581         3.2311         2.0678
 56  5.681         3.2606         2.0776
 57  5.781         3.2886         2.0850
 58  5.881         3.3153         2.0898
 59  5.981         3.3406         2.0946
 60  6.081         3.3648         2.0984
 61  6.181         3.3879         2.1022
 62  6.281         3.4101         2.1067
 63  6.381         3.4314         2.1117
 64  6.481         3.4520         2.1173
 65  6.581         3.4717         2.1190
 66  6.681         3.4905         2.1183
 67  6.781         3.5084         2.1153
 68  6.881         3.5254         2.1077
 69  6.981         3.5416         2.1065
 70  7.081         3.5573         2.1066
 71  7.181         3.5724         2.1073
 72  7.281         3.5872         2.1127
 73  7.381         3.6013         2.1058
 74  7.481         3.6150         2.1050
 75  7.581         3.6282         2.1053
 76  7.681         3.6412         2.1115
 77  7.781         3.6542         2.1230
 78  7.881         3.6672         2.1363
 79  7.981         3.6806         2.1638
 80  8.081         3.6945         2.1917
 81  8.181         3.7088         2.2204
 82  8.281         3.7234         2.2438
 83  8.381         3.7381         2.2585
 84  8.481         3.7525         2.2676
 85  8.581         3.7666         2.2698
 86  8.681         3.7807         2.2852
 87  8.781         3.7949         2.3031
 88  8.881         3.8097         2.3341
 89  8.981         3.8250         2.3653
 90  9.081         3.8409         2.3957
 91  9.181         3.8574         2.4281
 92  9.281         3.8745         2.4616
 93  9.381         3.8922         2.4939
 94  9.481         3.9105         2.5265
 95  9.581         3.9295         2.5597
 96  9.681         3.9491         2.5943
 97  9.781         3.9693         2.6278
 98  9.881         3.9903         2.6629
 99  9.981         4.0119         2.6994
100 10.081         4.0344         2.7369
101 10.181         4.0577         2.7752
102 10.281         4.0815         2.8095
103 10.381         4.1058         2.8411
104 10.481         4.1306         2.8753
105 10.581         4.1562         2.9130
106 10.681         4.1827         2.9548
107 10.781         4.2104         3.0016
108 10.881         4.2397         3.0540
109 10.981         4.2710         3.1130
110 11.081         4.3031         3.1560
111 11.181         4.3340         3.1711
112 11.281         4.3691         3.2595
113 11.381         4.4002         3.2399
114 11.481         4.4307         3.2613
115 11.581         4.4602         3.2780
116 11.681         4.4892         3.3000
117 11.781         4.5181         3.3264
118 11.881         4.5467         3.3502
119 11.981         4.5749         3.3738
120 12.081         4.6028         3.3975
121 12.181         4.6305         3.4210
122 12.281         4.6579         3.4443
123 12.381         4.6850         3.4658
124 12.481         4.7117         3.4870
125 12.581         4.7386         3.5172
126 12.681         4.7656         3.5467
127 12.781         4.7931         3.5814
128 12.881         4.8215         3.6226
129 12.981         4.8506         3.6624
130 13.081         4.8801         3.6970
131 13.181         4.9097         3.7290
132 13.281         4.9398         3.7650
133 13.381         4.9700         3.7972
134 13.481         5.0000         3.8246


#AGE=13.000 BINS=135 Power-law IMF: x=-2.350
# N  sdss_r       Log10(N)       Log10(dN)
  1  0.214        -0.0456        -0.0456
  2  0.314         0.2116        -0.1381
  3  0.414         0.3625        -0.1699
  4  0.514         0.4733        -0.1740
  5  0.614         0.5610        -0.1769
  6  0.714         0.6362        -0.1628
  7  0.814         0.7039        -0.1362
  8  0.914         0.7666        -0.1049
  9  1.014         0.8249        -0.0766
 10  1.114         0.8940         0.0618
 11  1.214         0.9544         0.0679
 12  1.314         1.0081         0.0735
 13  1.414         1.0568         0.0826
 14  1.514         1.1028         0.1051
 15  1.614         1.2613         0.7467
 16  1.714         1.2982         0.2091
 17  1.814         1.3282         0.1533
 18  1.914         1.3578         0.1755
 19  2.014         1.3870         0.2010
 20  2.114         1.4164         0.2324
 21  2.214         1.4460         0.2637
 22  2.314         1.4759         0.2991
 23  2.414         1.5059         0.3310
 24  2.514         1.5367         0.3724
 25  2.614         1.5678         0.4071
 26  2.714         1.5997         0.4499
 27  2.814         1.6323         0.4913
 28  2.914         1.6660         0.5395
 29  3.014         1.7010         0.5901
 30  3.114         1.7384         0.6546
 31  3.214         1.7792         0.7312
 32  3.314         1.8206         0.7799
 33  3.414         1.8607         0.8065
 34  3.514         1.8989         0.8244
 35  3.614         1.9355         0.8429
 36  3.714         1.9703         0.8560
 37  3.814         2.0041         0.8785
 38  3.914         2.0382         0.9164
 39  4.014         2.0764         1.0018
 40  4.114         2.3293         1.9742
 41  4.214         2.4518         1.8421
 42  4.314         2.5406         1.8078
 43  4.414         2.6162         1.8196
 44  4.514         2.6837         1.8422
 45  4.614         2.7448         1.8628
 46  4.714         2.7995         1.8722
 47  4.814         2.8520         1.9088
 48  4.914         2.9024         1.9417
 49  5.014         2.9516         1.9820
 50  5.114         2.9968         1.9909
 51  5.214         3.0378         1.9929
 52  5.314         3.0759         1.9998
 53  5.414         3.1115         2.0083
 54  5.514         3.1451         2.0170
 55  5.614         3.1769         2.0257
 56  5.714         3.2072         2.0352
 57  5.814         3.2359         2.0415
 58  5.914         3.2630         2.0452
 59  6.014         3.2888         2.0492
 60  6.114         3.3133         2.0529
 61  6.214         3.3367         2.0558
 62  6.314         3.3591         2.0618
 63  6.414         3.3808         2.0683
 64  6.514         3.4017         2.0737
 65  6.614         3.4217         2.0750
 66  6.714         3.4408         2.0731
 67  6.814         3.4588         2.0682
 68  6.914         3.4759         2.0639
 69  7.014         3.4925         2.0652
 70  7.114         3.5084         2.0634
 71  7.214         3.5238         2.0665
 72  7.314         3.5387         2.0663
 73  7.414         3.5529         2.0618
 74  7.514         3.5668         2.0649
 75  7.614         3.5802         2.0633
 76  7.714         3.5936         2.0750
 77  7.814         3.6069         2.0868
 78  7.914         3.6205         2.1098
 79  8.014         3.6345         2.1362
 80  8.114         3.6490         2.1655
 81  8.214         3.6638         2.1883
 82  8.314         3.6788         2.2088
 83  8.414         3.6936         2.2180
 84  8.514         3.7081         2.2269
 85  8.614         3.7224         2.2310
 86  8.714         3.7368         2.2494
 87  8.814         3.7514         2.2717
 88  8.914         3.7666         2.3042
 89  9.014         3.7824         2.3361
 90  9.114         3.7988         2.3670
 91  9.214         3.8158         2.4006
 92  9.314         3.8335         2.4339
 93  9.414         3.8517         2.4654
 94  9.514         3.8705         2.4980
 95  9.614         3.8900         2.5317
 96  9.714         3.9101         2.5662
 97  9.814         3.9309         2.6005
 98  9.914         3.9524         2.6361
 99 10.014         3.9746         2.6728
100 10.114         3.9977         2.7115
101 10.214         4.0216         2.7493
102 10.314         4.0461         2.7854
103 10.414         4.0714         2.8242
104 10.514         4.0974         2.8627
105 10.614         4.1242         2.9008
106 10.714         4.1516         2.9385
107 10.814         4.1794         2.9705
108 10.914         4.2081         3.0142
109 11.014         4.2395         3.0830
110 11.114         4.2708         3.1129
111 11.214         4.3032         3.1604
112 11.314         4.3383         3.2287
113 11.414         4.3693         3.2070
114 11.514         4.3996         3.2277
115 11.614         4.4292         3.2487
116 11.714         4.4584         3.2720
117 11.814         4.4873         3.2962
118 11.914         4.5160         3.3206
119 12.014         4.5443         3.3442
120 12.114         4.5722         3.3672
121 12.214         4.5999         3.3896
122 12.314         4.6271         3.4115
123 12.414         4.6541         3.4338
124 12.514         4.6809         3.4580
125 12.614         4.7077         3.4842
126 12.714         4.7350         3.5202
127 12.814         4.7628         3.5555
128 12.914         4.7912         3.5918
129 13.014         4.8203         3.6318
130 13.114         4.8500         3.6709
131 13.214         4.8800         3.7038
132 13.314         4.9099         3.7327
133 13.414         4.9399         3.7654
134 13.514         4.9700         3.7960
135 13.614         5.0000         3.8238
