#NUMBER OF AGES=15
#----------------------------------------------------       
#MIX-LEN  Y      Z          Zeff        [Fe/H] [a/Fe]       
# 1.9380  0.2478 1.7242E-03 1.7242E-03  -1.00   0.00        
#----------------------------------------------------       
#**PHOTOMETRIC SYSTEM**: SDSS (AB)                          
#----------------------------------------------------       
#AGE= 0.010 BINS=135 Power-law IMF: x=-2.350
# N  sdss_r       Log10(N)       Log10(dN)
  1 -1.973            NaN         0.0000
  2 -1.873            NaN         0.0000
  3 -1.773            NaN         0.0000
  4 -1.673            NaN         0.0000
  5 -1.573            NaN         0.0000
  6 -1.473            NaN         0.0000
  7 -1.373            NaN        -1.7876
  8 -1.273            NaN        -1.7876
  9 -1.173            NaN        -1.7876
 10 -1.073            NaN         0.6964
 11 -0.973            NaN         0.9419
 12 -0.873            NaN         1.0920
 13 -0.773            NaN         1.3453
 14 -0.673         1.0951         1.3627
 15 -0.573         1.5622         1.3811
 16 -0.473         1.7873         1.3942
 17 -0.373         1.9365         1.4001
 18 -0.273         2.0497         1.4104
 19 -0.173         2.1418         1.4228
 20 -0.073         2.2173         1.4203
 21  0.027         2.2770         1.3858
 22  0.127         2.3267         1.3605
 23  0.227         2.4488         1.8382
 24  0.327         2.5447         1.8415
 25  0.427         2.6186         1.8132
 26  0.527         2.7024         1.9464
 27  0.627         2.7710         1.9361
 28  0.727         2.8241         1.8853
 29  0.827         2.8709         1.8799
 30  0.927         2.9133         1.8815
 31  1.027         2.9518         1.8806
 32  1.127         2.9887         1.8993
 33  1.227         3.0253         1.9328
 34  1.327         3.0631         1.9841
 35  1.427         3.1038         2.0562
 36  1.527         3.1500         2.1538
 37  1.627         3.2656         2.6340
 38  1.727         3.3380         2.5245
 39  1.827         3.3936         2.4731
 40  1.927         3.4149         2.0950
 41  2.027         3.4350         2.0911
 42  2.127         3.4546         2.0999
 43  2.227         3.4743         2.1200
 44  2.327         3.4938         2.1360
 45  2.427         3.5130         2.1500
 46  2.527         3.5321         2.1657
 47  2.627         3.5511         2.1830
 48  2.727         3.5701         2.2011
 49  2.827         3.5883         2.2023
 50  2.927         3.6062         2.2106
 51  3.027         3.6246         2.2424
 52  3.127         3.6448         2.3021
 53  3.227         3.6702         2.4247
 54  3.327         3.6999         2.5208
 55  3.427         3.7182         2.3339
 56  3.527         3.7356         2.3280
 57  3.627         3.7536         2.3643
 58  3.727         3.7716         2.3784
 59  3.827         3.7893         2.3911
 60  3.927         3.8040         2.3266
 61  4.027         3.8166         2.2742
 62  4.127         3.8292         2.2833
 63  4.227         3.8416         2.2914
 64  4.327         3.8539         2.2986
 65  4.427         3.8659         2.3048
 66  4.527         3.8779         2.3100
 67  4.627         3.8896         2.3140
 68  4.727         3.9010         2.3175
 69  4.827         3.9123         2.3220
 70  4.927         3.9235         2.3273
 71  5.027         3.9345         2.3336
 72  5.127         3.9454         2.3408
 73  5.227         3.9563         2.3491
 74  5.327         3.9671         2.3583
 75  5.427         3.9779         2.3686
 76  5.527         3.9888         2.3799
 77  5.627         3.9996         2.3923
 78  5.727         4.0105         2.4057
 79  5.827         4.0215         2.4172
 80  5.927         4.0324         2.4274
 81  6.027         4.0433         2.4384
 82  6.127         4.0543         2.4502
 83  6.227         4.0653         2.4628
 84  6.327         4.0763         2.4763
 85  6.427         4.0873         2.4865
 86  6.527         4.0968         2.4297
 87  6.627         4.1023         2.2045
 88  6.727         4.1073         2.1644
 89  6.827         4.1117         2.1210
 90  6.927         4.1170         2.1996
 91  7.027         4.1234         2.2860
 92  7.127         4.1309         2.3628
 93  7.227         4.1388         2.3961
 94  7.327         4.1470         2.4206
 95  7.427         4.1555         2.4393
 96  7.527         4.1639         2.4471
 97  7.627         4.1734         2.5076
 98  7.727         4.1840         2.5679
 99  7.827         4.1961         2.6347
100  7.927         4.2101         2.7106
101  8.027         4.3160         3.6512
102  8.127         4.3938         3.6091
103  8.227         4.4334         3.3729
104  8.327         4.4631         3.2842
105  8.427         4.4883         3.2396
106  8.527         4.5112         3.2219
107  8.627         4.5329         3.2208
108  8.727         4.5540         3.2287
109  8.827         4.5746         3.2404
110  8.927         4.5949         3.2556
111  9.027         4.6141         3.2497
112  9.127         4.6314         3.2241
113  9.227         4.6475         3.2070
114  9.327         4.6628         3.2016
115  9.427         4.6779         3.2111
116  9.527         4.6908         3.1586
117  9.627         4.7050         3.2108
118  9.727         4.7189         3.2174
119  9.827         4.7327         3.2280
120  9.927         4.7465         3.2424
121 10.027         4.7605         3.2608
122 10.127         4.7747         3.2829
123 10.227         4.7893         3.3086
124 10.327         4.8044         3.3376
125 10.427         4.8200         3.3697
126 10.527         4.8364         3.4043
127 10.627         4.8530         3.4265
128 10.727         4.8696         3.4442
129 10.827         4.8864         3.4660
130 10.927         4.9036         3.4923
131 11.027         4.9213         3.5234
132 11.127         4.9398         3.5595
133 11.227         4.9593         3.6016
134 11.327         4.9796         3.6397
135 11.427         5.0000         3.6612


#AGE= 0.100 BINS=132 Power-law IMF: x=-2.350
# N  sdss_r       Log10(N)       Log10(dN)
  1 -1.565            NaN         3.6612
  2 -1.465            NaN         3.6612
  3 -1.365            NaN         3.6612
  4 -1.265            NaN         3.6612
  5 -1.165            NaN         3.6612
  6 -1.065            NaN        -0.3730
  7 -0.965            NaN        -0.3730
  8 -0.865            NaN         0.4422
  9 -0.765            NaN         0.8877
 10 -0.665            NaN         1.0049
 11 -0.565            NaN         1.0521
 12 -0.465            NaN         1.0932
 13 -0.365         0.9556         1.1735
 14 -0.265         1.5442         1.4147
 15 -0.165         1.7902         1.4262
 16 -0.065         1.9512         1.4423
 17  0.035         2.0695         1.4466
 18  0.135         2.1564         1.4151
 19  0.235         2.2204         1.3573
 20  0.335         2.3856         1.8858
 21  0.435         2.4945         1.8406
 22  0.535         2.5807         1.8357
 23  0.635         2.6547         1.8498
 24  0.735         2.7429         2.0072
 25  0.835         2.8030         1.9147
 26  0.935         2.8547         1.9046
 27  1.035         2.8995         1.8912
 28  1.135         2.9404         1.8935
 29  1.235         2.9789         1.9080
 30  1.335         3.0167         1.9377
 31  1.435         3.0554         1.9860
 32  1.535         3.0969         2.0561
 33  1.635         3.1436         2.1521
 34  1.735         3.2529         2.6004
 35  1.835         3.2986         2.2983
 36  1.935         3.3811         2.6187
 37  2.035         3.4018         2.0702
 38  2.135         3.4229         2.0983
 39  2.235         3.4430         2.1002
 40  2.335         3.4630         2.1150
 41  2.435         3.4829         2.1343
 42  2.535         3.5025         2.1477
 43  2.635         3.5219         2.1627
 44  2.735         3.5412         2.1795
 45  2.835         3.5605         2.1979
 46  2.935         3.5791         2.2013
 47  3.035         3.5972         2.2090
 48  3.135         3.6160         2.2413
 49  3.235         3.6366         2.3027
 50  3.335         3.6635         2.4432
 51  3.435         3.6903         2.4674
 52  3.535         3.7086         2.3241
 53  3.635         3.7263         2.3269
 54  3.735         3.7446         2.3602
 55  3.835         3.7627         2.3738
 56  3.935         3.7807         2.3876
 57  4.035         3.7939         2.2729
 58  4.135         3.8069         2.2741
 59  4.235         3.8197         2.2840
 60  4.335         3.8324         2.2929
 61  4.435         3.8450         2.3008
 62  4.535         3.8574         2.3075
 63  4.635         3.8697         2.3132
 64  4.735         3.8817         2.3177
 65  4.835         3.8935         2.3211
 66  4.935         3.9050         2.3247
 67  5.035         3.9164         2.3295
 68  5.135         3.9277         2.3353
 69  5.235         3.9388         2.3421
 70  5.335         3.9499         2.3500
 71  5.435         3.9609         2.3590
 72  5.535         3.9718         2.3691
 73  5.635         3.9828         2.3804
 74  5.735         3.9938         2.3927
 75  5.835         4.0049         2.4061
 76  5.935         4.0160         2.4171
 77  6.035         4.0270         2.4274
 78  6.135         4.0381         2.4385
 79  6.235         4.0492         2.4505
 80  6.335         4.0603         2.4632
 81  6.435         4.0715         2.4759
 82  6.535         4.0826         2.4859
 83  6.635         4.0965         2.5954
 84  6.735         4.1033         2.2952
 85  6.835         4.1072         2.0553
 86  6.935         4.1114         2.0993
 87  7.035         4.1166         2.1869
 88  7.135         4.1229         2.2835
 89  7.235         4.1303         2.3545
 90  7.335         4.1380         2.3834
 91  7.435         4.1461         2.4135
 92  7.535         4.1543         2.4287
 93  7.635         4.1629         2.4560
 94  7.735         4.1728         2.5236
 95  7.835         4.1838         2.5828
 96  7.935         4.1967         2.6626
 97  8.035         4.2106         2.7075
 98  8.135         4.2231         2.6765
 99  8.235         4.3145         3.5930
100  8.335         4.3951         3.6241
101  8.435         4.4380         3.4106
102  8.535         4.4702         3.3252
103  8.635         4.4972         3.2768
104  8.735         4.5212         3.2510
105  8.835         4.5432         3.2385
106  8.935         4.5639         3.2320
107  9.035         4.5837         3.2316
108  9.135         4.6031         3.2436
109  9.235         4.6218         3.2471
110  9.335         4.6391         3.2310
111  9.435         4.6559         3.2337
112  9.535         4.6702         3.1825
113  9.635         4.6857         3.2281
114  9.735         4.7006         3.2287
115  9.835         4.7151         3.2329
116  9.935         4.7295         3.2412
117 10.035         4.7437         3.2535
118 10.135         4.7581         3.2698
119 10.235         4.7726         3.2902
120 10.335         4.7875         3.3143
121 10.435         4.8028         3.3421
122 10.535         4.8186         3.3732
123 10.635         4.8352         3.4074
124 10.735         4.8521         3.4343
125 10.835         4.8690         3.4522
126 10.935         4.8862         3.4736
127 11.035         4.9036         3.4990
128 11.135         4.9216         3.5285
129 11.235         4.9401         3.5623
130 11.335         4.9596         3.6014
131 11.435         4.9798         3.6368
132 11.535         5.0000         3.6578


#AGE= 1.000 BINS=137 Power-law IMF: x=-2.350
# N  sdss_r       Log10(N)       Log10(dN)
  1 -0.981         0.0703         0.0703
  2 -0.881         0.3676         0.0627
  3 -0.781         0.5422         0.0623
  4 -0.681         0.6676         0.0669
  5 -0.581         0.7653         0.0696
  6 -0.481         0.8444         0.0655
  7 -0.381         0.9102         0.0586
  8 -0.281         0.9660         0.0472
  9 -0.181         1.0147         0.0405
 10 -0.081         1.0578         0.0323
 11  0.019         1.0963         0.0255
 12  0.119         1.1313         0.0201
 13  0.219         1.1632         0.0132
 14  0.319         1.1924         0.0060
 15  0.419         1.2193        -0.0020
 16  0.519         1.3639         0.8159
 17  0.619         1.4529         0.7208
 18  0.719         1.5250         0.7094
 19  0.819         1.5841         0.6885
 20  0.919         1.6183         0.4984
 21  1.019         1.6244        -0.2338
 22  1.119         1.8154         1.3666
 23  1.219         2.0021         1.5453
 24  1.319         2.1270         1.5248
 25  1.419         2.2288         1.5490
 26  1.519         2.3183         1.5882
 27  1.619         2.4011         1.6405
 28  1.719         2.4799         1.7000
 29  1.819         2.5546         1.7534
 30  1.919         2.6229         1.7859
 31  2.019         2.6898         1.8444
 32  2.119         2.7565         1.9095
 33  2.219         2.8193         1.9490
 34  2.319         2.8780         1.9796
 35  2.419         2.9313         1.9943
 36  2.519         2.9760         1.9657
 37  2.619         3.0224         2.0285
 38  2.719         3.0715         2.1002
 39  2.819         3.1139         2.0821
 40  2.919         3.1525         2.0828
 41  3.019         3.1864         2.0622
 42  3.119         3.2171         2.0508
 43  3.219         3.2464         2.0615
 44  3.319         3.2743         2.0684
 45  3.419         3.3004         2.0648
 46  3.519         3.3260         2.0836
 47  3.619         3.3506         2.0918
 48  3.719         3.3738         2.0898
 49  3.819         3.3966         2.1068
 50  3.919         3.4190         2.1203
 51  4.019         3.4410         2.1332
 52  4.119         3.4623         2.1441
 53  4.219         3.4837         2.1641
 54  4.319         3.5049         2.1827
 55  4.419         3.5254         2.1893
 56  4.519         3.5451         2.1937
 57  4.619         3.5643         2.2003
 58  4.719         3.5832         2.2123
 59  4.819         3.6019         2.2261
 60  4.919         3.6204         2.2406
 61  5.019         3.6387         2.2547
 62  5.119         3.6568         2.2677
 63  5.219         3.6747         2.2797
 64  5.319         3.6923         2.2905
 65  5.419         3.7095         2.3002
 66  5.519         3.7264         2.3088
 67  5.619         3.7430         2.3162
 68  5.719         3.7592         2.3225
 69  5.819         3.7750         2.3274
 70  5.919         3.7903         2.3313
 71  6.019         3.8054         2.3390
 72  6.119         3.8203         2.3469
 73  6.219         3.8348         2.3523
 74  6.319         3.8490         2.3553
 75  6.419         3.8627         2.3559
 76  6.519         3.8760         2.3558
 77  6.619         3.8890         2.3581
 78  6.719         3.9018         2.3630
 79  6.819         3.9143         2.3699
 80  6.919         3.9267         2.3751
 81  7.019         3.9388         2.3779
 82  7.119         3.9506         2.3788
 83  7.219         3.9621         2.3798
 84  7.319         3.9736         2.3893
 85  7.419         3.9851         2.4034
 86  7.519         3.9967         2.4169
 87  7.619         4.0082         2.4238
 88  7.719         4.0197         2.4386
 89  7.819         4.0315         2.4585
 90  7.919         4.0436         2.4826
 91  8.019         4.0561         2.5106
 92  8.119         4.0689         2.5299
 93  8.219         4.0818         2.5496
 94  8.319         4.0950         2.5726
 95  8.419         4.1087         2.5996
 96  8.519         4.1229         2.6303
 97  8.619         4.1378         2.6663
 98  8.719         4.1532         2.6942
 99  8.819         4.1692         2.7266
100  8.919         4.1859         2.7636
101  9.019         4.2035         2.8028
102  9.119         4.2222         2.8476
103  9.219         4.2421         2.8921
104  9.319         4.2629         2.9325
105  9.419         4.2844         2.9685
106  9.519         4.3064         3.0001
107  9.619         4.3286         3.0274
108  9.719         4.3498         3.0263
109  9.819         4.3721         3.0725
110  9.919         4.3968         3.1385
111 10.019         4.4231         3.1918
112 10.119         4.4496         3.2219
113 10.219         4.4762         3.2512
114 10.319         4.5032         3.2835
115 10.419         4.5301         3.3090
116 10.519         4.5565         3.3272
117 10.619         4.5820         3.3379
118 10.719         4.6065         3.3447
119 10.819         4.6303         3.3567
120 10.919         4.6534         3.3695
121 11.019         4.6761         3.3829
122 11.119         4.6984         3.3971
123 11.219         4.7203         3.4120
124 11.319         4.7419         3.4276
125 11.419         4.7631         3.4411
126 11.519         4.7839         3.4532
127 11.619         4.8043         3.4665
128 11.719         4.8245         3.4813
129 11.819         4.8445         3.4977
130 11.919         4.8644         3.5155
131 12.019         4.8842         3.5338
132 12.119         4.9039         3.5502
133 12.219         4.9234         3.5664
134 12.319         4.9428         3.5825
135 12.419         4.9619         3.5975
136 12.519         4.9810         3.6134
137 12.619         5.0000         3.6320


#AGE= 2.000 BINS=159 Power-law IMF: x=-2.350
# N  sdss_r       Log10(N)       Log10(dN)
  1 -2.852        -0.5522        -0.5522
  2 -2.752        -0.2414        -0.5329
  3 -2.652        -0.0547        -0.5114
  4 -2.552         0.0816        -0.4879
  5 -2.452         0.1909        -0.4619
  6 -2.352         0.2834        -0.4339
  7 -2.252         0.3638        -0.4082
  8 -2.152         0.4353        -0.3837
  9 -2.052         0.5006        -0.3543
 10 -1.952         0.5604        -0.3300
 11 -1.852         0.6165        -0.3006
 12 -1.752         0.6689        -0.2752
 13 -1.652         0.7185        -0.2486
 14 -1.552         0.7661        -0.2174
 15 -1.452         0.8118        -0.1891
 16 -1.352         0.8559        -0.1590
 17 -1.252         0.8984        -0.1316
 18 -1.152         0.9398        -0.1019
 19 -1.052         0.9800        -0.0739
 20 -0.952         1.0189        -0.0476
 21 -0.852         1.0560        -0.0306
 22 -0.752         1.1694         0.5307
 23 -0.652         1.2327         0.3652
 24 -0.552         1.2617         0.0722
 25 -0.452         1.2904         0.0950
 26 -0.352         1.3189         0.1219
 27 -0.252         1.3478         0.1563
 28 -0.152         1.3769         0.1888
 29 -0.052         1.4060         0.2173
 30  0.048         1.4349         0.2450
 31  0.148         1.4638         0.2717
 32  0.248         1.4926         0.3008
 33  0.348         1.5216         0.3306
 34  0.448         1.5506         0.3607
 35  0.548         1.5796         0.3910
 36  0.648         1.6089         0.4227
 37  0.748         1.6381         0.4518
 38  0.848         1.6674         0.4821
 39  0.948         1.6966         0.5088
 40  1.048         1.7259         0.5412
 41  1.148         1.7550         0.5653
 42  1.248         1.7838         0.5910
 43  1.348         1.8125         0.6183
 44  1.448         1.8410         0.6440
 45  1.548         1.9755         1.4011
 46  1.648         2.0823         1.4206
 47  1.748         2.1795         1.4818
 48  1.848         2.2526         1.4425
 49  1.948         2.3110         1.4106
 50  2.048         2.3719         1.4888
 51  2.148         2.4343         1.5611
 52  2.248         2.4975         1.6294
 53  2.348         2.5598         1.6855
 54  2.448         2.6211         1.7409
 55  2.548         2.6808         1.7888
 56  2.648         2.7375         1.8252
 57  2.748         2.7904         1.8499
 58  2.848         2.8400         1.8733
 59  2.948         2.8870         1.8982
 60  3.048         2.9313         1.9175
 61  3.148         2.9723         1.9274
 62  3.248         3.0102         1.9327
 63  3.348         3.0465         1.9497
 64  3.448         3.0815         1.9704
 65  3.548         3.1142         1.9745
 66  3.648         3.1452         1.9845
 67  3.748         3.1757         2.0070
 68  3.848         3.2054         2.0253
 69  3.948         3.2339         2.0368
 70  4.048         3.2617         2.0534
 71  4.148         3.2891         2.0759
 72  4.248         3.3159         2.0929
 73  4.348         3.3415         2.0987
 74  4.448         3.3659         2.1037
 75  4.548         3.3895         2.1136
 76  4.648         3.4127         2.1290
 77  4.748         3.4354         2.1421
 78  4.848         3.4577         2.1567
 79  4.948         3.4799         2.1780
 80  5.048         3.5015         2.1869
 81  5.148         3.5221         2.1889
 82  5.248         3.5425         2.2044
 83  5.348         3.5629         2.2237
 84  5.448         3.5830         2.2376
 85  5.548         3.6025         2.2458
 86  5.648         3.6215         2.2521
 87  5.748         3.6400         2.2612
 88  5.848         3.6581         2.2681
 89  5.948         3.6756         2.2727
 90  6.048         3.6926         2.2778
 91  6.148         3.7092         2.2832
 92  6.248         3.7253         2.2863
 93  6.348         3.7409         2.2870
 94  6.448         3.7559         2.2874
 95  6.548         3.7706         2.2916
 96  6.648         3.7850         2.2997
 97  6.748         3.7992         2.3072
 98  6.848         3.8131         2.3119
 99  6.948         3.8268         2.3163
100  7.048         3.8399         2.3158
101  7.148         3.8527         2.3146
102  7.248         3.8652         2.3196
103  7.348         3.8778         2.3329
104  7.448         3.8904         2.3469
105  7.548         3.9029         2.3556
106  7.648         3.9154         2.3682
107  7.748         3.9279         2.3811
108  7.848         3.9408         2.4063
109  7.948         3.9541         2.4322
110  8.048         3.9676         2.4563
111  8.148         3.9815         2.4795
112  8.248         3.9956         2.5000
113  8.348         4.0101         2.5257
114  8.448         4.0250         2.5539
115  8.548         4.0405         2.5856
116  8.648         4.0565         2.6142
117  8.748         4.0729         2.6426
118  8.848         4.0900         2.6763
119  8.948         4.1080         2.7167
120  9.048         4.1272         2.7634
121  9.148         4.1477         2.8102
122  9.248         4.1693         2.8554
123  9.348         4.1920         2.8995
124  9.448         4.2158         2.9424
125  9.548         4.2406         2.9855
126  9.648         4.2653         3.0077
127  9.748         4.2871         2.9772
128  9.848         4.3106         3.0309
129  9.948         4.3357         3.0864
130 10.048         4.3621         3.1325
131 10.148         4.3897         3.1791
132 10.248         4.4176         3.2115
133 10.348         4.4446         3.2240
134 10.448         4.4709         3.2414
135 10.548         4.4968         3.2591
136 10.648         4.5221         3.2742
137 10.748         4.5466         3.2868
138 10.848         4.5705         3.2990
139 10.948         4.5938         3.3119
140 11.048         4.6166         3.3255
141 11.148         4.6390         3.3400
142 11.248         4.6611         3.3553
143 11.348         4.6828         3.3712
144 11.448         4.7041         3.3842
145 11.548         4.7250         3.3973
146 11.648         4.7456         3.4117
147 11.748         4.7660         3.4274
148 11.848         4.7862         3.4444
149 11.948         4.8064         3.4628
150 12.048         4.8264         3.4803
151 12.148         4.8463         3.4967
152 12.248         4.8660         3.5127
153 12.348         4.8855         3.5281
154 12.448         4.9048         3.5428
155 12.548         4.9239         3.5589
156 12.648         4.9430         3.5769
157 12.748         4.9621         3.5944
158 12.848         4.9810         3.6120
159 12.948         5.0000         3.6305


#AGE= 3.000 BINS=158 Power-law IMF: x=-2.350
# N  sdss_r       Log10(N)       Log10(dN)
  1 -2.821        -0.6372        -0.6372
  2 -2.721        -0.3252        -0.6154
  3 -2.621        -0.1411        -0.6027
  4 -2.521        -0.0038        -0.5708
  5 -2.421         0.1058        -0.5458
  6 -2.321         0.1971        -0.5248
  7 -2.221         0.2777        -0.4936
  8 -2.121         0.3495        -0.4672
  9 -2.021         0.4149        -0.4397
 10 -1.921         0.4753        -0.4112
 11 -1.821         0.5311        -0.3880
 12 -1.721         0.5837        -0.3590
 13 -1.621         0.6337        -0.3296
 14 -1.521         0.6814        -0.3013
 15 -1.421         0.7273        -0.2721
 16 -1.321         0.7716        -0.2417
 17 -1.221         0.8145        -0.2123
 18 -1.121         0.8560        -0.1841
 19 -1.021         0.8966        -0.1522
 20 -0.921         0.9363        -0.1234
 21 -0.821         0.9748        -0.0956
 22 -0.721         1.0126        -0.0668
 23 -0.621         1.0487        -0.0496
 24 -0.521         1.1754         0.5788
 25 -0.421         1.2296         0.2986
 26 -0.321         1.2579         0.0579
 27 -0.221         1.2858         0.0801
 28 -0.121         1.3137         0.1073
 29 -0.021         1.3421         0.1432
 30  0.079         1.3706         0.1734
 31  0.179         1.3992         0.2042
 32  0.279         1.4279         0.2328
 33  0.379         1.4563         0.2591
 34  0.479         1.4849         0.2882
 35  0.579         1.5137         0.3209
 36  0.679         1.5425         0.3511
 37  0.779         1.5717         0.3838
 38  0.879         1.6009         0.4142
 39  0.979         1.6304         0.4485
 40  1.079         1.6603         0.4826
 41  1.179         1.6902         0.5140
 42  1.279         1.7205         0.5485
 43  1.379         1.7513         0.5867
 44  1.479         1.7832         0.6337
 45  1.579         1.8171         0.6930
 46  1.679         1.8514         0.7317
 47  1.779         1.8844         0.7484
 48  1.879         1.9166         0.7704
 49  1.979         2.0887         1.6036
 50  2.079         2.2149         1.6164
 51  2.179         2.2772         1.4031
 52  2.279         2.3404         1.4725
 53  2.379         2.4039         1.5373
 54  2.479         2.4668         1.5963
 55  2.579         2.5285         1.6505
 56  2.679         2.5883         1.6981
 57  2.779         2.6463         1.7430
 58  2.879         2.7018         1.7812
 59  2.979         2.7550         1.8162
 60  3.079         2.8062         1.8523
 61  3.179         2.8556         1.8870
 62  3.279         2.9018         1.9061
 63  3.379         2.9444         1.9154
 64  3.479         2.9843         1.9274
 65  3.579         3.0226         1.9487
 66  3.679         3.0596         1.9723
 67  3.779         3.0953         1.9918
 68  3.879         3.1296         2.0097
 69  3.979         3.1629         2.0319
 70  4.079         3.1954         2.0530
 71  4.179         3.2266         2.0676
 72  4.279         3.2562         2.0757
 73  4.379         3.2847         2.0869
 74  4.479         3.3123         2.1012
 75  4.579         3.3392         2.1184
 76  4.679         3.3654         2.1325
 77  4.779         3.3909         2.1475
 78  4.879         3.4160         2.1658
 79  4.979         3.4406         2.1804
 80  5.079         3.4643         2.1890
 81  5.179         3.4871         2.1969
 82  5.279         3.5099         2.2193
 83  5.379         3.5325         2.2365
 84  5.479         3.5542         2.2416
 85  5.579         3.5753         2.2514
 86  5.679         3.5958         2.2612
 87  5.779         3.6159         2.2709
 88  5.879         3.6354         2.2772
 89  5.979         3.6543         2.2837
 90  6.079         3.6726         2.2887
 91  6.179         3.6904         2.2938
 92  6.279         3.7076         2.2978
 93  6.379         3.7242         2.2981
 94  6.479         3.7402         2.2972
 95  6.579         3.7558         2.3033
 96  6.679         3.7712         2.3147
 97  6.779         3.7864         2.3217
 98  6.879         3.8012         2.3250
 99  6.979         3.8155         2.3269
100  7.079         3.8293         2.3262
101  7.179         3.8428         2.3268
102  7.279         3.8561         2.3369
103  7.379         3.8695         2.3528
104  7.479         3.8828         2.3621
105  7.579         3.8961         2.3727
106  7.679         3.9092         2.3833
107  7.779         3.9225         2.4034
108  7.879         3.9363         2.4294
109  7.979         3.9504         2.4544
110  8.079         3.9648         2.4800
111  8.179         3.9794         2.4996
112  8.279         3.9944         2.5227
113  8.379         4.0097         2.5496
114  8.479         4.0256         2.5812
115  8.579         4.0420         2.6121
116  8.679         4.0590         2.6421
117  8.779         4.0763         2.6691
118  8.879         4.0944         2.7053
119  8.979         4.1135         2.7470
120  9.079         4.1337         2.7906
121  9.179         4.1550         2.8351
122  9.279         4.1775         2.8815
123  9.379         4.2014         2.9302
124  9.479         4.2269         2.9822
125  9.579         4.2542         3.0385
126  9.679         4.2796         3.0341
127  9.779         4.3032         3.0275
128  9.879         4.3281         3.0747
129  9.979         4.3542         3.1193
130 10.079         4.3817         3.1692
131 10.179         4.4092         3.1966
132 10.279         4.4365         3.2225
133 10.379         4.4633         3.2405
134 10.479         4.4895         3.2560
135 10.579         4.5151         3.2726
136 10.679         4.5401         3.2881
137 10.779         4.5646         3.3035
138 10.879         4.5885         3.3186
139 10.979         4.6120         3.3332
140 11.079         4.6350         3.3474
141 11.179         4.6575         3.3607
142 11.279         4.6794         3.3713
143 11.379         4.7008         3.3826
144 11.479         4.7218         3.3958
145 11.579         4.7425         3.4110
146 11.679         4.7631         3.4284
147 11.779         4.7836         3.4479
148 11.879         4.8041         3.4679
149 11.979         4.8245         3.4857
150 12.079         4.8447         3.5024
151 12.179         4.8647         3.5180
152 12.279         4.8845         3.5325
153 12.379         4.9040         3.5470
154 12.479         4.9234         3.5630
155 12.579         4.9427         3.5806
156 12.679         4.9618         3.5974
157 12.779         4.9809         3.6145
158 12.879         5.0000         3.6331


#AGE= 4.000 BINS=156 Power-law IMF: x=-2.350
# N  sdss_r       Log10(N)       Log10(dN)
  1 -2.864        -0.6171        -0.6171
  2 -2.764        -0.3363        -0.6585
  3 -2.664        -0.1601        -0.6370
  4 -2.564        -0.0303        -0.6181
  5 -2.464         0.0748        -0.5929
  6 -2.364         0.1650        -0.5619
  7 -2.264         0.2438        -0.5363
  8 -2.164         0.3138        -0.5136
  9 -2.064         0.3779        -0.4844
 10 -1.964         0.4379        -0.4514
 11 -1.864         0.4933        -0.4286
 12 -1.764         0.5452        -0.4026
 13 -1.664         0.5947        -0.3729
 14 -1.564         0.6425        -0.3402
 15 -1.464         0.6876        -0.3184
 16 -1.364         0.7315        -0.2856
 17 -1.264         0.7737        -0.2594
 18 -1.164         0.8153        -0.2238
 19 -1.064         0.8556        -0.1970
 20 -0.964         0.8952        -0.1652
 21 -0.864         0.9340        -0.1340
 22 -0.764         0.9719        -0.1057
 23 -0.664         1.0090        -0.0780
 24 -0.564         1.0452        -0.0519
 25 -0.464         1.0910         0.0917
 26 -0.364         1.2243         0.6464
 27 -0.264         1.2540         0.0745
 28 -0.164         1.2823         0.0809
 29 -0.064         1.3101         0.1037
 30  0.036         1.3381         0.1326
 31  0.136         1.3663         0.1656
 32  0.236         1.3950         0.2006
 33  0.336         1.4236         0.2284
 34  0.436         1.4522         0.2562
 35  0.536         1.4809         0.2871
 36  0.636         1.5097         0.3162
 37  0.736         1.5385         0.3468
 38  0.836         1.5675         0.3765
 39  0.936         1.5968         0.4125
 40  1.036         1.6264         0.4451
 41  1.136         1.6563         0.4793
 42  1.236         1.6864         0.5122
 43  1.336         1.7169         0.5486
 44  1.436         1.7477         0.5829
 45  1.536         1.7793         0.6247
 46  1.636         1.8127         0.6830
 47  1.736         1.8483         0.7443
 48  1.836         1.8835         0.7744
 49  1.936         1.9174         0.7934
 50  2.036         1.9506         0.8163
 51  2.136         1.9834         0.8454
 52  2.236         2.1213         1.5560
 53  2.336         2.2580         1.6895
 54  2.436         2.3237         1.4713
 55  2.536         2.3885         1.5302
 56  2.636         2.4530         1.5926
 57  2.736         2.5162         1.6483
 58  2.836         2.5777         1.6985
 59  2.936         2.6373         1.7454
 60  3.036         2.6949         1.7890
 61  3.136         2.7503         1.8285
 62  3.236         2.8038         1.8679
 63  3.336         2.8559         1.9086
 64  3.436         2.9055         1.9386
 65  3.536         2.9516         1.9548
 66  3.636         2.9946         1.9694
 67  3.736         3.0353         1.9863
 68  3.836         3.0745         2.0109
 69  3.936         3.1125         2.0359
 70  4.036         3.1492         2.0578
 71  4.136         3.1842         2.0735
 72  4.236         3.2177         2.0878
 73  4.336         3.2500         2.1047
 74  4.436         3.2813         2.1240
 75  4.536         3.3116         2.1402
 76  4.636         3.3410         2.1575
 77  4.736         3.3696         2.1740
 78  4.836         3.3977         2.1941
 79  4.936         3.4250         2.2093
 80  5.036         3.4512         2.2195
 81  5.136         3.4764         2.2269
 82  5.236         3.5014         2.2493
 83  5.336         3.5261         2.2692
 84  5.436         3.5498         2.2752
 85  5.536         3.5729         2.2861
 86  5.636         3.5953         2.2968
 87  5.736         3.6171         2.3064
 88  5.836         3.6382         2.3157
 89  5.936         3.6587         2.3220
 90  6.036         3.6785         2.3278
 91  6.136         3.6977         2.3328
 92  6.236         3.7162         2.3375
 93  6.336         3.7342         2.3418
 94  6.436         3.7516         2.3454
 95  6.536         3.7683         2.3462
 96  6.636         3.7846         2.3503
 97  6.736         3.8007         2.3615
 98  6.836         3.8165         2.3682
 99  6.936         3.8317         2.3698
100  7.036         3.8464         2.3694
101  7.136         3.8607         2.3704
102  7.236         3.8748         2.3795
103  7.336         3.8889         2.3933
104  7.436         3.9030         2.4057
105  7.536         3.9168         2.4126
106  7.636         3.9306         2.4257
107  7.736         3.9444         2.4401
108  7.836         3.9586         2.4656
109  7.936         3.9732         2.4931
110  8.036         3.9881         2.5164
111  8.136         4.0033         2.5391
112  8.236         4.0187         2.5595
113  8.336         4.0344         2.5868
114  8.436         4.0507         2.6166
115  8.536         4.0676         2.6494
116  8.636         4.0850         2.6780
117  8.736         4.1028         2.7075
118  8.836         4.1213         2.7410
119  8.936         4.1406         2.7800
120  9.036         4.1610         2.8208
121  9.136         4.1822         2.8613
122  9.236         4.2046         2.9056
123  9.336         4.2284         2.9549
124  9.436         4.2539         3.0104
125  9.536         4.2818         3.0750
126  9.636         4.3100         3.1096
127  9.736         4.3353         3.0875
128  9.836         4.3610         3.1195
129  9.936         4.3874         3.1581
130 10.036         4.4148         3.2022
131 10.136         4.4427         3.2362
132 10.236         4.4704         3.2614
133 10.336         4.4974         3.2774
134 10.436         4.5235         3.2887
135 10.536         4.5491         3.3069
136 10.636         4.5745         3.3287
137 10.736         4.5994         3.3463
138 10.836         4.6236         3.3584
139 10.936         4.6471         3.3685
140 11.036         4.6700         3.3802
141 11.136         4.6924         3.3937
142 11.236         4.7145         3.4093
143 11.336         4.7363         3.4268
144 11.436         4.7578         3.4425
145 11.536         4.7790         3.4570
146 11.636         4.8000         3.4723
147 11.736         4.8207         3.4886
148 11.836         4.8412         3.5058
149 11.936         4.8616         3.5240
150 12.036         4.8819         3.5415
151 12.136         4.9021         3.5582
152 12.236         4.9220         3.5743
153 12.336         4.9418         3.5898
154 12.436         4.9613         3.6041
155 12.536         4.9807         3.6203
156 12.636         5.0000         3.6391


#AGE= 5.000 BINS=155 Power-law IMF: x=-2.350
# N  sdss_r       Log10(N)       Log10(dN)
  1 -2.773        -0.7195        -0.7195
  2 -2.673        -0.4118        -0.7061
  3 -2.573        -0.2213        -0.6711
  4 -2.473        -0.0827        -0.6461
  5 -2.373         0.0240        -0.6378
  6 -2.273         0.1178        -0.5940
  7 -2.173         0.1975        -0.5780
  8 -2.073         0.2696        -0.5455
  9 -1.973         0.3347        -0.5217
 10 -1.873         0.3954        -0.4896
 11 -1.773         0.4509        -0.4697
 12 -1.673         0.5042        -0.4331
 13 -1.573         0.5545        -0.4068
 14 -1.473         0.6028        -0.3750
 15 -1.373         0.6484        -0.3532
 16 -1.273         0.6925        -0.3225
 17 -1.173         0.7355        -0.2897
 18 -1.073         0.7775        -0.2578
 19 -0.973         0.8184        -0.2284
 20 -0.873         0.8584        -0.1971
 21 -0.773         0.8973        -0.1698
 22 -0.673         0.9355        -0.1389
 23 -0.573         0.9731        -0.1088
 24 -0.473         1.0099        -0.0802
 25 -0.373         1.0453        -0.0604
 26 -0.273         1.1872         0.6323
 27 -0.173         1.2182         0.0557
 28 -0.073         1.2473         0.0588
 29  0.027         1.2758         0.0796
 30  0.127         1.3042         0.1047
 31  0.227         1.3329         0.1393
 32  0.327         1.3620         0.1737
 33  0.427         1.3911         0.2022
 34  0.527         1.4203         0.2331
 35  0.627         1.4494         0.2622
 36  0.727         1.4787         0.2924
 37  0.827         1.5080         0.3230
 38  0.927         1.5375         0.3549
 39  1.027         1.5672         0.3877
 40  1.127         1.5972         0.4213
 41  1.227         1.6274         0.4548
 42  1.327         1.6579         0.4896
 43  1.427         1.6888         0.5245
 44  1.527         1.7199         0.5605
 45  1.627         1.7517         0.5998
 46  1.727         1.7848         0.6511
 47  1.827         1.8211         0.7242
 48  1.927         1.8575         0.7627
 49  2.027         1.8923         0.7799
 50  2.127         1.9262         0.8015
 51  2.227         1.9590         0.8211
 52  2.327         1.9919         0.8539
 53  2.427         2.0276         0.9257
 54  2.527         2.2405         1.8288
 55  2.627         2.3101         1.4803
 56  2.727         2.3776         1.5357
 57  2.827         2.4440         1.5962
 58  2.927         2.5092         1.6530
 59  3.027         2.5723         1.7039
 60  3.127         2.6333         1.7507
 61  3.227         2.6920         1.7938
 62  3.327         2.7480         1.8306
 63  3.427         2.8015         1.8657
 64  3.527         2.8523         1.8953
 65  3.627         2.9000         1.9163
 66  3.727         2.9457         1.9455
 67  3.827         2.9903         1.9799
 68  3.927         3.0334         2.0087
 69  4.027         3.0743         2.0278
 70  4.127         3.1132         2.0460
 71  4.227         3.1503         2.0637
 72  4.327         3.1862         2.0850
 73  4.427         3.2208         2.1059
 74  4.527         3.2541         2.1222
 75  4.627         3.2863         2.1405
 76  4.727         3.3177         2.1608
 77  4.827         3.3483         2.1805
 78  4.927         3.3779         2.1976
 79  5.027         3.4063         2.2071
 80  5.127         3.4335         2.2162
 81  5.227         3.4606         2.2429
 82  5.327         3.4871         2.2599
 83  5.427         3.5125         2.2667
 84  5.527         3.5372         2.2788
 85  5.627         3.5611         2.2908
 86  5.727         3.5843         2.3004
 87  5.827         3.6068         2.3104
 88  5.927         3.6286         2.3173
 89  6.027         3.6496         2.3236
 90  6.127         3.6699         2.3295
 91  6.227         3.6895         2.3348
 92  6.327         3.7084         2.3385
 93  6.427         3.7267         2.3406
 94  6.527         3.7444         2.3456
 95  6.627         3.7616         2.3511
 96  6.727         3.7785         2.3604
 97  6.827         3.7950         2.3663
 98  6.927         3.8109         2.3674
 99  7.027         3.8263         2.3683
100  7.127         3.8413         2.3711
101  7.227         3.8560         2.3805
102  7.327         3.8708         2.3936
103  7.427         3.8854         2.4054
104  7.527         3.8998         2.4125
105  7.627         3.9141         2.4256
106  7.727         3.9284         2.4400
107  7.827         3.9432         2.4672
108  7.927         3.9584         2.4936
109  8.027         3.9738         2.5179
110  8.127         3.9895         2.5396
111  8.227         4.0054         2.5605
112  8.327         4.0217         2.5880
113  8.427         4.0385         2.6178
114  8.527         4.0559         2.6490
115  8.627         4.0738         2.6804
116  8.727         4.0922         2.7101
117  8.827         4.1112         2.7436
118  8.927         4.1311         2.7809
119  9.027         4.1517         2.8171
120  9.127         4.1730         2.8545
121  9.227         4.1955         2.8983
122  9.327         4.2195         2.9500
123  9.427         4.2456         3.0113
124  9.527         4.2744         3.0812
125  9.627         4.3042         3.1267
126  9.727         4.3309         3.1064
127  9.827         4.3577         3.1350
128  9.927         4.3848         3.1664
129 10.027         4.4129         3.2086
130 10.127         4.4411         3.2401
131 10.227         4.4690         3.2628
132 10.327         4.4958         3.2737
133 10.427         4.5221         3.2904
134 10.527         4.5478         3.3077
135 10.627         4.5731         3.3257
136 10.727         4.5980         3.3445
137 10.827         4.6224         3.3592
138 10.927         4.6460         3.3694
139 11.027         4.6689         3.3797
140 11.127         4.6913         3.3923
141 11.227         4.7133         3.4075
142 11.327         4.7351         3.4254
143 11.427         4.7567         3.4420
144 11.527         4.7780         3.4569
145 11.627         4.7989         3.4727
146 11.727         4.8197         3.4894
147 11.827         4.8404         3.5070
148 11.927         4.8609         3.5254
149 12.027         4.8813         3.5432
150 12.127         4.9016         3.5602
151 12.227         4.9216         3.5764
152 12.327         4.9415         3.5916
153 12.427         4.9611         3.6059
154 12.527         4.9806         3.6223
155 12.627         5.0000         3.6411


#AGE= 6.000 BINS=158 Power-law IMF: x=-2.350
# N  sdss_r       Log10(N)       Log10(dN)
  1 -2.800        -0.7875        -0.7875
  2 -2.700        -0.4910        -0.7966
  3 -2.600        -0.3074        -0.7697
  4 -2.500        -0.1752        -0.7564
  5 -2.400        -0.0678        -0.7269
  6 -2.300         0.0249        -0.6915
  7 -2.200         0.1039        -0.6749
  8 -2.100         0.1745        -0.6498
  9 -2.000         0.2401        -0.6131
 10 -1.900         0.3003        -0.5874
 11 -1.800         0.3562        -0.5618
 12 -1.700         0.4085        -0.5371
 13 -1.600         0.4588        -0.5019
 14 -1.500         0.5064        -0.4770
 15 -1.400         0.5527        -0.4429
 16 -1.300         0.5965        -0.4217
 17 -1.200         0.6394        -0.3866
 18 -1.100         0.6807        -0.3617
 19 -1.000         0.7216        -0.3246
 20 -0.900         0.7616        -0.2941
 21 -0.800         0.8008        -0.2635
 22 -0.700         0.8390        -0.2356
 23 -0.600         0.8765        -0.2055
 24 -0.500         0.9135        -0.1745
 25 -0.400         0.9498        -0.1468
 26 -0.300         0.9854        -0.1185
 27 -0.200         1.1100         0.5071
 28 -0.100         1.1547         0.1452
 29  0.000         1.1842         0.0012
 30  0.100         1.2130         0.0202
 31  0.200         1.2416         0.0465
 32  0.300         1.2704         0.0774
 33  0.400         1.2995         0.1113
 34  0.500         1.3288         0.1434
 35  0.600         1.3581         0.1719
 36  0.700         1.3875         0.2036
 37  0.800         1.4169         0.2331
 38  0.900         1.4465         0.2645
 39  1.000         1.4761         0.2950
 40  1.100         1.5059         0.3284
 41  1.200         1.5361         0.3633
 42  1.300         1.5664         0.3952
 43  1.400         1.5972         0.4329
 44  1.500         1.6284         0.4680
 45  1.600         1.6595         0.5003
 46  1.700         1.6916         0.5434
 47  1.800         1.7246         0.5895
 48  1.900         1.7603         0.6572
 49  2.000         1.7974         0.7111
 50  2.100         1.8331         0.7299
 51  2.200         1.8677         0.7515
 52  2.300         1.9012         0.7724
 53  2.400         1.9341         0.7963
 54  2.500         1.9680         0.8440
 55  2.600         2.0144         1.0204
 56  2.700         2.1928         1.7201
 57  2.800         2.2621         1.4307
 58  2.900         2.3286         1.4809
 59  3.000         2.3930         1.5324
 60  3.100         2.4553         1.5809
 61  3.200         2.5153         1.6265
 62  3.300         2.5734         1.6711
 63  3.400         2.6299         1.7163
 64  3.500         2.6850         1.7610
 65  3.600         2.7398         1.8138
 66  3.700         2.7936         1.8595
 67  3.800         2.8448         1.8909
 68  3.900         2.8937         1.9215
 69  4.000         2.9402         1.9470
 70  4.100         2.9837         1.9627
 71  4.200         3.0251         1.9836
 72  4.300         3.0647         2.0048
 73  4.400         3.1027         2.0259
 74  4.500         3.1393         2.0473
 75  4.600         3.1745         2.0656
 76  4.700         3.2087         2.0882
 77  4.800         3.2420         2.1097
 78  4.900         3.2740         2.1255
 79  5.000         3.3045         2.1363
 80  5.100         3.3338         2.1487
 81  5.200         3.3631         2.1763
 82  5.300         3.3916         2.1955
 83  5.400         3.4188         2.2019
 84  5.500         3.4451         2.2141
 85  5.600         3.4706         2.2270
 86  5.700         3.4954         2.2384
 87  5.800         3.5193         2.2488
 88  5.900         3.5424         2.2570
 89  6.000         3.5647         2.2635
 90  6.100         3.5862         2.2696
 91  6.200         3.6069         2.2757
 92  6.300         3.6270         2.2820
 93  6.400         3.6462         2.2831
 94  6.500         3.6648         2.2869
 95  6.600         3.6829         2.2928
 96  6.700         3.7006         2.3039
 97  6.800         3.7180         2.3097
 98  6.900         3.7346         2.3095
 99  7.000         3.7507         2.3118
100  7.100         3.7664         2.3169
101  7.200         3.7819         2.3256
102  7.300         3.7972         2.3378
103  7.400         3.8124         2.3481
104  7.500         3.8273         2.3551
105  7.600         3.8421         2.3672
106  7.700         3.8569         2.3831
107  7.800         3.8721         2.4082
108  7.900         3.8876         2.4336
109  8.000         3.9036         2.4614
110  8.100         3.9197         2.4808
111  8.200         3.9361         2.5032
112  8.300         3.9527         2.5290
113  8.400         3.9699         2.5587
114  8.500         3.9877         2.5902
115  8.600         4.0060         2.6218
116  8.700         4.0247         2.6492
117  8.800         4.0441         2.6847
118  8.900         4.0643         2.7219
119  9.000         4.0853         2.7603
120  9.100         4.1074         2.8020
121  9.200         4.1305         2.8447
122  9.300         4.1545         2.8853
123  9.400         4.1801         2.9369
124  9.500         4.2080         3.0027
125  9.600         4.2386         3.0707
126  9.700         4.2670         3.0696
127  9.800         4.2949         3.0885
128  9.900         4.3228         3.1161
129 10.000         4.3511         3.1520
130 10.100         4.3798         3.1845
131 10.200         4.4080         3.2077
132 10.300         4.4354         3.2218
133 10.400         4.4618         3.2313
134 10.500         4.4877         3.2504
135 10.600         4.5131         3.2683
136 10.700         4.5381         3.2859
137 10.800         4.5626         3.3017
138 10.900         4.5864         3.3129
139 11.000         4.6095         3.3232
140 11.100         4.6320         3.3361
141 11.200         4.6542         3.3516
142 11.300         4.6761         3.3681
143 11.400         4.6976         3.3814
144 11.500         4.7188         3.3961
145 11.600         4.7397         3.4125
146 11.700         4.7605         3.4307
147 11.800         4.7813         3.4506
148 11.900         4.8020         3.4704
149 12.000         4.8226         3.4886
150 12.100         4.8431         3.5055
151 12.200         4.8633         3.5208
152 12.300         4.8832         3.5353
153 12.400         4.9029         3.5506
154 12.500         4.9225         3.5672
155 12.600         4.9421         3.5848
156 12.700         4.9614         3.6015
157 12.800         4.9807         3.6188
158 12.900         5.0000         3.6374


#AGE= 7.000 BINS=157 Power-law IMF: x=-2.350
# N  sdss_r       Log10(N)       Log10(dN)
  1 -2.812         0.0672         0.0672
  2 -2.712         0.1160        -0.8577
  3 -2.612         0.1635        -0.8214
  4 -2.512         0.2072        -0.8117
  5 -2.412         0.2501        -0.7766
  6 -2.312         0.2904        -0.7617
  7 -2.212         0.3310        -0.7184
  8 -2.112         0.3689        -0.7089
  9 -2.012         0.4067        -0.6724
 10 -1.912         0.4428        -0.6552
 11 -1.812         0.4796        -0.6110
 12 -1.712         0.5148        -0.5935
 13 -1.612         0.5503        -0.5557
 14 -1.512         0.5842        -0.5403
 15 -1.412         0.6186        -0.4987
 16 -1.312         0.6520        -0.4789
 17 -1.212         0.6854        -0.4453
 18 -1.112         0.7185        -0.4159
 19 -1.012         0.7514        -0.3860
 20 -0.912         0.7844        -0.3504
 21 -0.812         0.8170        -0.3243
 22 -0.712         0.8497        -0.2902
 23 -0.612         0.8822        -0.2595
 24 -0.512         0.9146        -0.2290
 25 -0.412         0.9464        -0.2044
 26 -0.312         0.9784        -0.1707
 27 -0.212         1.0086        -0.1643
 28 -0.112         1.1242         0.4930
 29 -0.012         1.1613         0.0742
 30  0.088         1.1890        -0.0199
 31  0.188         1.2161        -0.0014
 32  0.288         1.2431         0.0221
 33  0.388         1.2704         0.0555
 34  0.488         1.2981         0.0887
 35  0.588         1.3260         0.1201
 36  0.688         1.3540         0.1492
 37  0.788         1.3822         0.1817
 38  0.888         1.4105         0.2107
 39  0.988         1.4393         0.2454
 40  1.088         1.4678         0.2712
 41  1.188         1.4969         0.3088
 42  1.288         1.5262         0.3411
 43  1.388         1.5559         0.3748
 44  1.488         1.5858         0.4101
 45  1.588         1.6163         0.4466
 46  1.688         1.6468         0.4790
 47  1.788         1.6784         0.5239
 48  1.888         1.7110         0.5712
 49  1.988         1.7461         0.6358
 50  2.088         1.7829         0.6925
 51  2.188         1.8185         0.7143
 52  2.288         1.8530         0.7360
 53  2.388         1.8865         0.7568
 54  2.488         1.9190         0.7774
 55  2.588         1.9514         0.8084
 56  2.688         1.9861         0.8716
 57  2.788         2.1217         1.5500
 58  2.888         2.2131         1.4914
 59  2.988         2.2826         1.4522
 60  3.088         2.3515         1.5183
 61  3.188         2.4194         1.5796
 62  3.288         2.4860         1.6389
 63  3.388         2.5508         1.6930
 64  3.488         2.6137         1.7431
 65  3.588         2.6738         1.7857
 66  3.688         2.7318         1.8282
 67  3.788         2.7882         1.8739
 68  3.888         2.8407         1.8972
 69  3.988         2.8903         1.9231
 70  4.088         2.9379         1.9547
 71  4.188         2.9833         1.9803
 72  4.288         3.0264         2.0016
 73  4.388         3.0677         2.0252
 74  4.488         3.1073         2.0474
 75  4.588         3.1452         2.0678
 76  4.688         3.1821         2.0924
 77  4.788         3.2177         2.1133
 78  4.888         3.2518         2.1309
 79  4.988         3.2843         2.1411
 80  5.088         3.3154         2.1561
 81  5.188         3.3466         2.1871
 82  5.288         3.3768         2.2045
 83  5.388         3.4057         2.2133
 84  5.488         3.4335         2.2265
 85  5.588         3.4604         2.2389
 86  5.688         3.4864         2.2515
 87  5.788         3.5117         2.2628
 88  5.888         3.5359         2.2712
 89  5.988         3.5593         2.2784
 90  6.088         3.5818         2.2851
 91  6.188         3.6035         2.2914
 92  6.288         3.6245         2.2983
 93  6.388         3.6446         2.3008
 94  6.488         3.6640         2.3036
 95  6.588         3.6828         2.3091
 96  6.688         3.7014         2.3242
 97  6.788         3.7193         2.3256
 98  6.888         3.7365         2.3265
 99  6.988         3.7532         2.3308
100  7.088         3.7696         2.3364
101  7.188         3.7856         2.3455
102  7.288         3.8016         2.3586
103  7.388         3.8172         2.3663
104  7.488         3.8326         2.3747
105  7.588         3.8478         2.3838
106  7.688         3.8631         2.4027
107  7.788         3.8787         2.4245
108  7.888         3.8948         2.4558
109  7.988         3.9111         2.4796
110  8.088         3.9277         2.5001
111  8.188         3.9444         2.5219
112  8.288         3.9615         2.5484
113  8.388         3.9791         2.5782
114  8.488         3.9973         2.6108
115  8.588         4.0160         2.6401
116  8.688         4.0352         2.6699
117  8.788         4.0549         2.7030
118  8.888         4.0755         2.7412
119  8.988         4.0968         2.7764
120  9.088         4.1187         2.8109
121  9.188         4.1416         2.8524
122  9.288         4.1660         2.9027
123  9.388         4.1923         2.9620
124  9.488         4.2208         3.0234
125  9.588         4.2516         3.0870
126  9.688         4.2814         3.1025
127  9.788         4.3103         3.1201
128  9.888         4.3388         3.1418
129  9.988         4.3678         3.1767
130 10.088         4.3968         3.2083
131 10.188         4.4253         3.2278
132 10.288         4.4530         3.2442
133 10.388         4.4797         3.2544
134 10.488         4.5057         3.2709
135 10.588         4.5313         3.2881
136 10.688         4.5563         3.3051
137 10.788         4.5809         3.3205
138 10.888         4.6047         3.3320
139 10.988         4.6279         3.3440
140 11.088         4.6506         3.3575
141 11.188         4.6728         3.3708
142 11.288         4.6945         3.3812
143 11.388         4.7157         3.3946
144 11.488         4.7367         3.4114
145 11.588         4.7577         3.4317
146 11.688         4.7788         3.4541
147 11.788         4.7998         3.4742
148 11.888         4.8207         3.4927
149 11.988         4.8414         3.5095
150 12.088         4.8619         3.5246
151 12.188         4.8821         3.5397
152 12.288         4.9021         3.5556
153 12.388         4.9219         3.5721
154 12.488         4.9417         3.5888
155 12.588         4.9612         3.6045
156 12.688         4.9806         3.6214
157 12.788         5.0000         3.6400


#AGE= 8.000 BINS=155 Power-law IMF: x=-2.350
# N  sdss_r       Log10(N)       Log10(dN)
  1 -2.756        -0.8395        -0.8395
  2 -2.656        -0.5380        -0.8387
  3 -2.556        -0.3484        -0.7997
  4 -2.456        -0.2149        -0.7921
  5 -2.356        -0.1046        -0.7541
  6 -2.256        -0.0113        -0.7250
  7 -2.156         0.0687        -0.7053
  8 -2.056         0.1407        -0.6752
  9 -1.956         0.2052        -0.6546
 10 -1.856         0.2642        -0.6322
 11 -1.756         0.3214        -0.5871
 12 -1.656         0.3742        -0.5671
 13 -1.556         0.4251        -0.5313
 14 -1.456         0.4727        -0.5112
 15 -1.356         0.5196        -0.4699
 16 -1.256         0.5635        -0.4533
 17 -1.156         0.6065        -0.4193
 18 -1.056         0.6489        -0.3833
 19 -0.956         0.6894        -0.3602
 20 -0.856         0.7294        -0.3266
 21 -0.756         0.7690        -0.2903
 22 -0.656         0.8078        -0.2612
 23 -0.556         0.8456        -0.2333
 24 -0.456         0.8830        -0.2004
 25 -0.356         0.9198        -0.1705
 26 -0.256         0.9558        -0.1429
 27 -0.156         0.9913        -0.1146
 28 -0.056         1.1184         0.5228
 29  0.044         1.1579         0.0975
 30  0.144         1.1883         0.0180
 31  0.244         1.2178         0.0348
 32  0.344         1.2470         0.0601
 33  0.444         1.2762         0.0896
 34  0.544         1.3054         0.1192
 35  0.644         1.3352         0.1556
 36  0.744         1.3648         0.1845
 37  0.844         1.3950         0.2225
 38  0.944         1.4254         0.2549
 39  1.044         1.4554         0.2798
 40  1.144         1.4860         0.3192
 41  1.244         1.5167         0.3496
 42  1.344         1.5474         0.3821
 43  1.444         1.5785         0.4184
 44  1.544         1.6099         0.4535
 45  1.644         1.6419         0.4925
 46  1.744         1.6740         0.5271
 47  1.844         1.7066         0.5661
 48  1.944         1.7404         0.6148
 49  2.044         1.7760         0.6719
 50  2.144         1.8149         0.7476
 51  2.244         1.8528         0.7755
 52  2.344         1.8896         0.7986
 53  2.444         1.9251         0.8201
 54  2.544         1.9593         0.8388
 55  2.644         1.9929         0.8646
 56  2.744         2.0277         0.9143
 57  2.844         2.0689         1.0251
 58  2.944         2.2055         1.6368
 59  3.044         2.2904         1.5397
 60  3.144         2.3609         1.5364
 61  3.244         2.4287         1.5886
 62  3.344         2.4953         1.6479
 63  3.444         2.5594         1.6968
 64  3.544         2.6207         1.7402
 65  3.644         2.6790         1.7779
 66  3.744         2.7347         1.8154
 67  3.844         2.7894         1.8621
 68  3.944         2.8422         1.9012
 69  4.044         2.8924         1.9309
 70  4.144         2.9409         1.9644
 71  4.244         2.9881         2.0006
 72  4.344         3.0328         2.0232
 73  4.444         3.0753         2.0448
 74  4.544         3.1160         2.0683
 75  4.644         3.1556         2.0951
 76  4.744         3.1936         2.1174
 77  4.844         3.2299         2.1342
 78  4.944         3.2645         2.1484
 79  5.044         3.2977         2.1637
 80  5.144         3.3307         2.1956
 81  5.244         3.3629         2.2174
 82  5.344         3.3934         2.2248
 83  5.444         3.4227         2.2370
 84  5.544         3.4513         2.2546
 85  5.644         3.4788         2.2674
 86  5.744         3.5054         2.2795
 87  5.844         3.5310         2.2887
 88  5.944         3.5556         2.2955
 89  6.044         3.5793         2.3042
 90  6.144         3.6021         2.3122
 91  6.244         3.6241         2.3175
 92  6.344         3.6453         2.3241
 93  6.444         3.6656         2.3252
 94  6.544         3.6851         2.3276
 95  6.644         3.7046         2.3466
 96  6.744         3.7233         2.3486
 97  6.844         3.7413         2.3496
 98  6.944         3.7587         2.3535
 99  7.044         3.7757         2.3599
100  7.144         3.7924         2.3683
101  7.244         3.8089         2.3803
102  7.344         3.8251         2.3883
103  7.444         3.8410         2.3967
104  7.544         3.8567         2.4065
105  7.644         3.8723         2.4203
106  7.744         3.8881         2.4423
107  7.844         3.9044         2.4697
108  7.944         3.9211         2.4971
109  8.044         3.9380         2.5199
110  8.144         3.9550         2.5400
111  8.244         3.9723         2.5645
112  8.344         3.9901         2.5941
113  8.444         4.0085         2.6255
114  8.544         4.0274         2.6572
115  8.644         4.0467         2.6850
116  8.744         4.0666         2.7172
117  8.844         4.0873         2.7543
118  8.944         4.1088         2.7941
119  9.044         4.1311         2.8303
120  9.144         4.1541         2.8661
121  9.244         4.1781         2.9090
122  9.344         4.2037         2.9607
123  9.444         4.2314         3.0222
124  9.544         4.2617         3.0911
125  9.644         4.2925         3.1278
126  9.744         4.3226         3.1490
127  9.844         4.3521         3.1681
128  9.944         4.3815         3.1974
129 10.044         4.4109         3.2274
130 10.144         4.4399         3.2505
131 10.244         4.4683         3.2687
132 10.344         4.4955         3.2796
133 10.444         4.5219         3.2930
134 10.544         4.5479         3.3111
135 10.644         4.5732         3.3265
136 10.744         4.5980         3.3413
137 10.844         4.6221         3.3546
138 10.944         4.6456         3.3677
139 11.044         4.6685         3.3795
140 11.144         4.6907         3.3878
141 11.244         4.7123         3.3990
142 11.344         4.7337         3.4153
143 11.444         4.7551         3.4364
144 11.544         4.7763         3.4559
145 11.644         4.7975         3.4739
146 11.744         4.8184         3.4918
147 11.844         4.8393         3.5094
148 11.944         4.8599         3.5269
149 12.044         4.8804         3.5448
150 12.144         4.9008         3.5620
151 12.244         4.9210         3.5785
152 12.344         4.9410         3.5940
153 12.444         4.9608         3.6090
154 12.544         4.9804         3.6259
155 12.644         5.0000         3.6447


#AGE= 9.000 BINS=157 Power-law IMF: x=-2.350
# N  sdss_r       Log10(N)       Log10(dN)
  1 -2.775        -0.8393        -0.8393
  2 -2.675        -0.5572        -0.8779
  3 -2.575        -0.3781        -0.8493
  4 -2.475        -0.2475        -0.8330
  5 -2.375        -0.1393        -0.7957
  6 -2.275        -0.0519        -0.7914
  7 -2.175         0.0290        -0.7409
  8 -2.075         0.0987        -0.7299
  9 -1.975         0.1635        -0.6945
 10 -1.875         0.2234        -0.6668
 11 -1.775         0.2785        -0.6456
 12 -1.675         0.3308        -0.6142
 13 -1.575         0.3810        -0.5813
 14 -1.475         0.4284        -0.5570
 15 -1.375         0.4751        -0.5167
 16 -1.275         0.5186        -0.5020
 17 -1.175         0.5617        -0.4627
 18 -1.075         0.6034        -0.4356
 19 -0.975         0.6440        -0.4050
 20 -0.875         0.6839        -0.3731
 21 -0.775         0.7230        -0.3414
 22 -0.675         0.7612        -0.3135
 23 -0.575         0.7992        -0.2782
 24 -0.475         0.8366        -0.2465
 25 -0.375         0.8732        -0.2191
 26 -0.275         0.9095        -0.1871
 27 -0.175         0.9451        -0.1587
 28 -0.075         0.9793        -0.1416
 29  0.025         1.1025         0.4954
 30  0.125         1.1427         0.0894
 31  0.225         1.1732         0.0042
 32  0.325         1.2026         0.0178
 33  0.425         1.2317         0.0431
 34  0.525         1.2607         0.0718
 35  0.625         1.2901         0.1053
 36  0.725         1.3197         0.1383
 37  0.825         1.3493         0.1686
 38  0.925         1.3793         0.2040
 39  1.025         1.4095         0.2369
 40  1.125         1.4401         0.2719
 41  1.225         1.4703         0.2987
 42  1.325         1.5009         0.3331
 43  1.425         1.5316         0.3656
 44  1.525         1.5625         0.3997
 45  1.625         1.5938         0.4351
 46  1.725         1.6253         0.4712
 47  1.825         1.6572         0.5075
 48  1.925         1.6897         0.5465
 49  2.025         1.7231         0.5932
 50  2.125         1.7585         0.6517
 51  2.225         1.7970         0.7253
 52  2.325         1.8347         0.7545
 53  2.425         1.8708         0.7736
 54  2.525         1.9056         0.7922
 55  2.625         1.9390         0.8085
 56  2.725         1.9717         0.8316
 57  2.825         2.0053         0.8768
 58  2.925         2.0432         0.9653
 59  3.025         2.1173         1.3132
 60  3.125         2.2296         1.5871
 61  3.225         2.3025         1.4913
 62  3.325         2.3698         1.5269
 63  3.425         2.4343         1.5745
 64  3.525         2.4975         1.6294
 65  3.625         2.5589         1.6785
 66  3.725         2.6180         1.7231
 67  3.825         2.6749         1.7637
 68  3.925         2.7307         1.8123
 69  4.025         2.7857         1.8608
 70  4.125         2.8379         1.8922
 71  4.225         2.8880         1.9249
 72  4.325         2.9364         1.9592
 73  4.425         2.9828         1.9887
 74  4.525         3.0271         2.0135
 75  4.625         3.0695         2.0381
 76  4.725         3.1101         2.0605
 77  4.825         3.1488         2.0804
 78  4.925         3.1857         2.0958
 79  5.025         3.2211         2.1146
 80  5.125         3.2563         2.1476
 81  5.225         3.2904         2.1683
 82  5.325         3.3225         2.1754
 83  5.425         3.3533         2.1890
 84  5.525         3.3833         2.2075
 85  5.625         3.4123         2.2232
 86  5.725         3.4403         2.2352
 87  5.825         3.4671         2.2443
 88  5.925         3.4928         2.2527
 89  6.025         3.5176         2.2619
 90  6.125         3.5415         2.2699
 91  6.225         3.5644         2.2754
 92  6.325         3.5866         2.2839
 93  6.425         3.6078         2.2851
 94  6.525         3.6280         2.2872
 95  6.625         3.6482         2.3046
 96  6.725         3.6677         2.3102
 97  6.825         3.6863         2.3100
 98  6.925         3.7044         2.3143
 99  7.025         3.7220         2.3215
100  7.125         3.7393         2.3306
101  7.225         3.7563         2.3410
102  7.325         3.7731         2.3507
103  7.425         3.7894         2.3568
104  7.525         3.8055         2.3670
105  7.625         3.8216         2.3811
106  7.725         3.8378         2.4024
107  7.825         3.8545         2.4303
108  7.925         3.8716         2.4585
109  8.025         3.8888         2.4789
110  8.125         3.9062         2.5007
111  8.225         3.9239         2.5253
112  8.325         3.9421         2.5536
113  8.425         3.9608         2.5855
114  8.525         3.9800         2.6171
115  8.625         3.9997         2.6458
116  8.725         4.0199         2.6768
117  8.825         4.0408         2.7129
118  8.925         4.0627         2.7546
119  9.025         4.0855         2.7948
120  9.125         4.1090         2.8299
121  9.225         4.1332         2.8674
122  9.325         4.1587         2.9147
123  9.425         4.1861         2.9736
124  9.525         4.2161         3.0406
125  9.625         4.2474         3.0887
126  9.725         4.2785         3.1180
127  9.825         4.3088         3.1374
128  9.925         4.3387         3.1625
129 10.025         4.3687         3.1921
130 10.125         4.3981         3.2148
131 10.225         4.4269         3.2335
132 10.325         4.4545         3.2443
133 10.425         4.4813         3.2579
134 10.525         4.5074         3.2746
135 10.625         4.5330         3.2898
136 10.725         4.5579         3.3041
137 10.825         4.5822         3.3176
138 10.925         4.6058         3.3297
139 11.025         4.6287         3.3385
140 11.125         4.6509         3.3488
141 11.225         4.6728         3.3642
142 11.325         4.6944         3.3802
143 11.425         4.7156         3.3941
144 11.525         4.7366         3.4107
145 11.625         4.7575         3.4301
146 11.725         4.7785         3.4521
147 11.825         4.7995         3.4733
148 11.925         4.8204         3.4924
149 12.025         4.8411         3.5094
150 12.125         4.8616         3.5243
151 12.225         4.8818         3.5396
152 12.325         4.9018         3.5557
153 12.425         4.9217         3.5725
154 12.525         4.9415         3.5896
155 12.625         4.9611         3.6057
156 12.725         4.9805         3.6229
157 12.825         5.0000         3.6415


#AGE=10.000 BINS=155 Power-law IMF: x=-2.350
# N  sdss_r       Log10(N)       Log10(dN)
  1 -2.766        -0.0816        -0.0816
  2 -2.666        -0.0129        -0.8473
  3 -2.566         0.0447        -0.8615
  4 -2.466         0.0994        -0.8271
  5 -2.366         0.1485        -0.8226
  6 -2.266         0.1977        -0.7723
  7 -2.166         0.2448        -0.7439
  8 -2.066         0.2886        -0.7291
  9 -1.966         0.3309        -0.7012
 10 -1.866         0.3718        -0.6753
 11 -1.766         0.4131        -0.6292
 12 -1.666         0.4514        -0.6220
 13 -1.566         0.4902        -0.5774
 14 -1.466         0.5280        -0.5515
 15 -1.366         0.5644        -0.5304
 16 -1.266         0.6012        -0.4893
 17 -1.166         0.6374        -0.4593
 18 -1.066         0.6722        -0.4417
 19 -0.966         0.7072        -0.4036
 20 -0.866         0.7422        -0.3687
 21 -0.766         0.7765        -0.3436
 22 -0.666         0.8109        -0.3069
 23 -0.566         0.8450        -0.2777
 24 -0.466         0.8788        -0.2460
 25 -0.366         0.9126        -0.2139
 26 -0.266         0.9459        -0.1857
 27 -0.166         0.9789        -0.1571
 28 -0.066         1.0116        -0.1272
 29  0.034         1.0675         0.1494
 30  0.134         1.1643         0.4649
 31  0.234         1.1945         0.0211
 32  0.334         1.2234         0.0321
 33  0.434         1.2515         0.0491
 34  0.534         1.2797         0.0782
 35  0.634         1.3082         0.1106
 36  0.734         1.3368         0.1411
 37  0.834         1.3656         0.1738
 38  0.934         1.3948         0.2075
 39  1.034         1.4243         0.2420
 40  1.134         1.4543         0.2781
 41  1.234         1.4841         0.3065
 42  1.334         1.5143         0.3410
 43  1.434         1.5445         0.3714
 44  1.534         1.5750         0.4072
 45  1.634         1.6058         0.4414
 46  1.734         1.6369         0.4765
 47  1.834         1.6685         0.5146
 48  1.934         1.7004         0.5498
 49  2.034         1.7331         0.5940
 50  2.134         1.7670         0.6430
 51  2.234         1.8038         0.7129
 52  2.334         1.8420         0.7676
 53  2.434         1.8790         0.7909
 54  2.534         1.9146         0.8109
 55  2.634         1.9486         0.8252
 56  2.734         1.9813         0.8416
 57  2.834         2.0135         0.8672
 58  2.934         2.0465         0.9113
 59  3.034         2.0852         1.0154
 60  3.134         2.1597         1.3577
 61  3.234         2.2597         1.5726
 62  3.334         2.3335         1.5274
 63  3.434         2.4019         1.5660
 64  3.534         2.4680         1.6175
 65  3.634         2.5320         1.6686
 66  3.734         2.5942         1.7198
 67  3.834         2.6545         1.7673
 68  3.934         2.7125         1.8094
 69  4.034         2.7697         1.8611
 70  4.134         2.8250         1.9023
 71  4.234         2.8775         1.9342
 72  4.334         2.9282         1.9704
 73  4.434         2.9772         2.0050
 74  4.534         3.0245         2.0384
 75  4.634         3.0694         2.0610
 76  4.734         3.1120         2.0827
 77  4.834         3.1524         2.1014
 78  4.934         3.1911         2.1218
 79  5.034         3.2287         2.1477
 80  5.134         3.2657         2.1775
 81  5.234         3.3009         2.1919
 82  5.334         3.3342         2.2021
 83  5.434         3.3664         2.2204
 84  5.534         3.3975         2.2376
 85  5.634         3.4276         2.2528
 86  5.734         3.4565         2.2661
 87  5.834         3.4843         2.2754
 88  5.934         3.5109         2.2847
 89  6.034         3.5365         2.2948
 90  6.134         3.5611         2.3023
 91  6.234         3.5847         2.3080
 92  6.334         3.6075         2.3169
 93  6.434         3.6292         2.3159
 94  6.534         3.6501         2.3229
 95  6.634         3.6709         2.3411
 96  6.734         3.6908         2.3420
 97  6.834         3.7099         2.3439
 98  6.934         3.7285         2.3501
 99  7.034         3.7466         2.3575
100  7.134         3.7644         2.3675
101  7.234         3.7819         2.3781
102  7.334         3.7989         2.3841
103  7.434         3.8156         2.3923
104  7.534         3.8321         2.4038
105  7.634         3.8486         2.4192
106  7.734         3.8653         2.4429
107  7.834         3.8825         2.4701
108  7.934         3.9000         2.4983
109  8.034         3.9177         2.5182
110  8.134         3.9355         2.5398
111  8.234         3.9536         2.5652
112  8.334         3.9722         2.5947
113  8.434         3.9914         2.6265
114  8.534         4.0111         2.6575
115  8.634         4.0312         2.6872
116  8.734         4.0519         2.7186
117  8.834         4.0732         2.7546
118  8.934         4.0955         2.7945
119  9.034         4.1187         2.8352
120  9.134         4.1429         2.8756
121  9.234         4.1678         2.9138
122  9.334         4.1938         2.9594
123  9.434         4.2218         3.0161
124  9.534         4.2521         3.0817
125  9.634         4.2835         3.1262
126  9.734         4.3153         3.1649
127  9.834         4.3463         3.1841
128  9.934         4.3767         3.2067
129 10.034         4.4071         3.2364
130 10.134         4.4368         3.2582
131 10.234         4.4657         3.2744
132 10.334         4.4934         3.2835
133 10.434         4.5203         3.3001
134 10.534         4.5467         3.3158
135 10.634         4.5723         3.3303
136 10.734         4.5972         3.3437
137 10.834         4.6215         3.3563
138 10.934         4.6449         3.3658
139 11.034         4.6677         3.3761
140 11.134         4.6900         3.3892
141 11.234         4.7117         3.3996
142 11.334         4.7330         3.4135
143 11.434         4.7542         3.4327
144 11.534         4.7755         3.4543
145 11.634         4.7966         3.4736
146 11.734         4.8176         3.4921
147 11.834         4.8385         3.5100
148 11.934         4.8593         3.5277
149 12.034         4.8799         3.5461
150 12.134         4.9004         3.5636
151 12.234         4.9206         3.5801
152 12.334         4.9407         3.5955
153 12.434         4.9606         3.6108
154 12.534         4.9803         3.6278
155 12.634         5.0000         3.6467


#AGE=11.000 BINS=156 Power-law IMF: x=-2.350
# N  sdss_r       Log10(N)       Log10(dN)
  1 -2.716        -0.9321        -0.9321
  2 -2.616        -0.6192        -0.9088
  3 -2.516        -0.4374        -0.9033
  4 -2.416        -0.2997        -0.8654
  5 -2.316        -0.1926        -0.8533
  6 -2.216        -0.1001        -0.8169
  7 -2.116        -0.0213        -0.8016
  8 -2.016         0.0515        -0.7601
  9 -1.916         0.1156        -0.7466
 10 -1.816         0.1757        -0.7136
 11 -1.716         0.2327        -0.6771
 12 -1.616         0.2851        -0.6595
 13 -1.516         0.3367        -0.6137
 14 -1.416         0.3835        -0.6077
 15 -1.316         0.4307        -0.5561
 16 -1.216         0.4754        -0.5340
 17 -1.116         0.5182        -0.5101
 18 -1.016         0.5598        -0.4793
 19 -0.916         0.6013        -0.4383
 20 -0.816         0.6415        -0.4124
 21 -0.716         0.6805        -0.3861
 22 -0.616         0.7190        -0.3517
 23 -0.516         0.7576        -0.3133
 24 -0.416         0.7951        -0.2872
 25 -0.316         0.8325        -0.2513
 26 -0.216         0.8686        -0.2293
 27 -0.116         0.9047        -0.1933
 28 -0.016         0.9387        -0.1846
 29  0.084         1.0082         0.1781
 30  0.184         1.0995         0.3772
 31  0.284         1.1316        -0.0148
 32  0.384         1.1623        -0.0045
 33  0.484         1.1919         0.0114
 34  0.584         1.2215         0.0403
 35  0.684         1.2515         0.0749
 36  0.784         1.2814         0.1058
 37  0.884         1.3116         0.1383
 38  0.984         1.3421         0.1737
 39  1.084         1.3728         0.2061
 40  1.184         1.4035         0.2379
 41  1.284         1.4346         0.2744
 42  1.384         1.4655         0.3019
 43  1.484         1.4966         0.3371
 44  1.584         1.5282         0.3731
 45  1.684         1.5597         0.4054
 46  1.784         1.5917         0.4430
 47  1.884         1.6238         0.4770
 48  1.984         1.6565         0.5161
 49  2.084         1.6898         0.5590
 50  2.184         1.7242         0.6054
 51  2.284         1.7612         0.6730
 52  2.384         1.8003         0.7355
 53  2.484         1.8381         0.7593
 54  2.584         1.8744         0.7786
 55  2.684         1.9090         0.7932
 56  2.784         1.9422         0.8087
 57  2.884         1.9747         0.8330
 58  2.984         2.0077         0.8723
 59  3.084         2.0443         0.9514
 60  3.184         2.0961         1.1470
 61  3.284         2.1932         1.4947
 62  3.384         2.2728         1.4972
 63  3.484         2.3434         1.5191
 64  3.584         2.4111         1.5706
 65  3.684         2.4767         1.6235
 66  3.784         2.5403         1.6746
 67  3.884         2.6017         1.7217
 68  3.984         2.6606         1.7636
 69  4.084         2.7179         1.8104
 70  4.184         2.7744         1.8601
 71  4.284         2.8281         1.8940
 72  4.384         2.8802         1.9333
 73  4.484         2.9306         1.9704
 74  4.584         2.9787         1.9993
 75  4.684         3.0246         2.0261
 76  4.784         3.0681         2.0471
 77  4.884         3.1095         2.0682
 78  4.984         3.1496         2.0947
 79  5.084         3.1888         2.1254
 80  5.184         3.2263         2.1433
 81  5.284         3.2616         2.1549
 82  5.384         3.2957         2.1732
 83  5.484         3.3287         2.1939
 84  5.584         3.3604         2.2077
 85  5.684         3.3909         2.2213
 86  5.784         3.4201         2.2335
 87  5.884         3.4481         2.2445
 88  5.984         3.4751         2.2547
 89  6.084         3.5010         2.2639
 90  6.184         3.5258         2.2699
 91  6.284         3.5497         2.2785
 92  6.384         3.5726         2.2835
 93  6.484         3.5944         2.2843
 94  6.584         3.6159         2.2994
 95  6.684         3.6369         2.3102
 96  6.784         3.6569         2.3097
 97  6.884         3.6761         2.3139
 98  6.984         3.6950         2.3229
 99  7.084         3.7134         2.3314
100  7.184         3.7315         2.3421
101  7.284         3.7491         2.3486
102  7.384         3.7663         2.3559
103  7.484         3.7833         2.3660
104  7.584         3.8001         2.3798
105  7.684         3.8170         2.4000
106  7.784         3.8344         2.4279
107  7.884         3.8523         2.4571
108  7.984         3.8702         2.4780
109  8.084         3.8883         2.4988
110  8.184         3.9066         2.5231
111  8.284         3.9254         2.5511
112  8.384         3.9447         2.5822
113  8.484         3.9645         2.6145
114  8.584         3.9847         2.6425
115  8.684         4.0054         2.6738
116  8.784         4.0269         2.7090
117  8.884         4.0490         2.7462
118  8.984         4.0720         2.7844
119  9.084         4.0960         2.8251
120  9.184         4.1209         2.8682
121  9.284         4.1470         2.9116
122  9.384         4.1743         2.9603
123  9.484         4.2035         3.0154
124  9.584         4.2347         3.0762
125  9.684         4.2666         3.1160
126  9.784         4.2990         3.1560
127  9.884         4.3300         3.1688
128  9.984         4.3610         3.1981
129 10.084         4.3914         3.2220
130 10.184         4.4210         3.2397
131 10.284         4.4495         3.2519
132 10.384         4.4770         3.2660
133 10.484         4.5038         3.2806
134 10.584         4.5299         3.2961
135 10.684         4.5553         3.3098
136 10.784         4.5800         3.3222
137 10.884         4.6039         3.3319
138 10.984         4.6270         3.3424
139 11.084         4.6495         3.3515
140 11.184         4.6713         3.3624
141 11.284         4.6929         3.3793
142 11.384         4.7143         3.3944
143 11.484         4.7353         3.4103
144 11.584         4.7563         3.4295
145 11.684         4.7773         3.4517
146 11.784         4.7984         3.4737
147 11.884         4.8194         3.4933
148 11.984         4.8402         3.5105
149 12.084         4.8607         3.5256
150 12.184         4.8811         3.5415
151 12.284         4.9012         3.5581
152 12.384         4.9213         3.5750
153 12.484         4.9411         3.5918
154 12.584         4.9608         3.6079
155 12.684         4.9804         3.6252
156 12.784         5.0000         3.6438


#AGE=12.000 BINS=154 Power-law IMF: x=-2.350
# N  sdss_r       Log10(N)       Log10(dN)
  1 -2.740        -0.8634        -0.8634
  2 -2.640        -0.5852        -0.9103
  3 -2.540        -0.4063        -0.8778
  4 -2.440        -0.2749        -0.8581
  5 -2.340        -0.1716        -0.8459
  6 -2.240        -0.0811        -0.8065
  7 -2.140        -0.0021        -0.7814
  8 -2.040         0.0708        -0.7404
  9 -1.940         0.1346        -0.7296
 10 -1.840         0.1942        -0.6982
 11 -1.740         0.2505        -0.6643
 12 -1.640         0.3035        -0.6365
 13 -1.540         0.3526        -0.6180
 14 -1.440         0.4010        -0.5759
 15 -1.340         0.4462        -0.5593
 16 -1.240         0.4907        -0.5206
 17 -1.140         0.5345        -0.4837
 18 -1.040         0.5753        -0.4724
 19 -0.940         0.6169        -0.4220
 20 -0.840         0.6559        -0.4097
 21 -0.740         0.6958        -0.3618
 22 -0.640         0.7344        -0.3349
 23 -0.540         0.7724        -0.3046
 24 -0.440         0.8097        -0.2747
 25 -0.340         0.8467        -0.2420
 26 -0.240         0.8834        -0.2077
 27 -0.140         0.9194        -0.1795
 28 -0.040         0.9548        -0.1524
 29  0.060         0.9906        -0.1112
 30  0.160         1.1098         0.4901
 31  0.260         1.1463         0.0533
 32  0.360         1.1779         0.0233
 33  0.460         1.2080         0.0350
 34  0.560         1.2378         0.0587
 35  0.660         1.2677         0.0901
 36  0.760         1.2977         0.1235
 37  0.860         1.3279         0.1543
 38  0.960         1.3583         0.1885
 39  1.060         1.3891         0.2244
 40  1.160         1.4197         0.2524
 41  1.260         1.4509         0.2924
 42  1.360         1.4821         0.3221
 43  1.460         1.5134         0.3562
 44  1.560         1.5448         0.3881
 45  1.660         1.5764         0.4233
 46  1.760         1.6083         0.4583
 47  1.860         1.6405         0.4946
 48  1.960         1.6729         0.5295
 49  2.060         1.7058         0.5691
 50  2.160         1.7396         0.6135
 51  2.260         1.7745         0.6625
 52  2.360         1.8125         0.7350
 53  2.460         1.8519         0.7901
 54  2.560         1.8896         0.8095
 55  2.660         1.9257         0.8278
 56  2.760         1.9601         0.8418
 57  2.860         1.9931         0.8570
 58  2.960         2.0254         0.8808
 59  3.060         2.0584         0.9230
 60  3.160         2.0949         1.0012
 61  3.260         2.1450         1.1822
 62  3.360         2.2332         1.4977
 63  3.460         2.3109         1.5251
 64  3.560         2.3824         1.5639
 65  3.660         2.4502         1.6097
 66  3.760         2.5160         1.6643
 67  3.860         2.5799         1.7161
 68  3.960         2.6418         1.7648
 69  4.060         2.7010         1.8067
 70  4.160         2.7587         1.8535
 71  4.260         2.8157         1.9054
 72  4.360         2.8698         1.9389
 73  4.460         2.9223         1.9786
 74  4.560         2.9730         2.0147
 75  4.660         3.0212         2.0428
 76  4.760         3.0672         2.0694
 77  4.860         3.1111         2.0936
 78  4.960         3.1536         2.1233
 79  5.060         3.1948         2.1519
 80  5.160         3.2340         2.1697
 81  5.260         3.2712         2.1855
 82  5.360         3.3069         2.2046
 83  5.460         3.3415         2.2247
 84  5.560         3.3746         2.2407
 85  5.660         3.4063         2.2533
 86  5.760         3.4366         2.2659
 87  5.860         3.4657         2.2767
 88  5.960         3.4938         2.2912
 89  6.060         3.5207         2.2999
 90  6.160         3.5465         2.3061
 91  6.260         3.5713         2.3154
 92  6.360         3.5951         2.3222
 93  6.460         3.6177         2.3232
 94  6.560         3.6399         2.3371
 95  6.660         3.6616         2.3499
 96  6.760         3.6822         2.3476
 97  6.860         3.7021         2.3538
 98  6.960         3.7216         2.3632
 99  7.060         3.7405         2.3708
100  7.160         3.7591         2.3824
101  7.260         3.7773         2.3889
102  7.360         3.7949         2.3941
103  7.460         3.8122         2.4049
104  7.560         3.8294         2.4189
105  7.660         3.8467         2.4374
106  7.760         3.8644         2.4646
107  7.860         3.8825         2.4944
108  7.960         3.9008         2.5169
109  8.060         3.9192         2.5370
110  8.160         3.9378         2.5605
111  8.260         3.9569         2.5891
112  8.360         3.9764         2.6195
113  8.460         3.9965         2.6520
114  8.560         4.0170         2.6805
115  8.660         4.0379         2.7106
116  8.760         4.0595         2.7448
117  8.860         4.0819         2.7827
118  8.960         4.1050         2.8199
119  9.060         4.1290         2.8593
120  9.160         4.1540         2.9023
121  9.260         4.1801         2.9462
122  9.360         4.2075         2.9940
123  9.460         4.2366         3.0483
124  9.560         4.2674         3.1027
125  9.660         4.2993         3.1490
126  9.760         4.3324         3.1988
127  9.860         4.3644         3.2153
128  9.960         4.3957         3.2380
129 10.060         4.4267         3.2643
130 10.160         4.4567         3.2812
131 10.260         4.4857         3.2969
132 10.360         4.5137         3.3090
133 10.460         4.5409         3.3236
134 10.560         4.5673         3.3384
135 10.660         4.5930         3.3521
136 10.760         4.6179         3.3643
137 10.860         4.6421         3.3758
138 10.960         4.6654         3.3834
139 11.060         4.6879         3.3913
140 11.160         4.7100         3.4048
141 11.260         4.7315         3.4162
142 11.360         4.7528         3.4319
143 11.460         4.7740         3.4529
144 11.560         4.7952         3.4725
145 11.660         4.8162         3.4913
146 11.760         4.8372         3.5101
147 11.860         4.8580         3.5291
148 11.960         4.8788         3.5486
149 12.060         4.8995         3.5667
150 12.160         4.9200         3.5833
151 12.260         4.9402         3.5985
152 12.360         4.9602         3.6141
153 12.460         4.9801         3.6314
154 12.560         5.0000         3.6503


#AGE=13.000 BINS=155 Power-law IMF: x=-2.350
# N  sdss_r       Log10(N)       Log10(dN)
  1 -2.712        -0.9241        -0.9241
  2 -2.612        -0.6142        -0.9066
  3 -2.512        -0.4366        -0.9106
  4 -2.412        -0.3103        -0.9084
  5 -2.312        -0.2055        -0.8744
  6 -2.212        -0.1129        -0.8297
  7 -2.112        -0.0382        -0.8394
  8 -2.012         0.0342        -0.7794
  9 -1.912         0.0969        -0.7748
 10 -1.812         0.1572        -0.7301
 11 -1.712         0.2132        -0.7040
 12 -1.612         0.2657        -0.6777
 13 -1.512         0.3164        -0.6419
 14 -1.412         0.3644        -0.6151
 15 -1.312         0.4106        -0.5858
 16 -1.212         0.4552        -0.5551
 17 -1.112         0.4980        -0.5297
 18 -1.012         0.5394        -0.5021
 19 -0.912         0.5806        -0.4624
 20 -0.812         0.6200        -0.4427
 21 -0.712         0.6594        -0.4020
 22 -0.612         0.6986        -0.3656
 23 -0.512         0.7361        -0.3455
 24 -0.412         0.7741        -0.3029
 25 -0.312         0.8112        -0.2756
 26 -0.212         0.8480        -0.2422
 27 -0.112         0.8840        -0.2156
 28 -0.012         0.9194        -0.1866
 29  0.088         0.9556        -0.1423
 30  0.188         1.0727         0.4465
 31  0.288         1.1087         0.0092
 32  0.388         1.1405        -0.0114
 33  0.488         1.1711         0.0038
 34  0.588         1.2013         0.0292
 35  0.688         1.2314         0.0568
 36  0.788         1.2615         0.0874
 37  0.888         1.2917         0.1196
 38  0.988         1.3225         0.1570
 39  1.088         1.3536         0.1930
 40  1.188         1.3846         0.2228
 41  1.288         1.4157         0.2554
 42  1.388         1.4470         0.2900
 43  1.488         1.4787         0.3254
 44  1.588         1.5102         0.3559
 45  1.688         1.5421         0.3921
 46  1.788         1.5742         0.4262
 47  1.888         1.6065         0.4618
 48  1.988         1.6391         0.4983
 49  2.088         1.6722         0.5377
 50  2.188         1.7061         0.5816
 51  2.288         1.7409         0.6273
 52  2.388         1.7780         0.6917
 53  2.488         1.8178         0.7605
 54  2.588         1.8563         0.7841
 55  2.688         1.8931         0.8037
 56  2.788         1.9282         0.8179
 57  2.888         1.9617         0.8325
 58  2.988         1.9942         0.8523
 59  3.088         2.0268         0.8853
 60  3.188         2.0613         0.9441
 61  3.288         2.1028         1.0631
 62  3.388         2.1682         1.3137
 63  3.488         2.2503         1.4863
 64  3.588         2.3234         1.5139
 65  3.688         2.3930         1.5630
 66  3.788         2.4596         1.6128
 67  3.888         2.5246         1.6678
 68  3.988         2.5877         1.7183
 69  4.088         2.6485         1.7647
 70  4.188         2.7069         1.8063
 71  4.288         2.7648         1.8611
 72  4.388         2.8200         1.8968
 73  4.488         2.8735         1.9381
 74  4.588         2.9251         1.9738
 75  4.688         2.9742         2.0031
 76  4.788         3.0214         2.0345
 77  4.888         3.0670         2.0661
 78  4.988         3.1112         2.0961
 79  5.088         3.1534         2.1200
 80  5.188         3.1932         2.1360
 81  5.288         3.2314         2.1569
 82  5.388         3.2682         2.1783
 83  5.488         3.3035         2.1950
 84  5.588         3.3371         2.2095
 85  5.688         3.3693         2.2235
 86  5.788         3.4002         2.2364
 87  5.888         3.4298         2.2495
 88  5.988         3.4583         2.2610
 89  6.088         3.4857         2.2718
 90  6.188         3.5118         2.2776
 91  6.288         3.5370         2.2877
 92  6.388         3.5611         2.2927
 93  6.488         3.5840         2.2964
 94  6.588         3.6067         2.3133
 95  6.688         3.6286         2.3208
 96  6.788         3.6496         2.3219
 97  6.888         3.6697         2.3268
 98  6.988         3.6895         2.3375
 99  7.088         3.7089         2.3485
100  7.188         3.7277         2.3556
101  7.288         3.7460         2.3618
102  7.388         3.7639         2.3696
103  7.488         3.7815         2.3815
104  7.588         3.7991         2.3975
105  7.688         3.8168         2.4185
106  7.788         3.8350         2.4488
107  7.888         3.8536         2.4750
108  7.988         3.8723         2.4966
109  8.088         3.8911         2.5179
110  8.188         3.9101         2.5428
111  8.288         3.9296         2.5719
112  8.388         3.9497         2.6051
113  8.488         3.9703         2.6360
114  8.588         3.9913         2.6643
115  8.688         4.0127         2.6953
116  8.788         4.0348         2.7310
117  8.888         4.0577         2.7688
118  8.988         4.0814         2.8062
119  9.088         4.1060         2.8466
120  9.188         4.1317         2.8906
121  9.288         4.1585         2.9360
122  9.388         4.1866         2.9841
123  9.488         4.2164         3.0381
124  9.588         4.2474         3.0850
125  9.688         4.2802         3.1418
126  9.788         4.3138         3.1852
127  9.888         4.3458         3.1984
128  9.988         4.3776         3.2254
129 10.088         4.4086         3.2469
130 10.188         4.4387         3.2653
131 10.288         4.4676         3.2755
132 10.388         4.4955         3.2901
133 10.488         4.5227         3.3057
134 10.588         4.5491         3.3198
135 10.688         4.5747         3.3323
136 10.788         4.5995         3.3436
137 10.888         4.6234         3.3524
138 10.988         4.6465         3.3616
139 11.088         4.6689         3.3704
140 11.188         4.6908         3.3806
141 11.288         4.7123         3.3971
142 11.388         4.7335         3.4114
143 11.488         4.7545         3.4287
144 11.588         4.7756         3.4506
145 11.688         4.7967         3.4732
146 11.788         4.8178         3.4934
147 11.888         4.8387         3.5113
148 11.988         4.8594         3.5274
149 12.088         4.8799         3.5448
150 12.188         4.9003         3.5620
151 12.288         4.9206         3.5789
152 12.388         4.9406         3.5952
153 12.488         4.9605         3.6112
154 12.588         4.9803         3.6285
155 12.688         5.0000         3.6472
