#NUMBER OF AGES=15
#----------------------------------------------------       
#MIX-LEN  Y      Z          Zeff        [Fe/H] [a/Fe]       
# 1.9380  0.2456 3.3108E-04 3.3108E-04  -1.70   0.00        
#----------------------------------------------------       
#**PHOTOMETRIC SYSTEM**: SDSS (AB)                          
#----------------------------------------------------       
#AGE= 0.010 BINS=126 Power-law IMF: x=-2.350
# N  sdss_r       Log10(N)       Log10(dN)
  1 -1.738            NaN         0.0000
  2 -1.638            NaN         0.0000
  3 -1.538            NaN         0.0000
  4 -1.438            NaN         0.0000
  5 -1.338            NaN         0.0000
  6 -1.238            NaN         0.0000
  7 -1.138            NaN         0.0000
  8 -1.038            NaN        -0.4085
  9 -0.938            NaN         1.2224
 10 -0.838            NaN         1.1671
 11 -0.738            NaN         0.8761
 12 -0.638            NaN         0.9586
 13 -0.538            NaN         1.3397
 14 -0.438            NaN         1.4331
 15 -0.338            NaN         1.4602
 16 -0.238            NaN         1.4513
 17 -0.138         1.3348         1.4181
 18 -0.038         1.6970         1.4496
 19  0.062         1.8944         1.4570
 20  0.162         2.0293         1.4558
 21  0.262         2.1568         1.5624
 22  0.362         2.2618         1.5938
 23  0.462         2.3468         1.5964
 24  0.562         2.4539         1.7935
 25  0.662         2.5500         1.8478
 26  0.762         2.6363         1.8921
 27  0.862         2.7228         1.9796
 28  0.962         2.8118         2.0796
 29  1.062         2.8986         2.1565
 30  1.162         2.9558         2.0473
 31  1.262         3.0075         2.0576
 32  1.362         3.0550         2.0701
 33  1.462         3.0989         2.0821
 34  1.562         3.1374         2.0657
 35  1.662         3.1716         2.0510
 36  1.762         3.2028         2.0435
 37  1.862         3.2327         2.0559
 38  1.962         3.3934         2.8839
 39  2.062         3.4676         2.6634
 40  2.162         3.5073         2.4483
 41  2.262         3.5345         2.3185
 42  2.362         3.5532         2.1770
 43  2.462         3.5711         2.1781
 44  2.562         3.5884         2.1789
 45  2.662         3.6052         2.1846
 46  2.762         3.6220         2.2008
 47  2.862         3.6386         2.2147
 48  2.962         3.6553         2.2313
 49  3.062         3.6721         2.2518
 50  3.162         3.6892         2.2740
 51  3.262         3.7063         2.2928
 52  3.362         3.7216         2.2633
 53  3.462         3.7344         2.1977
 54  3.562         3.7473         2.2112
 55  3.662         3.7601         2.2249
 56  3.762         3.7730         2.2389
 57  3.862         3.7859         2.2532
 58  3.962         3.7989         2.2678
 59  4.062         3.8119         2.2828
 60  4.162         3.8250         2.2980
 61  4.262         3.8382         2.3136
 62  4.362         3.8515         2.3296
 63  4.462         3.8648         2.3459
 64  4.562         3.8783         2.3625
 65  4.662         3.8918         2.3796
 66  4.762         3.9055         2.3970
 67  4.862         3.9193         2.4148
 68  4.962         3.9333         2.4325
 69  5.062         3.9473         2.4493
 70  5.162         3.9614         2.4650
 71  5.262         3.9755         2.4797
 72  5.362         3.9898         2.5000
 73  5.462         4.0043         2.5228
 74  5.562         4.0183         2.5204
 75  5.662         4.0311         2.4934
 76  5.762         4.0428         2.4659
 77  5.862         4.0538         2.4532
 78  5.962         4.0646         2.4561
 79  6.062         4.0756         2.4739
 80  6.162         4.0868         2.4896
 81  6.262         4.0978         2.4976
 82  6.362         4.1089         2.5090
 83  6.462         4.1200         2.5240
 84  6.562         4.1313         2.5423
 85  6.662         4.1428         2.5600
 86  6.762         4.1544         2.5743
 87  6.862         4.1624         2.4217
 88  6.962         4.1681         2.2872
 89  7.062         4.1739         2.2909
 90  7.162         4.1663         2.2909
 91  7.262         4.1600         2.2909
 92  7.362         4.1710         2.5703
 93  7.462         4.1827         2.6061
 94  7.562         4.1955         2.6595
 95  7.662         4.2098         2.7196
 96  7.762         4.2602         3.2997
 97  7.862         4.3426         3.5803
 98  7.962         4.3979         3.4752
 99  8.062         4.4365         3.3660
100  8.162         4.4682         3.3156
101  8.262         4.4966         3.2983
102  8.362         4.5237         3.3054
103  8.462         4.5507         3.3305
104  8.562         4.5783         3.3680
105  8.662         4.6074         3.4191
106  8.762         4.6371         3.4580
107  8.862         4.6600         3.3706
108  8.962         4.6768         3.2554
109  9.062         4.6917         3.2196
110  9.162         4.7115         3.3600
111  9.262         4.7281         3.3033
112  9.362         4.7472         3.3813
113  9.462         4.7662         3.3975
114  9.562         4.7852         3.4156
115  9.662         4.8042         3.4354
116  9.762         4.8231         3.4537
117  9.862         4.8419         3.4690
118  9.962         4.8605         3.4833
119 10.062         4.8789         3.4966
120 10.162         4.8971         3.5088
121 10.262         4.9149         3.5199
122 10.362         4.9325         3.5297
123 10.462         4.9496         3.5375
124 10.562         4.9665         3.5472
125 10.662         4.9832         3.5610
126 10.762         5.0000         3.5789


#AGE= 0.100 BINS=124 Power-law IMF: x=-2.350
# N  sdss_r       Log10(N)       Log10(dN)
  1 -1.428            NaN         3.5789
  2 -1.328            NaN         3.5789
  3 -1.228            NaN         3.5789
  4 -1.128            NaN         3.5789
  5 -1.028            NaN         3.5789
  6 -0.928            NaN         3.5789
  7 -0.828            NaN         3.5789
  8 -0.728            NaN         3.5789
  9 -0.628            NaN         0.5335
 10 -0.528            NaN         0.6470
 11 -0.428            NaN         0.9672
 12 -0.328            NaN         1.3833
 13 -0.228            NaN         1.4652
 14 -0.128            NaN         1.4571
 15 -0.028            NaN         1.4308
 16  0.072            NaN         1.4465
 17  0.172         1.0455         1.4594
 18  0.272         1.5931         1.4484
 19  0.372         1.8843         1.5731
 20  0.472         2.0266         1.4728
 21  0.572         2.1827         1.6626
 22  0.672         2.3387         1.8184
 23  0.772         2.4536         1.8198
 24  0.872         2.5583         1.8895
 25  0.972         2.6611         1.9847
 26  1.072         2.7581         2.0596
 27  1.172         2.8585         2.1731
 28  1.272         2.9226         2.0600
 29  1.372         2.9794         2.0684
 30  1.472         3.0312         2.0816
 31  1.572         3.0787         2.0939
 32  1.672         3.1202         2.0807
 33  1.772         3.1571         2.0671
 34  1.872         3.1909         2.0664
 35  1.972         3.2251         2.1040
 36  2.072         3.3995         2.9190
 37  2.172         3.4558         2.5404
 38  2.272         3.4971         2.4555
 39  2.372         3.5206         2.2405
 40  2.472         3.5408         2.1996
 41  2.572         3.5595         2.1845
 42  2.672         3.5776         2.1890
 43  2.772         3.5951         2.1898
 44  2.872         3.6124         2.2039
 45  2.972         3.6295         2.2181
 46  3.072         3.6467         2.2338
 47  3.172         3.6639         2.2536
 48  3.272         3.6813         2.2758
 49  3.372         3.6988         2.2946
 50  3.472         3.7142         2.2563
 51  3.572         3.7273         2.2002
 52  3.672         3.7404         2.2135
 53  3.772         3.7535         2.2271
 54  3.872         3.7666         2.2409
 55  3.972         3.7798         2.2550
 56  4.072         3.7930         2.2695
 57  4.172         3.8063         2.2842
 58  4.272         3.8196         2.2992
 59  4.372         3.8329         2.3146
 60  4.472         3.8464         2.3303
 61  4.572         3.8599         2.3463
 62  4.672         3.8735         2.3627
 63  4.772         3.8872         2.3795
 64  4.872         3.9010         2.3966
 65  4.972         3.9150         2.4141
 66  5.072         3.9290         2.4318
 67  5.172         3.9431         2.4487
 68  5.272         3.9573         2.4643
 69  5.372         3.9715         2.4786
 70  5.472         3.9859         2.4975
 71  5.572         4.0005         2.5197
 72  5.672         4.0145         2.5173
 73  5.772         4.0273         2.4908
 74  5.872         4.0390         2.4649
 75  5.972         4.0502         2.4543
 76  6.072         4.0612         2.4598
 77  6.172         4.0724         2.4793
 78  6.272         4.0837         2.4911
 79  6.372         4.0949         2.5002
 80  6.472         4.1061         2.5129
 81  6.572         4.1175         2.5296
 82  6.672         4.1290         2.5484
 83  6.772         4.1407         2.5643
 84  6.872         4.1524         2.5763
 85  6.972         4.1621         2.5088
 86  7.072         4.1675         2.2555
 87  7.172         4.1722         2.2082
 88  7.272         4.1665         2.2082
 89  7.372         4.1635         2.2082
 90  7.472         4.1748         2.5836
 91  7.572         4.1866         2.6161
 92  7.672         4.1996         2.6684
 93  7.772         4.2141         2.7314
 94  7.872         4.2301         2.7879
 95  7.972         4.2884         3.3871
 96  8.072         4.3745         3.6296
 97  8.172         4.4196         3.4135
 98  8.272         4.4526         3.3166
 99  8.372         4.4813         3.2868
100  8.472         4.5090         3.3012
101  8.572         4.5379         3.3454
102  8.672         4.5688         3.4064
103  8.772         4.6024         3.4745
104  8.872         4.6320         3.4498
105  8.972         4.6512         3.2888
106  9.072         4.6665         3.2048
107  9.172         4.6880         3.3728
108  9.272         4.7049         3.2844
109  9.372         4.7248         3.3766
110  9.472         4.7444         3.3899
111  9.572         4.7639         3.4048
112  9.672         4.7832         3.4215
113  9.772         4.8024         3.4398
114  9.872         4.8217         3.4586
115  9.972         4.8407         3.4741
116 10.072         4.8596         3.4883
117 10.172         4.8782         3.5013
118 10.272         4.8966         3.5131
119 10.372         4.9146         3.5236
120 10.472         4.9323         3.5328
121 10.572         4.9495         3.5396
122 10.672         4.9664         3.5482
123 10.772         4.9832         3.5615
124 10.872         5.0000         3.5796


#AGE= 1.000 BINS=131 Power-law IMF: x=-2.350
# N  sdss_r       Log10(N)       Log10(dN)
  1 -1.020         0.1374         0.1374
  2 -0.920         0.4420         0.1444
  3 -0.820         0.6303         0.1766
  4 -0.720         0.7632         0.1842
  5 -0.620         0.8663         0.1913
  6 -0.520         0.9504         0.1960
  7 -0.420         1.0211         0.1978
  8 -0.320         1.0825         0.2027
  9 -0.220         1.1363         0.2027
 10 -0.120         1.1843         0.2039
 11 -0.020         1.2272         0.2002
 12  0.080         1.2659         0.1964
 13  0.180         1.3012         0.1944
 14  0.280         1.3336         0.1905
 15  0.380         1.4562         0.8471
 16  0.480         1.5333         0.7445
 17  0.580         1.5904         0.6810
 18  0.680         1.6138         0.3336
 19  0.780         1.6397         0.4018
 20  0.880         1.6684         0.4739
 21  0.980         1.7006         0.5557
 22  1.080         1.7325         0.5827
 23  1.180         1.7508         0.3646
 24  1.280         1.7535        -0.4477
 25  1.380         1.8988         1.3528
 26  1.480         2.0533         1.5292
 27  1.580         2.1751         1.5636
 28  1.680         2.2789         1.6064
 29  1.780         2.3695         1.6442
 30  1.880         2.4502         1.6796
 31  1.980         2.5388         1.8052
 32  2.080         2.6324         1.9196
 33  2.180         2.7229         1.9974
 34  2.280         2.7952         1.9809
 35  2.380         2.8586         1.9916
 36  2.480         2.9201         2.0406
 37  2.580         2.9799         2.0892
 38  2.680         3.0396         2.1485
 39  2.780         3.0922         2.1496
 40  2.880         3.1401         2.1584
 41  2.980         3.1841         2.1685
 42  3.080         3.2252         2.1807
 43  3.180         3.2638         2.1931
 44  3.280         3.2978         2.1744
 45  3.380         3.3273         2.1449
 46  3.480         3.3548         2.1424
 47  3.580         3.3810         2.1490
 48  3.680         3.4057         2.1480
 49  3.780         3.4296         2.1593
 50  3.880         3.4531         2.1737
 51  3.980         3.4757         2.1820
 52  4.080         3.4976         2.1885
 53  4.180         3.5188         2.1959
 54  4.280         3.5395         2.2093
 55  4.380         3.5601         2.2250
 56  4.480         3.5804         2.2410
 57  4.580         3.6005         2.2546
 58  4.680         3.6199         2.2607
 59  4.780         3.6385         2.2613
 60  4.880         3.6564         2.2615
 61  4.980         3.6738         2.2677
 62  5.080         3.6910         2.2800
 63  5.180         3.7082         2.2985
 64  5.280         3.7257         2.3220
 65  5.380         3.7434         2.3449
 66  5.480         3.7612         2.3651
 67  5.580         3.7790         2.3827
 68  5.680         3.7967         2.3978
 69  5.780         3.8142         2.4103
 70  5.880         3.8314         2.4203
 71  5.980         3.8482         2.4276
 72  6.080         3.8645         2.4321
 73  6.180         3.8803         2.4336
 74  6.280         3.8955         2.4319
 75  6.380         3.9102         2.4327
 76  6.480         3.9246         2.4379
 77  6.580         3.9388         2.4439
 78  6.680         3.9526         2.4507
 79  6.780         3.9662         2.4538
 80  6.880         3.9793         2.4524
 81  6.980         3.9922         2.4566
 82  7.080         4.0050         2.4686
 83  7.180         4.0177         2.4795
 84  7.280         4.0305         2.4941
 85  7.380         4.0432         2.5026
 86  7.480         4.0558         2.5105
 87  7.580         4.0684         2.5248
 88  7.680         4.0813         2.5468
 89  7.780         4.0943         2.5667
 90  7.880         4.1076         2.5861
 91  7.980         4.1210         2.6045
 92  8.080         4.1347         2.6248
 93  8.180         4.1486         2.6491
 94  8.280         4.1637         2.6946
 95  8.380         4.1796         2.7356
 96  8.480         4.1961         2.7676
 97  8.580         4.2147         2.8382
 98  8.680         4.2354         2.9035
 99  8.780         4.2556         2.9118
100  8.880         4.2738         2.8879
101  8.980         4.2953         2.9783
102  9.080         4.3199         3.0611
103  9.180         4.3449         3.0924
104  9.280         4.3688         3.0991
105  9.380         4.3921         3.1083
106  9.480         4.4197         3.2098
107  9.580         4.4474         3.2386
108  9.680         4.4754         3.2706
109  9.780         4.5039         3.3069
110  9.880         4.5326         3.3391
111  9.980         4.5612         3.3641
112 10.080         4.5890         3.3816
113 10.180         4.6164         3.4026
114 10.280         4.6435         3.4260
115 10.380         4.6702         3.4460
116 10.480         4.6964         3.4627
117 10.580         4.7217         3.4757
118 10.680         4.7462         3.4851
119 10.780         4.7701         3.4981
120 10.880         4.7934         3.5127
121 10.980         4.8161         3.5232
122 11.080         4.8381         3.5298
123 11.180         4.8590         3.5323
124 11.280         4.8790         3.5311
125 11.380         4.8981         3.5316
126 11.480         4.9164         3.5336
127 11.580         4.9342         3.5369
128 11.680         4.9514         3.5407
129 11.780         4.9679         3.5384
130 11.880         4.9839         3.5437
131 11.980         5.0000         3.5609


#AGE= 2.000 BINS=152 Power-law IMF: x=-2.350
# N  sdss_r       Log10(N)       Log10(dN)
  1 -2.785        -0.4724        -0.4724
  2 -2.685        -0.1637        -0.4572
  3 -2.585         0.0248        -0.4287
  4 -2.485         0.1615        -0.4070
  5 -2.385         0.2635        -0.4159
  6 -2.285         0.3510        -0.3874
  7 -2.185         0.4334        -0.3291
  8 -2.085         0.5066        -0.3025
  9 -1.985         0.5740        -0.2685
 10 -1.885         0.6356        -0.2431
 11 -1.785         0.6922        -0.2211
 12 -1.685         0.7430        -0.2138
 13 -1.585         0.8642         0.2508
 14 -1.485         0.9086        -0.1038
 15 -1.385         0.9494        -0.0981
 16 -1.285         0.9871        -0.0933
 17 -1.185         1.1048         0.4802
 18 -1.085         1.1382         0.0081
 19 -0.985         1.1698         0.0153
 20 -0.885         1.2001         0.0285
 21 -0.785         1.2266        -0.0008
 22 -0.685         1.2556         0.0658
 23 -0.585         1.2858         0.1134
 24 -0.485         1.3160         0.1434
 25 -0.385         1.3461         0.1716
 26 -0.285         1.3761         0.2000
 27 -0.185         1.4059         0.2282
 28 -0.085         1.4353         0.2511
 29  0.015         1.4649         0.2834
 30  0.115         1.4946         0.3143
 31  0.215         1.5244         0.3468
 32  0.315         1.5545         0.3799
 33  0.415         1.5853         0.4204
 34  0.515         1.6155         0.4434
 35  0.615         1.6457         0.4724
 36  0.715         1.6759         0.5032
 37  0.815         1.7051         0.5185
 38  0.915         1.7343         0.5477
 39  1.015         1.7626         0.5621
 40  1.115         1.7915         0.6003
 41  1.215         1.9047         1.2653
 42  1.315         1.9865         1.2215
 43  1.415         2.0156         0.8270
 44  1.515         2.0457         0.8707
 45  1.615         2.0808         0.9716
 46  1.715         2.1225         1.0838
 47  1.815         2.1722         1.2065
 48  1.915         2.2295         1.3213
 49  2.015         2.2933         1.4292
 50  2.115         2.3623         1.5291
 51  2.215         2.4333         1.6116
 52  2.315         2.5047         1.6854
 53  2.415         2.5781         1.7700
 54  2.515         2.6506         1.8374
 55  2.615         2.7215         1.8991
 56  2.715         2.7890         1.9477
 57  2.815         2.8517         1.9803
 58  2.915         2.9091         2.0013
 59  3.015         2.9618         2.0198
 60  3.115         3.0091         2.0235
 61  3.215         3.0514         2.0183
 62  3.315         3.0896         2.0155
 63  3.415         3.1257         2.0265
 64  3.515         3.1598         2.0387
 65  3.615         3.1921         2.0466
 66  3.715         3.2232         2.0637
 67  3.815         3.2535         2.0815
 68  3.915         3.2826         2.0945
 69  4.015         3.3103         2.1008
 70  4.115         3.3369         2.1119
 71  4.215         3.3631         2.1303
 72  4.315         3.3890         2.1516
 73  4.415         3.4144         2.1689
 74  4.515         3.4391         2.1809
 75  4.615         3.4627         2.1858
 76  4.715         3.4854         2.1930
 77  4.815         3.5080         2.2128
 78  4.915         3.5306         2.2359
 79  5.015         3.5532         2.2585
 80  5.115         3.5755         2.2741
 81  5.215         3.5968         2.2763
 82  5.315         3.6173         2.2813
 83  5.415         3.6372         2.2891
 84  5.515         3.6567         2.3000
 85  5.615         3.6760         2.3133
 86  5.715         3.6949         2.3252
 87  5.815         3.7135         2.3352
 88  5.915         3.7317         2.3437
 89  6.015         3.7494         2.3523
 90  6.115         3.7668         2.3608
 91  6.215         3.7838         2.3686
 92  6.315         3.8005         2.3767
 93  6.415         3.8168         2.3832
 94  6.515         3.8328         2.3895
 95  6.615         3.8483         2.3948
 96  6.715         3.8634         2.3976
 97  6.815         3.8782         2.4011
 98  6.915         3.8925         2.4040
 99  7.015         3.9065         2.4072
100  7.115         3.9205         2.4229
101  7.215         3.9346         2.4378
102  7.315         3.9485         2.4477
103  7.415         3.9622         2.4543
104  7.515         3.9758         2.4633
105  7.615         3.9895         2.4833
106  7.715         4.0035         2.5047
107  7.815         4.0176         2.5226
108  7.915         4.0321         2.5465
109  8.015         4.0467         2.5680
110  8.115         4.0613         2.5811
111  8.215         4.0777         2.6460
112  8.315         4.0970         2.7343
113  8.415         4.1178         2.7890
114  8.515         4.1389         2.8143
115  8.615         4.1588         2.8090
116  8.715         4.1759         2.7645
117  8.815         4.1949         2.8245
118  8.915         4.2155         2.8813
119  9.015         4.2398         2.9764
120  9.115         4.2661         3.0348
121  9.215         4.2921         3.0562
122  9.315         4.3186         3.0917
123  9.415         4.3466         3.1411
124  9.515         4.3743         3.1648
125  9.615         4.4020         3.1939
126  9.715         4.4304         3.2309
127  9.815         4.4591         3.2649
128  9.915         4.4873         3.2866
129 10.015         4.5153         3.3108
130 10.115         4.5429         3.3327
131 10.215         4.5701         3.3524
132 10.315         4.5970         3.3755
133 10.415         4.6235         3.3965
134 10.515         4.6495         3.4140
135 10.615         4.6749         3.4279
136 10.715         4.6993         3.4382
137 10.815         4.7233         3.4530
138 10.915         4.7468         3.4678
139 11.015         4.7695         3.4780
140 11.115         4.7915         3.4836
141 11.215         4.8124         3.4843
142 11.315         4.8322         3.4826
143 11.415         4.8513         3.4837
144 11.515         4.8696         3.4862
145 11.615         4.8874         3.4900
146 11.715         4.9046         3.4933
147 11.815         4.9211         3.4941
148 11.915         4.9373         3.5000
149 12.015         4.9533         3.5114
150 12.115         4.9690         3.5197
151 12.215         4.9845         3.5296
152 12.315         5.0000         3.5451


#AGE= 3.000 BINS=152 Power-law IMF: x=-2.350
# N  sdss_r       Log10(N)       Log10(dN)
  1 -2.852        -0.5734        -0.5734
  2 -2.752        -0.2661        -0.5610
  3 -2.652        -0.0758        -0.5258
  4 -2.552         0.0611        -0.5070
  5 -2.452         0.1697        -0.4854
  6 -2.352         0.2622        -0.4549
  7 -2.252         0.3428        -0.4283
  8 -2.152         0.4142        -0.4052
  9 -2.052         0.4798        -0.3731
 10 -1.952         0.5385        -0.3596
 11 -1.852         0.5898        -0.3634
 12 -1.752         0.6415        -0.3088
 13 -1.652         0.6916        -0.2707
 14 -1.552         0.7380        -0.2562
 15 -1.452         0.7883        -0.1734
 16 -1.352         0.8854         0.1876
 17 -1.252         0.9265        -0.1184
 18 -1.152         0.9645        -0.1126
 19 -1.052         1.0269         0.1536
 20 -0.952         1.1106         0.3543
 21 -0.852         1.1423        -0.0099
 22 -0.752         1.1729         0.0053
 23 -0.652         1.2001        -0.0162
 24 -0.552         1.2274         0.0117
 25 -0.452         1.2566         0.0698
 26 -0.352         1.2864         0.1076
 27 -0.252         1.3164         0.1413
 28 -0.152         1.3464         0.1705
 29 -0.052         1.3762         0.1981
 30  0.048         1.4061         0.2293
 31  0.148         1.4359         0.2569
 32  0.248         1.4656         0.2860
 33  0.348         1.4953         0.3154
 34  0.448         1.5252         0.3488
 35  0.548         1.5559         0.3901
 36  0.648         1.5868         0.4228
 37  0.748         1.6185         0.4660
 38  0.848         1.6502         0.4988
 39  0.948         1.6814         0.5216
 40  1.048         1.7130         0.5597
 41  1.148         1.7458         0.6068
 42  1.248         1.7775         0.6253
 43  1.348         1.8077         0.6344
 44  1.448         1.8372         0.6547
 45  1.548         1.8713         0.7496
 46  1.648         2.0238         1.4953
 47  1.748         2.0665         1.0378
 48  1.848         2.1092         1.0810
 49  1.948         2.1567         1.1719
 50  2.048         2.2077         1.2525
 51  2.148         2.2635         1.3446
 52  2.248         2.3246         1.4423
 53  2.348         2.3899         1.5351
 54  2.448         2.4579         1.6193
 55  2.548         2.5274         1.6968
 56  2.648         2.5973         1.7700
 57  2.748         2.6660         1.8309
 58  2.848         2.7322         1.8824
 59  2.948         2.7930         1.9097
 60  3.048         2.8483         1.9254
 61  3.148         2.8989         1.9400
 62  3.248         2.9448         1.9464
 63  3.348         2.9874         1.9584
 64  3.448         3.0277         1.9748
 65  3.548         3.0664         1.9974
 66  3.648         3.1034         2.0147
 67  3.748         3.1391         2.0367
 68  3.848         3.1734         2.0533
 69  3.948         3.2060         2.0663
 70  4.048         3.2379         2.0881
 71  4.148         3.2695         2.1147
 72  4.248         3.3004         2.1380
 73  4.348         3.3302         2.1522
 74  4.448         3.3586         2.1595
 75  4.548         3.3857         2.1680
 76  4.648         3.4120         2.1803
 77  4.748         3.4380         2.2022
 78  4.848         3.4638         2.2256
 79  4.948         3.4893         2.2456
 80  5.048         3.5143         2.2616
 81  5.148         3.5381         2.2648
 82  5.248         3.5609         2.2698
 83  5.348         3.5831         2.2812
 84  5.448         3.6050         2.2957
 85  5.548         3.6264         2.3085
 86  5.648         3.6474         2.3204
 87  5.748         3.6679         2.3318
 88  5.848         3.6879         2.3426
 89  5.948         3.7076         2.3534
 90  6.048         3.7267         2.3620
 91  6.148         3.7455         2.3704
 92  6.248         3.7637         2.3784
 93  6.348         3.7816         2.3864
 94  6.448         3.7990         2.3931
 95  6.548         3.8160         2.3999
 96  6.648         3.8324         2.4038
 97  6.748         3.8485         2.4074
 98  6.848         3.8640         2.4105
 99  6.948         3.8791         2.4125
100  7.048         3.8941         2.4253
101  7.148         3.9091         2.4393
102  7.248         3.9240         2.4518
103  7.348         3.9387         2.4597
104  7.448         3.9530         2.4658
105  7.548         3.9675         2.4816
106  7.648         3.9821         2.5034
107  7.748         3.9970         2.5226
108  7.848         4.0119         2.5416
109  7.948         4.0271         2.5646
110  8.048         4.0438         2.6204
111  8.148         4.0626         2.6885
112  8.248         4.0827         2.7390
113  8.348         4.1035         2.7731
114  8.448         4.1242         2.7906
115  8.548         4.1438         2.7885
116  8.648         4.1622         2.7822
117  8.748         4.1805         2.7947
118  8.848         4.2008         2.8597
119  8.948         4.2243         2.9475
120  9.048         4.2505         3.0171
121  9.148         4.2773         3.0539
122  9.248         4.3071         3.1297
123  9.348         4.3349         3.1266
124  9.448         4.3636         3.1690
125  9.548         4.3920         3.1934
126  9.648         4.4207         3.2271
127  9.748         4.4496         3.2583
128  9.848         4.4784         3.2850
129  9.948         4.5066         3.3051
130 10.048         4.5341         3.3223
131 10.148         4.5611         3.3422
132 10.248         4.5879         3.3648
133 10.348         4.6145         3.3881
134 10.448         4.6407         3.4080
135 10.548         4.6663         3.4244
136 10.648         4.6913         3.4381
137 10.748         4.7159         3.4571
138 10.848         4.7400         3.4730
139 10.948         4.7635         3.4839
140 11.048         4.7860         3.4894
141 11.148         4.8074         3.4901
142 11.248         4.8280         3.4936
143 11.348         4.8478         3.4977
144 11.448         4.8670         3.5008
145 11.548         4.8853         3.5030
146 11.648         4.9030         3.5022
147 11.748         4.9199         3.5024
148 11.848         4.9364         3.5082
149 11.948         4.9527         3.5189
150 12.048         4.9686         3.5250
151 12.148         4.9843         3.5342
152 12.248         5.0000         3.5501


#AGE= 4.000 BINS=153 Power-law IMF: x=-2.350
# N  sdss_r       Log10(N)       Log10(dN)
  1 -2.860        -0.6583        -0.6583
  2 -2.760        -0.3509        -0.6457
  3 -2.659        -0.1652        -0.6235
  4 -2.559        -0.0281        -0.5958
  5 -2.460         0.0795        -0.5789
  6 -2.360         0.1714        -0.5480
  7 -2.260         0.2512        -0.5242
  8 -2.159         0.3233        -0.4917
  9 -2.059         0.3892        -0.4628
 10 -1.960         0.4493        -0.4389
 11 -1.860         0.5064        -0.4033
 12 -1.760         0.5564        -0.4067
 13 -1.659         0.6027        -0.3924
 14 -1.559         0.6504        -0.3323
 15 -1.460         0.6960        -0.3056
 16 -1.360         0.7387        -0.2897
 17 -1.260         0.8272         0.0928
 18 -1.159         0.8728        -0.1284
 19 -1.059         0.9112        -0.1614
 20 -0.960         0.9478        -0.1452
 21 -0.860         1.0521         0.3817
 22 -0.760         1.0863        -0.0354
 23 -0.659         1.1176        -0.0391
 24 -0.559         1.1470        -0.0378
 25 -0.460         1.1742        -0.0422
 26 -0.360         1.2026         0.0043
 27 -0.260         1.2327         0.0578
 28 -0.159         1.2629         0.0900
 29 -0.059         1.2931         0.1206
 30  0.040         1.3234         0.1526
 31  0.140         1.3538         0.1836
 32  0.240         1.3838         0.2082
 33  0.341         1.4140         0.2410
 34  0.441         1.4442         0.2711
 35  0.540         1.4744         0.3024
 36  0.640         1.5048         0.3337
 37  0.740         1.5358         0.3740
 38  0.841         1.5668         0.4061
 39  0.941         1.5989         0.4517
 40  1.040         1.6312         0.4864
 41  1.140         1.6637         0.5215
 42  1.240         1.6969         0.5642
 43  1.341         1.7307         0.6052
 44  1.441         1.7630         0.6172
 45  1.540         1.7938         0.6292
 46  1.640         1.8237         0.6467
 47  1.740         1.8539         0.6819
 48  1.841         1.8914         0.8094
 49  1.941         2.0299         1.4662
 50  2.040         2.0800         1.1171
 51  2.140         2.1317         1.1821
 52  2.240         2.1885         1.2764
 53  2.341         2.2479         1.3547
 54  2.441         2.3107         1.4402
 55  2.540         2.3763         1.5225
 56  2.640         2.4427         1.5944
 57  2.740         2.5092         1.6618
 58  2.841         2.5750         1.7227
 59  2.941         2.6392         1.7771
 60  3.040         2.7015         1.8279
 61  3.140         2.7588         1.8504
 62  3.241         2.8107         1.8623
 63  3.341         2.8591         1.8827
 64  3.441         2.9055         1.9107
 65  3.540         2.9489         1.9271
 66  3.640         2.9897         1.9427
 67  3.741         3.0297         1.9736
 68  3.841         3.0682         1.9976
 69  3.941         3.1059         2.0248
 70  4.040         3.1427         2.0528
 71  4.140         3.1785         2.0769
 72  4.241         3.2130         2.0958
 73  4.341         3.2457         2.1069
 74  4.441         3.2770         2.1191
 75  4.540         3.3072         2.1342
 76  4.641         3.3368         2.1553
 77  4.740         3.3660         2.1796
 78  4.841         3.3946         2.1981
 79  4.941         3.4223         2.2140
 80  5.040         3.4491         2.2260
 81  5.141         3.4747         2.2320
 82  5.240         3.4993         2.2414
 83  5.341         3.5235         2.2560
 84  5.441         3.5471         2.2718
 85  5.540         3.5702         2.2848
 86  5.641         3.5928         2.2966
 87  5.740         3.6148         2.3091
 88  5.841         3.6364         2.3214
 89  5.941         3.6574         2.3315
 90  6.040         3.6779         2.3415
 91  6.141         3.6979         2.3509
 92  6.240         3.7173         2.3594
 93  6.341         3.7363         2.3672
 94  6.441         3.7548         2.3747
 95  6.540         3.7728         2.3815
 96  6.641         3.7903         2.3875
 97  6.740         3.8073         2.3899
 98  6.841         3.8237         2.3937
 99  6.941         3.8397         2.3971
100  7.040         3.8554         2.4078
101  7.141         3.8713         2.4259
102  7.240         3.8869         2.4355
103  7.341         3.9023         2.4423
104  7.441         3.9173         2.4495
105  7.540         3.9325         2.4677
106  7.641         3.9479         2.4896
107  7.740         3.9634         2.5082
108  7.841         3.9789         2.5258
109  7.941         3.9947         2.5462
110  8.041         4.0116         2.5936
111  8.140         4.0308         2.6665
112  8.241         4.0517         2.7232
113  8.341         4.0734         2.7620
114  8.441         4.0951         2.7834
115  8.540         4.1159         2.7847
116  8.640         4.1353         2.7756
117  8.741         4.1541         2.7820
118  8.841         4.1749         2.8439
119  8.941         4.1958         2.8687
120  9.040         4.2149         2.8476
121  9.140         4.2376         2.9446
122  9.241         4.2849         3.2986
123  9.341         4.3145         3.1333
124  9.441         4.3443         3.1657
125  9.540         4.3736         3.1889
126  9.640         4.4031         3.2196
127  9.741         4.4324         3.2479
128  9.841         4.4614         3.2707
129  9.941         4.4896         3.2883
130 10.040         4.5171         3.3052
131 10.140         4.5442         3.3263
132 10.241         4.5710         3.3474
133 10.341         4.5973         3.3671
134 10.441         4.6233         3.3868
135 10.540         4.6490         3.4079
136 10.640         4.6741         3.4251
137 10.741         4.6986         3.4379
138 10.841         4.7225         3.4504
139 10.941         4.7459         3.4664
140 11.040         4.7687         3.4773
141 11.140         4.7906         3.4827
142 11.241         4.8115         3.4827
143 11.341         4.8314         3.4816
144 11.441         4.8504         3.4833
145 11.540         4.8688         3.4863
146 11.641         4.8866         3.4909
147 11.741         4.9038         3.4931
148 11.841         4.9204         3.4950
149 11.941         4.9367         3.5024
150 12.040         4.9529         3.5146
151 12.141         4.9687         3.5227
152 12.241         4.9843         3.5334
153 12.341         5.0000         3.5490


#AGE= 5.000 BINS=153 Power-law IMF: x=-2.350
# N  sdss_r       Log10(N)       Log10(dN)
  1 -2.863        -0.7386        -0.7386
  2 -2.763        -0.4200        -0.7041
  3 -2.663        -0.2264        -0.6704
  4 -2.563        -0.0907        -0.6619
  5 -2.463         0.0198        -0.6289
  6 -2.363         0.1122        -0.6051
  7 -2.263         0.1940        -0.5717
  8 -2.163         0.2655        -0.5529
  9 -2.063         0.3302        -0.5288
 10 -1.963         0.3910        -0.4928
 11 -1.863         0.4468        -0.4721
 12 -1.763         0.4998        -0.4402
 13 -1.663         0.5484        -0.4269
 14 -1.563         0.5933        -0.4139
 15 -1.463         0.6388        -0.3641
 16 -1.363         0.6826        -0.3351
 17 -1.263         0.7236        -0.3223
 18 -1.163         0.8058         0.0429
 19 -1.063         0.8504        -0.1611
 20 -0.963         0.8885        -0.1873
 21 -0.863         0.9232        -0.1912
 22 -0.763         1.0241         0.3409
 23 -0.663         1.0593        -0.0502
 24 -0.563         1.0910        -0.0606
 25 -0.463         1.1217        -0.0451
 26 -0.363         1.1494        -0.0587
 27 -0.263         1.1779        -0.0194
 28 -0.163         1.2081         0.0349
 29 -0.063         1.2387         0.0720
 30  0.037         1.2694         0.1036
 31  0.137         1.3002         0.1349
 32  0.237         1.3308         0.1632
 33  0.337         1.3613         0.1936
 34  0.437         1.3920         0.2251
 35  0.537         1.4225         0.2544
 36  0.637         1.4531         0.2865
 37  0.737         1.4840         0.3195
 38  0.837         1.5148         0.3512
 39  0.937         1.5461         0.3873
 40  1.037         1.5780         0.4282
 41  1.137         1.6107         0.4722
 42  1.237         1.6436         0.5061
 43  1.337         1.6768         0.5439
 44  1.437         1.7114         0.5951
 45  1.537         1.7453         0.6210
 46  1.637         1.7775         0.6321
 47  1.737         1.8084         0.6454
 48  1.837         1.8387         0.6668
 49  1.937         1.8695         0.7048
 50  2.037         1.9072         0.8266
 51  2.137         2.0239         1.3963
 52  2.237         2.0794         1.1585
 53  2.337         2.1347         1.2118
 54  2.437         2.1933         1.2946
 55  2.537         2.2553         1.3794
 56  2.637         2.3202         1.4628
 57  2.737         2.3863         1.5357
 58  2.837         2.4519         1.5989
 59  2.937         2.5164         1.6561
 60  3.037         2.5791         1.7080
 61  3.137         2.6404         1.7594
 62  3.237         2.7006         1.8130
 63  3.337         2.7571         1.8432
 64  3.437         2.8088         1.8592
 65  3.537         2.8572         1.8803
 66  3.637         2.9041         1.9140
 67  3.737         2.9494         1.9456
 68  3.837         2.9927         1.9694
 69  3.937         3.0343         1.9950
 70  4.037         3.0743         2.0190
 71  4.137         3.1126         2.0395
 72  4.237         3.1495         2.0594
 73  4.337         3.1849         2.0786
 74  4.437         3.2190         2.0975
 75  4.537         3.2523         2.1205
 76  4.637         3.2850         2.1452
 77  4.737         3.3167         2.1650
 78  4.837         3.3473         2.1791
 79  4.937         3.3768         2.1938
 80  5.037         3.4052         2.2068
 81  5.137         3.4324         2.2162
 82  5.237         3.4588         2.2299
 83  5.337         3.4847         2.2469
 84  5.437         3.5099         2.2614
 85  5.537         3.5346         2.2759
 86  5.637         3.5585         2.2881
 87  5.737         3.5819         2.3012
 88  5.837         3.6047         2.3142
 89  5.937         3.6270         2.3257
 90  6.037         3.6486         2.3356
 91  6.137         3.6697         2.3455
 92  6.237         3.6903         2.3548
 93  6.337         3.7102         2.3634
 94  6.437         3.7297         2.3712
 95  6.537         3.7486         2.3781
 96  6.637         3.7670         2.3842
 97  6.737         3.7847         2.3870
 98  6.837         3.8019         2.3915
 99  6.937         3.8187         2.3958
100  7.037         3.8352         2.4090
101  7.137         3.8518         2.4242
102  7.237         3.8681         2.4335
103  7.337         3.8840         2.4399
104  7.437         3.8996         2.4492
105  7.537         3.9155         2.4695
106  7.637         3.9315         2.4896
107  7.737         3.9475         2.5071
108  7.837         3.9637         2.5272
109  7.937         3.9802         2.5525
110  8.037         3.9966         2.5651
111  8.137         4.0140         2.6076
112  8.237         4.0345         2.6977
113  8.337         4.0572         2.7640
114  8.437         4.0808         2.8042
115  8.537         4.1039         2.8185
116  8.637         4.1250         2.8016
117  8.737         4.1449         2.7949
118  8.837         4.1661         2.8448
119  8.937         4.1873         2.8660
120  9.037         4.2092         2.9000
121  9.137         4.2390         3.0608
122  9.237         4.2793         3.2270
123  9.337         4.3100         3.1442
124  9.437         4.3406         3.1734
125  9.537         4.3712         3.2036
126  9.637         4.4013         3.2274
127  9.737         4.4310         3.2513
128  9.837         4.4602         3.2734
129  9.937         4.4889         3.2937
130 10.037         4.5167         3.3096
131 10.137         4.5438         3.3263
132 10.237         4.5705         3.3458
133 10.337         4.5967         3.3645
134 10.437         4.6225         3.3832
135 10.537         4.6480         3.4035
136 10.637         4.6731         3.4233
137 10.737         4.6977         3.4381
138 10.837         4.7216         3.4495
139 10.937         4.7450         3.4652
140 11.037         4.7678         3.4768
141 11.137         4.7898         3.4827
142 11.237         4.8107         3.4828
143 11.337         4.8306         3.4826
144 11.437         4.8498         3.4846
145 11.537         4.8682         3.4879
146 11.637         4.8861         3.4925
147 11.737         4.9034         3.4939
148 11.837         4.9201         3.4964
149 11.937         4.9364         3.5043
150 12.037         4.9527         3.5165
151 12.137         4.9686         3.5244
152 12.237         4.9843         3.5351
153 12.337         5.0000         3.5508


#AGE= 6.000 BINS=153 Power-law IMF: x=-2.350
# N  sdss_r       Log10(N)       Log10(dN)
  1 -2.930        -0.7800        -0.7800
  2 -2.830        -0.4686        -0.7594
  3 -2.730        -0.2885        -0.7579
  4 -2.630        -0.1460        -0.6992
  5 -2.530        -0.0364        -0.6878
  6 -2.430         0.0558        -0.6625
  7 -2.330         0.1354        -0.6409
  8 -2.230         0.2068        -0.6122
  9 -2.130         0.2731        -0.5758
 10 -2.030         0.3323        -0.5631
 11 -1.930         0.3892        -0.5210
 12 -1.830         0.4417        -0.5023
 13 -1.730         0.4917        -0.4717
 14 -1.630         0.5393        -0.4448
 15 -1.530         0.5836        -0.4291
 16 -1.430         0.6258        -0.4076
 17 -1.330         0.6679        -0.3663
 18 -1.230         0.7080        -0.3471
 19 -1.130         0.7673        -0.1264
 20 -1.030         0.8268        -0.0661
 21 -0.930         0.8660        -0.1978
 22 -0.830         0.9021        -0.1961
 23 -0.730         0.9399        -0.1390
 24 -0.630         1.0316         0.3111
 25 -0.530         1.0648        -0.0682
 26 -0.430         1.0965        -0.0560
 27 -0.330         1.1261        -0.0560
 28 -0.230         1.1541        -0.0499
 29 -0.130         1.1834        -0.0028
 30 -0.030         1.2138         0.0444
 31  0.070         1.2447         0.0809
 32  0.170         1.2757         0.1144
 33  0.270         1.3067         0.1443
 34  0.370         1.3374         0.1725
 35  0.470         1.3682         0.2026
 36  0.570         1.3992         0.2374
 37  0.670         1.4302         0.2686
 38  0.770         1.4611         0.2984
 39  0.870         1.4921         0.3298
 40  0.970         1.5233         0.3646
 41  1.070         1.5549         0.4003
 42  1.170         1.5871         0.4420
 43  1.270         1.6201         0.4838
 44  1.370         1.6534         0.5222
 45  1.470         1.6871         0.5600
 46  1.570         1.7222         0.6124
 47  1.670         1.7566         0.6384
 48  1.770         1.7893         0.6493
 49  1.870         1.8206         0.6636
 50  1.970         1.8512         0.6842
 51  2.070         1.8816         0.7115
 52  2.170         1.9157         0.7933
 53  2.270         1.9896         1.1841
 54  2.370         2.0707         1.3022
 55  2.470         2.1252         1.1962
 56  2.570         2.1839         1.2857
 57  2.670         2.2457         1.3689
 58  2.770         2.3104         1.4512
 59  2.870         2.3761         1.5239
 60  2.970         2.4420         1.5904
 61  3.070         2.5073         1.6523
 62  3.170         2.5717         1.7106
 63  3.270         2.6344         1.7632
 64  3.370         2.6961         1.8184
 65  3.470         2.7550         1.8578
 66  3.570         2.8099         1.8845
 67  3.670         2.8610         1.9065
 68  3.770         2.9088         1.9264
 69  3.870         2.9540         1.9489
 70  3.970         2.9972         1.9740
 71  4.070         3.0387         1.9984
 72  4.170         3.0786         2.0222
 73  4.270         3.1172         2.0464
 74  4.370         3.1547         2.0723
 75  4.470         3.1913         2.0991
 76  4.570         3.2269         2.1228
 77  4.670         3.2613         2.1424
 78  4.770         3.2942         2.1572
 79  4.870         3.3258         2.1726
 80  4.970         3.3565         2.1902
 81  5.070         3.3860         2.2037
 82  5.170         3.4145         2.2178
 83  5.270         3.4424         2.2354
 84  5.370         3.4695         2.2513
 85  5.470         3.4959         2.2674
 86  5.570         3.5216         2.2812
 87  5.670         3.5466         2.2944
 88  5.770         3.5710         2.3083
 89  5.870         3.5948         2.3211
 90  5.970         3.6179         2.3325
 91  6.070         3.6404         2.3439
 92  6.170         3.6623         2.3536
 93  6.270         3.6836         2.3629
 94  6.370         3.7043         2.3720
 95  6.470         3.7244         2.3804
 96  6.570         3.7439         2.3871
 97  6.670         3.7628         2.3918
 98  6.770         3.7811         2.3957
 99  6.870         3.7988         2.4008
100  6.970         3.8162         2.4101
101  7.070         3.8334         2.4227
102  7.170         3.8504         2.4357
103  7.270         3.8671         2.4435
104  7.370         3.8834         2.4503
105  7.470         3.8998         2.4668
106  7.570         3.9162         2.4871
107  7.670         3.9328         2.5051
108  7.770         3.9494         2.5247
109  7.870         3.9662         2.5458
110  7.970         3.9831         2.5639
111  8.070         4.0004         2.5926
112  8.170         4.0186         2.6319
113  8.270         4.0386         2.6910
114  8.370         4.0616         2.7735
115  8.470         4.0861         2.8267
116  8.570         4.1106         2.8488
117  8.670         4.1330         2.8356
118  8.770         4.1542         2.8316
119  8.870         4.1768         2.8820
120  8.970         4.2014         2.9415
121  9.070         4.2261         2.9695
122  9.170         4.2598         3.1319
123  9.270         4.2951         3.1882
124  9.370         4.3275         3.1842
125  9.470         4.3587         3.1993
126  9.570         4.3898         3.2300
127  9.670         4.4206         3.2551
128  9.770         4.4506         3.2750
129  9.870         4.4798         3.2934
130  9.970         4.5082         3.3103
131 10.070         4.5361         3.3286
132 10.170         4.5632         3.3465
133 10.270         4.5898         3.3632
134 10.370         4.6158         3.3797
135 10.470         4.6413         3.3982
136 10.570         4.6666         3.4187
137 10.670         4.6915         3.4368
138 10.770         4.7157         3.4504
139 10.870         4.7395         3.4664
140 10.970         4.7628         3.4802
141 11.070         4.7852         3.4876
142 11.170         4.8067         3.4891
143 11.270         4.8272         3.4922
144 11.370         4.8470         3.4960
145 11.470         4.8661         3.4994
146 11.570         4.8845         3.5021
147 11.670         4.9021         3.5015
148 11.770         4.9191         3.5037
149 11.870         4.9358         3.5113
150 11.970         4.9522         3.5223
151 12.070         4.9683         3.5284
152 12.170         4.9841         3.5385
153 12.270         5.0000         3.5546


#AGE= 7.000 BINS=152 Power-law IMF: x=-2.350
# N  sdss_r       Log10(N)       Log10(dN)
  1 -2.942        -0.9002        -0.9002
  2 -2.842        -0.5234        -0.7599
  3 -2.742        -0.3274        -0.7674
  4 -2.642        -0.1844        -0.7364
  5 -2.542        -0.0704        -0.7069
  6 -2.442         0.0253        -0.6788
  7 -2.342         0.1075        -0.6558
  8 -2.242         0.1822        -0.6189
  9 -2.142         0.2458        -0.6202
 10 -2.042         0.3071        -0.5732
 11 -1.942         0.3634        -0.5514
 12 -1.842         0.4174        -0.5147
 13 -1.742         0.4681        -0.4900
 14 -1.642         0.5163        -0.4625
 15 -1.542         0.5608        -0.4507
 16 -1.442         0.6040        -0.4201
 17 -1.342         0.6465        -0.3833
 18 -1.242         0.6882        -0.3503
 19 -1.142         0.7277        -0.3335
 20 -1.042         0.7958        -0.0425
 21 -0.942         0.8417        -0.1564
 22 -0.842         0.8794        -0.2011
 23 -0.742         0.9145        -0.1951
 24 -0.642         0.9953         0.2251
 25 -0.542         1.0413         0.0430
 26 -0.442         1.0746        -0.0566
 27 -0.342         1.1067        -0.0405
 28 -0.242         1.1372        -0.0324
 29 -0.142         1.1654        -0.0353
 30 -0.042         1.1955         0.0206
 31  0.058         1.2265         0.0645
 32  0.158         1.2576         0.0978
 33  0.258         1.2888         0.1298
 34  0.358         1.3202         0.1639
 35  0.458         1.3516         0.1944
 36  0.558         1.3828         0.2236
 37  0.658         1.4141         0.2562
 38  0.758         1.4457         0.2929
 39  0.858         1.4772         0.3218
 40  0.958         1.5088         0.3547
 41  1.058         1.5404         0.3868
 42  1.158         1.5725         0.4249
 43  1.258         1.6048         0.4608
 44  1.358         1.6381         0.5059
 45  1.458         1.6723         0.5510
 46  1.558         1.7067         0.5890
 47  1.658         1.7425         0.6411
 48  1.758         1.7783         0.6756
 49  1.858         1.8122         0.6886
 50  1.958         1.8448         0.7039
 51  2.058         1.8762         0.7196
 52  2.158         1.9068         0.7396
 53  2.258         1.9384         0.7850
 54  2.358         1.9775         0.9117
 55  2.458         2.0683         1.3439
 56  2.558         2.1300         1.2523
 57  2.658         2.1872         1.2783
 58  2.758         2.2493         1.3737
 59  2.858         2.3138         1.4543
 60  2.958         2.3799         1.5296
 61  3.058         2.4462         1.5969
 62  3.158         2.5116         1.6575
 63  3.258         2.5758         1.7135
 64  3.358         2.6380         1.7630
 65  3.458         2.6988         1.8150
 66  3.558         2.7571         1.8561
 67  3.658         2.8117         1.8847
 68  3.758         2.8627         1.9067
 69  3.858         2.9108         1.9312
 70  3.958         2.9567         1.9584
 71  4.058         3.0004         1.9812
 72  4.158         3.0424         2.0073
 73  4.258         3.0832         2.0362
 74  4.358         3.1229         2.0641
 75  4.458         3.1614         2.0891
 76  4.558         3.1985         2.1122
 77  4.658         3.2341         2.1300
 78  4.758         3.2682         2.1462
 79  4.858         3.3014         2.1677
 80  4.958         3.3336         2.1883
 81  5.058         3.3647         2.2048
 82  5.158         3.3949         2.2222
 83  5.258         3.4243         2.2394
 84  5.358         3.4528         2.2560
 85  5.458         3.4806         2.2729
 86  5.558         3.5076         2.2875
 87  5.658         3.5338         2.3019
 88  5.758         3.5594         2.3166
 89  5.858         3.5843         2.3297
 90  5.958         3.6085         2.3422
 91  6.058         3.6320         2.3539
 92  6.158         3.6548         2.3643
 93  6.258         3.6770         2.3742
 94  6.358         3.6986         2.3840
 95  6.458         3.7195         2.3925
 96  6.558         3.7399         2.4003
 97  6.658         3.7595         2.4049
 98  6.758         3.7785         2.4099
 99  6.858         3.7969         2.4162
100  6.958         3.8150         2.4242
101  7.058         3.8328         2.4364
102  7.158         3.8505         2.4520
103  7.258         3.8677         2.4562
104  7.358         3.8845         2.4635
105  7.458         3.9014         2.4833
106  7.558         3.9184         2.5045
107  7.658         3.9355         2.5215
108  7.758         3.9525         2.5371
109  7.858         3.9697         2.5579
110  7.958         3.9872         2.5844
111  8.058         4.0046         2.5997
112  8.158         4.0230         2.6392
113  8.258         4.0426         2.6887
114  8.358         4.0650         2.7650
115  8.458         4.0897         2.8336
116  8.558         4.1152         2.8708
117  8.658         4.1395         2.8757
118  8.758         4.1619         2.8621
119  8.858         4.1849         2.8971
120  8.958         4.2088         2.9390
121  9.058         4.2358         3.0153
122  9.158         4.2685         3.1286
123  9.258         4.3043         3.2033
124  9.358         4.3378         3.2077
125  9.458         4.3699         3.2231
126  9.558         4.4018         3.2524
127  9.658         4.4331         3.2754
128  9.758         4.4636         3.2948
129  9.858         4.4933         3.3131
130  9.958         4.5221         3.3301
131 10.058         4.5503         3.3476
132 10.158         4.5777         3.3650
133 10.258         4.6045         3.3804
134 10.358         4.6305         3.3951
135 10.458         4.6560         3.4129
136 10.558         4.6813         3.4328
137 10.658         4.7061         3.4503
138 10.758         4.7303         3.4658
139 10.858         4.7542         3.4829
140 10.958         4.7775         3.4941
141 11.058         4.7998         3.4994
142 11.158         4.8214         3.5070
143 11.258         4.8422         3.5133
144 11.358         4.8623         3.5166
145 11.458         4.8814         3.5166
146 11.558         4.8997         3.5152
147 11.658         4.9174         3.5174
148 11.758         4.9346         3.5240
149 11.858         4.9514         3.5322
150 11.958         4.9678         3.5354
151 12.058         4.9839         3.5446
152 12.158         5.0000         3.5614


#AGE= 8.000 BINS=153 Power-law IMF: x=-2.350
# N  sdss_r       Log10(N)       Log10(dN)
  1 -2.833        -0.8380        -0.8380
  2 -2.733        -0.5143        -0.7938
  3 -2.633        -0.3242        -0.7747
  4 -2.533        -0.1901        -0.7655
  5 -2.433        -0.0731        -0.6999
  6 -2.333         0.0164        -0.7135
  7 -2.233         0.0972        -0.6730
  8 -2.133         0.1711        -0.6348
  9 -2.033         0.2372        -0.6127
 10 -1.933         0.2963        -0.5988
 11 -1.833         0.3529        -0.5603
 12 -1.733         0.4054        -0.5384
 13 -1.633         0.4569        -0.4948
 14 -1.533         0.5043        -0.4812
 15 -1.433         0.5492        -0.4587
 16 -1.333         0.5923        -0.4323
 17 -1.233         0.6353        -0.3904
 18 -1.133         0.6764        -0.3673
 19 -1.033         0.7244        -0.2559
 20 -0.933         0.7881        -0.0770
 21 -0.833         0.8289        -0.2189
 22 -0.733         0.8664        -0.2160
 23 -0.633         0.9021        -0.2005
 24 -0.533         0.9912         0.2595
 25 -0.433         1.0276        -0.0666
 26 -0.333         1.0607        -0.0742
 27 -0.233         1.0931        -0.0509
 28 -0.133         1.1225        -0.0611
 29 -0.033         1.1517        -0.0343
 30  0.067         1.1829         0.0230
 31  0.167         1.2145         0.0609
 32  0.267         1.2462         0.0935
 33  0.367         1.2779         0.1251
 34  0.467         1.3096         0.1573
 35  0.567         1.3413         0.1895
 36  0.667         1.3729         0.2184
 37  0.767         1.4046         0.2523
 38  0.867         1.4365         0.2865
 39  0.967         1.4684         0.3188
 40  1.067         1.5005         0.3529
 41  1.167         1.5326         0.3856
 42  1.267         1.5649         0.4204
 43  1.367         1.5977         0.4596
 44  1.467         1.6312         0.5013
 45  1.567         1.6657         0.5490
 46  1.667         1.7005         0.5873
 47  1.767         1.7366         0.6375
 48  1.867         1.7724         0.6718
 49  1.967         1.8067         0.6862
 50  2.067         1.8394         0.7007
 51  2.167         1.8709         0.7161
 52  2.267         1.9016         0.7355
 53  2.367         1.9330         0.7756
 54  2.467         1.9696         0.8773
 55  2.567         2.0325         1.1623
 56  2.667         2.1032         1.2797
 57  2.767         2.1600         1.2489
 58  2.867         2.2185         1.3187
 59  2.967         2.2808         1.4071
 60  3.067         2.3449         1.4822
 61  3.167         2.4093         1.5487
 62  3.268         2.4731         1.6082
 63  3.367         2.5355         1.6622
 64  3.467         2.5964         1.7129
 65  3.567         2.6559         1.7636
 66  3.667         2.7141         1.8128
 67  3.768         2.7700         1.8520
 68  3.867         2.8223         1.8765
 69  3.967         2.8715         1.9018
 70  4.067         2.9185         1.9294
 71  4.167         2.9633         1.9545
 72  4.268         3.0061         1.9784
 73  4.367         3.0473         2.0043
 74  4.467         3.0869         2.0274
 75  4.567         3.1249         2.0475
 76  4.667         3.1614         2.0674
 77  4.767         3.1969         2.0915
 78  4.867         3.2315         2.1166
 79  4.967         3.2654         2.1405
 80  5.067         3.2982         2.1597
 81  5.167         3.3299         2.1778
 82  5.267         3.3606         2.1952
 83  5.367         3.3906         2.2144
 84  5.467         3.4197         2.2313
 85  5.567         3.4479         2.2458
 86  5.667         3.4752         2.2615
 87  5.767         3.5019         2.2766
 88  5.867         3.5278         2.2903
 89  5.967         3.5529         2.3031
 90  6.067         3.5774         2.3153
 91  6.167         3.6010         2.3258
 92  6.267         3.6241         2.3368
 93  6.367         3.6464         2.3464
 94  6.467         3.6681         2.3561
 95  6.567         3.6891         2.3633
 96  6.667         3.7093         2.3672
 97  6.767         3.7290         2.3747
 98  6.867         3.7481         2.3815
 99  6.967         3.7667         2.3899
100  7.067         3.7852         2.4046
101  7.167         3.8033         2.4146
102  7.267         3.8209         2.4209
103  7.367         3.8383         2.4318
104  7.467         3.8558         2.4513
105  7.567         3.8733         2.4714
106  7.667         3.8909         2.4889
107  7.767         3.9084         2.5052
108  7.867         3.9261         2.5287
109  7.967         3.9439         2.5472
110  8.067         3.9625         2.5838
111  8.168         3.9820         2.6252
112  8.267         4.0010         2.6335
113  8.367         4.0227         2.7099
114  8.467         4.0477         2.7954
115  8.567         4.0741         2.8447
116  8.668         4.0997         2.8577
117  8.768         4.1233         2.8460
118  8.867         4.1473         2.8779
119  8.967         4.1717         2.9096
120  9.067         4.1989         2.9822
121  9.168         4.2336         3.1193
122  9.268         4.2698         3.1722
123  9.367         4.3038         3.1812
124  9.467         4.3369         3.2015
125  9.567         4.3695         3.2292
126  9.668         4.4012         3.2486
127  9.768         4.4320         3.2682
128  9.867         4.4620         3.2860
129  9.967         4.4911         3.3028
130 10.067         4.5195         3.3200
131 10.168         4.5470         3.3359
132 10.268         4.5737         3.3492
133 10.367         4.5997         3.3637
134 10.467         4.6253         3.3824
135 10.567         4.6505         3.4013
136 10.668         4.6752         3.4176
137 10.768         4.6994         3.4347
138 10.867         4.7231         3.4481
139 10.967         4.7461         3.4579
140 11.067         4.7685         3.4697
141 11.168         4.7901         3.4767
142 11.268         4.8108         3.4782
143 11.367         4.8305         3.4783
144 11.467         4.8495         3.4805
145 11.567         4.8679         3.4847
146 11.668         4.8857         3.4903
147 11.768         4.9029         3.4921
148 11.867         4.9196         3.4965
149 11.967         4.9360         3.5059
150 12.067         4.9523         3.5183
151 12.168         4.9683         3.5266
152 12.268         4.9842         3.5381
153 12.367         5.0000         3.5539


#AGE= 9.000 BINS=152 Power-law IMF: x=-2.350
# N  sdss_r       Log10(N)       Log10(dN)
  1 -2.905        -0.8529        -0.8529
  2 -2.805        -0.5195        -0.7905
  3 -2.705        -0.3437        -0.8214
  4 -2.605        -0.2049        -0.7679
  5 -2.505        -0.0963        -0.7515
  6 -2.405        -0.0020        -0.7114
  7 -2.305         0.0795        -0.6870
  8 -2.205         0.1523        -0.6592
  9 -2.105         0.2161        -0.6486
 10 -2.005         0.2772        -0.6050
 11 -1.905         0.3326        -0.5890
 12 -1.805         0.3853        -0.5563
 13 -1.705         0.4357        -0.5246
 14 -1.605         0.4845        -0.4896
 15 -1.505         0.5298        -0.4742
 16 -1.405         0.5735        -0.4452
 17 -1.305         0.6145        -0.4312
 18 -1.205         0.6563        -0.3806
 19 -1.105         0.6961        -0.3619
 20 -1.005         0.7401        -0.2756
 21 -0.905         0.8009        -0.0831
 22 -0.805         0.8440        -0.1805
 23 -0.705         0.8812        -0.2051
 24 -0.605         0.9168        -0.1872
 25 -0.505         0.9934         0.2020
 26 -0.405         1.0385         0.0327
 27 -0.305         1.0724        -0.0513
 28 -0.205         1.1051        -0.0354
 29 -0.105         1.1357        -0.0313
 30 -0.005         1.1643        -0.0306
 31  0.095         1.1949         0.0264
 32  0.195         1.2261         0.0681
 33  0.295         1.2578         0.1053
 34  0.395         1.2894         0.1354
 35  0.495         1.3213         0.1717
 36  0.595         1.3530         0.1999
 37  0.695         1.3846         0.2313
 38  0.795         1.4164         0.2655
 39  0.895         1.4484         0.2992
 40  0.995         1.4805         0.3329
 41  1.095         1.5127         0.3672
 42  1.195         1.5448         0.3975
 43  1.295         1.5771         0.4322
 44  1.395         1.6097         0.4694
 45  1.495         1.6428         0.5076
 46  1.595         1.6768         0.5539
 47  1.695         1.7116         0.5988
 48  1.795         1.7469         0.6394
 49  1.895         1.7835         0.6912
 50  1.995         1.8191         0.7152
 51  2.095         1.8531         0.7293
 52  2.195         1.8856         0.7440
 53  2.295         1.9169         0.7580
 54  2.395         1.9474         0.7798
 55  2.495         1.9789         0.8236
 56  2.595         2.0159         0.9272
 57  2.695         2.0736         1.1690
 58  2.795         2.1402         1.2931
 59  2.895         2.1977         1.2905
 60  2.995         2.2564         1.3584
 61  3.095         2.3176         1.4364
 62  3.195         2.3814         1.5167
 63  3.295         2.4457         1.5844
 64  3.395         2.5092         1.6432
 65  3.495         2.5716         1.6980
 66  3.595         2.6326         1.7498
 67  3.695         2.6926         1.8037
 68  3.795         2.7514         1.8534
 69  3.895         2.8077         1.8932
 70  3.995         2.8602         1.9160
 71  4.095         2.9092         1.9373
 72  4.195         2.9553         1.9589
 73  4.295         2.9990         1.9803
 74  4.395         3.0408         2.0026
 75  4.495         3.0808         2.0251
 76  4.595         3.1194         2.0490
 77  4.695         3.1570         2.0763
 78  4.795         3.1940         2.1054
 79  4.895         3.2302         2.1335
 80  4.995         3.2655         2.1578
 81  5.095         3.2995         2.1767
 82  5.195         3.3325         2.1967
 83  5.295         3.3645         2.2165
 84  5.395         3.3957         2.2360
 85  5.495         3.4258         2.2522
 86  5.595         3.4551         2.2685
 87  5.695         3.4834         2.2843
 88  5.795         3.5110         2.3000
 89  5.895         3.5377         2.3137
 90  5.995         3.5637         2.3270
 91  6.095         3.5888         2.3386
 92  6.195         3.6132         2.3506
 93  6.295         3.6369         2.3614
 94  6.395         3.6598         2.3718
 95  6.495         3.6821         2.3810
 96  6.595         3.7036         2.3871
 97  6.695         3.7243         2.3931
 98  6.795         3.7445         2.4012
 99  6.895         3.7641         2.4088
100  6.995         3.7833         2.4189
101  7.095         3.8022         2.4322
102  7.195         3.8207         2.4403
103  7.295         3.8387         2.4483
104  7.395         3.8567         2.4642
105  7.495         3.8747         2.4841
106  7.595         3.8928         2.5024
107  7.695         3.9108         2.5201
108  7.795         3.9287         2.5342
109  7.895         3.9471         2.5647
110  7.995         3.9654         2.5818
111  8.095         3.9843         2.6144
112  8.195         4.0046         2.6638
113  8.295         4.0252         2.6910
114  8.395         4.0466         2.7277
115  8.495         4.0693         2.7769
116  8.595         4.0956         2.8640
117  8.695         4.1236         2.9187
118  8.795         4.1501         2.9228
119  8.895         4.1751         2.9227
120  8.995         4.2007         2.9597
121  9.095         4.2298         3.0412
122  9.195         4.2665         3.1751
123  9.295         4.3024         3.2023
124  9.395         4.3369         3.2187
125  9.495         4.3707         3.2456
126  9.595         4.4035         3.2649
127  9.695         4.4354         3.2855
128  9.795         4.4664         3.3054
129  9.895         4.4965         3.3213
130  9.995         4.5257         3.3385
131 10.095         4.5540         3.3553
132 10.195         4.5815         3.3686
133 10.295         4.6081         3.3817
134 10.395         4.6341         3.3983
135 10.495         4.6596         3.4166
136 10.595         4.6847         3.4332
137 10.695         4.7093         3.4500
138 10.795         4.7333         3.4644
139 10.895         4.7568         3.4778
140 10.995         4.7797         3.4901
141 11.095         4.8017         3.4960
142 11.195         4.8229         3.5006
143 11.295         4.8433         3.5060
144 11.395         4.8630         3.5097
145 11.495         4.8819         3.5114
146 11.595         4.9000         3.5111
147 11.695         4.9175         3.5143
148 11.795         4.9347         3.5218
149 11.895         4.9515         3.5305
150 11.995         4.9678         3.5348
151 12.095         4.9839         3.5448
152 12.195         5.0000         3.5614


#AGE=10.000 BINS=153 Power-law IMF: x=-2.350
# N  sdss_r       Log10(N)       Log10(dN)
  1 -2.836        -0.8935        -0.8935
  2 -2.736        -0.5721        -0.8537
  3 -2.636        -0.3778        -0.8205
  4 -2.536        -0.2363        -0.7922
  5 -2.436        -0.1250        -0.7709
  6 -2.336        -0.0345        -0.7601
  7 -2.236         0.0473        -0.7178
  8 -2.136         0.1209        -0.6867
  9 -2.036         0.1864        -0.6676
 10 -1.936         0.2447        -0.6557
 11 -1.836         0.3024        -0.6026
 12 -1.736         0.3555        -0.5834
 13 -1.636         0.4050        -0.5626
 14 -1.536         0.4536        -0.5219
 15 -1.436         0.5000        -0.4946
 16 -1.336         0.5441        -0.4709
 17 -1.236         0.5853        -0.4581
 18 -1.136         0.6271        -0.4100
 19 -1.036         0.6682        -0.3759
 20 -0.936         0.7109        -0.3177
 21 -0.836         0.7726        -0.1056
 22 -0.736         0.8155        -0.2107
 23 -0.636         0.8531        -0.2288
 24 -0.536         0.8882        -0.2218
 25 -0.436         0.9660         0.1811
 26 -0.336         1.0103        -0.0033
 27 -0.236         1.0443        -0.0783
 28 -0.136         1.0771        -0.0610
 29 -0.036         1.1078        -0.0592
 30  0.064         1.1372        -0.0456
 31  0.164         1.1679         0.0008
 32  0.264         1.1996         0.0477
 33  0.364         1.2315         0.0821
 34  0.464         1.2637         0.1170
 35  0.564         1.2957         0.1472
 36  0.664         1.3275         0.1759
 37  0.764         1.3595         0.2121
 38  0.864         1.3915         0.2427
 39  0.964         1.4239         0.2810
 40  1.064         1.4564         0.3131
 41  1.164         1.4888         0.3455
 42  1.264         1.5213         0.3795
 43  1.364         1.5541         0.4158
 44  1.464         1.5870         0.4504
 45  1.564         1.6204         0.4898
 46  1.664         1.6544         0.5317
 47  1.764         1.6897         0.5816
 48  1.864         1.7254         0.6233
 49  1.964         1.7625         0.6758
 50  2.064         1.7989         0.7040
 51  2.164         1.8337         0.7194
 52  2.264         1.8668         0.7327
 53  2.364         1.8985         0.7462
 54  2.464         1.9294         0.7658
 55  2.564         1.9605         0.8009
 56  2.664         1.9948         0.8745
 57  2.764         2.0389         1.0239
 58  2.864         2.1026         1.2374
 59  2.964         2.1618         1.2669
 60  3.064         2.2195         1.3145
 61  3.164         2.2798         1.3925
 62  3.264         2.3414         1.4631
 63  3.364         2.4054         1.5418
 64  3.464         2.4692         1.6049
 65  3.564         2.5319         1.6606
 66  3.664         2.5931         1.7117
 67  3.764         2.6525         1.7590
 68  3.864         2.7106         1.8081
 69  3.964         2.7665         1.8488
 70  4.064         2.8190         1.8749
 71  4.164         2.8676         1.8932
 72  4.264         2.9132         1.9113
 73  4.364         2.9565         1.9338
 74  4.464         2.9981         1.9589
 75  4.564         3.0386         1.9878
 76  4.664         3.0782         2.0193
 77  4.764         3.1171         2.0497
 78  4.864         3.1553         2.0800
 79  4.964         3.1924         2.1064
 80  5.064         3.2283         2.1277
 81  5.164         3.2631         2.1490
 82  5.264         3.2969         2.1717
 83  5.364         3.3298         2.1922
 84  5.464         3.3616         2.2102
 85  5.564         3.3923         2.2263
 86  5.664         3.4220         2.2435
 87  5.764         3.4510         2.2603
 88  5.864         3.4790         2.2752
 89  5.964         3.5062         2.2888
 90  6.064         3.5325         2.3014
 91  6.164         3.5580         2.3137
 92  6.264         3.5827         2.3260
 93  6.364         3.6067         2.3366
 94  6.464         3.6299         2.3467
 95  6.564         3.6523         2.3532
 96  6.664         3.6739         2.3601
 97  6.764         3.6949         2.3690
 98  6.864         3.7153         2.3764
 99  6.964         3.7352         2.3859
100  7.064         3.7548         2.3994
101  7.164         3.7739         2.4080
102  7.264         3.7925         2.4147
103  7.364         3.8110         2.4311
104  7.464         3.8296         2.4524
105  7.564         3.8481         2.4680
106  7.664         3.8664         2.4835
107  7.764         3.8849         2.5034
108  7.864         3.9035         2.5271
109  7.964         3.9223         2.5501
110  8.064         3.9422         2.5919
111  8.164         3.9622         2.6154
112  8.264         3.9826         2.6454
113  8.364         4.0046         2.6973
114  8.464         4.0273         2.7337
115  8.564         4.0521         2.7979
116  8.664         4.0798         2.8708
117  8.764         4.1078         2.9020
118  8.864         4.1338         2.8979
119  8.964         4.1604         2.9343
120  9.064         4.1887         2.9887
121  9.164         4.2227         3.1000
122  9.264         4.2603         3.1785
123  9.364         4.2962         3.1967
124  9.464         4.3305         3.2099
125  9.564         4.3641         3.2372
126  9.664         4.3968         3.2569
127  9.764         4.4285         3.2755
128  9.864         4.4591         3.2925
129  9.964         4.4890         3.3113
130 10.064         4.5180         3.3283
131 10.164         4.5459         3.3393
132 10.264         4.5728         3.3517
133 10.364         4.5991         3.3689
134 10.464         4.6250         3.3866
135 10.564         4.6502         3.4023
136 10.664         4.6749         3.4176
137 10.764         4.6991         3.4322
138 10.864         4.7227         3.4471
139 10.964         4.7457         3.4569
140 11.064         4.7679         3.4667
141 11.164         4.7895         3.4745
142 11.264         4.8102         3.4775
143 11.364         4.8299         3.4780
144 11.464         4.8489         3.4805
145 11.564         4.8673         3.4850
146 11.664         4.8852         3.4907
147 11.764         4.9024         3.4929
148 11.864         4.9192         3.4982
149 11.964         4.9358         3.5081
150 12.064         4.9521         3.5201
151 12.164         4.9682         3.5283
152 12.264         4.9841         3.5400
153 12.364         5.0000         3.5558


#AGE=11.000 BINS=152 Power-law IMF: x=-2.350
# N  sdss_r       Log10(N)       Log10(dN)
  1 -2.948        -0.9426        -0.9426
  2 -2.848        -0.6032        -0.8689
  3 -2.748        -0.3963        -0.8177
  4 -2.648        -0.2567        -0.8176
  5 -2.548        -0.1449        -0.7889
  6 -2.448        -0.0514        -0.7644
  7 -2.348         0.0348        -0.7098
  8 -2.248         0.1055        -0.7178
  9 -2.148         0.1724        -0.6727
 10 -2.048         0.2358        -0.6318
 11 -1.948         0.2926        -0.6188
 12 -1.848         0.3453        -0.5963
 13 -1.748         0.3954        -0.5674
 14 -1.648         0.4429        -0.5423
 15 -1.548         0.4903        -0.4949
 16 -1.448         0.5357        -0.4671
 17 -1.348         0.5780        -0.4548
 18 -1.248         0.6188        -0.4282
 19 -1.148         0.6586        -0.3994
 20 -1.048         0.6977        -0.3672
 21 -0.948         0.7368        -0.3278
 22 -0.848         0.7859        -0.1856
 23 -0.748         0.8395        -0.0955
 24 -0.648         0.8784        -0.1884
 25 -0.548         0.9140        -0.1898
 26 -0.448         0.9468        -0.1920
 27 -0.348         1.0292         0.2666
 28 -0.248         1.0672        -0.0097
 29 -0.148         1.1008        -0.0269
 30 -0.048         1.1328        -0.0161
 31  0.052         1.1631        -0.0079
 32  0.152         1.1925         0.0081
 33  0.252         1.2234         0.0604
 34  0.352         1.2550         0.1014
 35  0.452         1.2869         0.1367
 36  0.552         1.3190         0.1723
 37  0.652         1.3511         0.2034
 38  0.752         1.3831         0.2351
 39  0.852         1.4152         0.2677
 40  0.952         1.4474         0.3011
 41  1.052         1.4798         0.3366
 42  1.152         1.5121         0.3677
 43  1.252         1.5449         0.4068
 44  1.352         1.5776         0.4383
 45  1.452         1.6106         0.4749
 46  1.552         1.6438         0.5099
 47  1.652         1.6774         0.5503
 48  1.752         1.7117         0.5921
 49  1.852         1.7472         0.6419
 50  1.952         1.7836         0.6883
 51  2.052         1.8212         0.7396
 52  2.152         1.8581         0.7694
 53  2.252         1.8932         0.7833
 54  2.352         1.9266         0.7965
 55  2.452         1.9586         0.8092
 56  2.552         1.9895         0.8266
 57  2.652         2.0204         0.8575
 58  2.752         2.0535         0.9189
 59  2.852         2.0935         1.0381
 60  2.952         2.1494         1.2316
 61  3.052         2.2073         1.3033
 62  3.152         2.2644         1.3554
 63  3.252         2.3222         1.4178
 64  3.352         2.3827         1.4964
 65  3.452         2.4436         1.5605
 66  3.552         2.5047         1.6229
 67  3.652         2.5653         1.6797
 68  3.752         2.6243         1.7287
 69  3.852         2.6814         1.7720
 70  3.952         2.7377         1.8223
 71  4.052         2.7923         1.8643
 72  4.152         2.8440         1.8946
 73  4.252         2.8923         1.9144
 74  4.352         2.9379         1.9365
 75  4.452         2.9819         1.9654
 76  4.552         3.0247         1.9980
 77  4.652         3.0666         2.0300
 78  4.752         3.1074         2.0597
 79  4.852         3.1474         2.0914
 80  4.952         3.1861         2.1173
 81  5.052         3.2236         2.1415
 82  5.152         3.2601         2.1659
 83  5.252         3.2956         2.1902
 84  5.352         3.3300         2.2124
 85  5.452         3.3632         2.2305
 86  5.552         3.3954         2.2486
 87  5.652         3.4265         2.2662
 88  5.752         3.4567         2.2837
 89  5.852         3.4859         2.2999
 90  5.952         3.5142         2.3134
 91  6.052         3.5415         2.3272
 92  6.152         3.5680         2.3395
 93  6.252         3.5937         2.3528
 94  6.352         3.6185         2.3636
 95  6.452         3.6426         2.3741
 96  6.552         3.6658         2.3823
 97  6.652         3.6882         2.3889
 98  6.752         3.7099         2.3980
 99  6.852         3.7310         2.4067
100  6.952         3.7515         2.4164
101  7.052         3.7717         2.4278
102  7.152         3.7913         2.4373
103  7.252         3.8105         2.4465
104  7.352         3.8295         2.4616
105  7.452         3.8486         2.4810
106  7.552         3.8676         2.4988
107  7.652         3.8866         2.5179
108  7.752         3.9052         2.5274
109  7.852         3.9244         2.5604
110  7.952         3.9435         2.5779
111  8.052         3.9635         2.6175
112  8.152         3.9845         2.6583
113  8.252         4.0050         2.6681
114  8.352         4.0273         2.7273
115  8.452         4.0506         2.7684
116  8.552         4.0752         2.8164
117  8.652         4.1020         2.8783
118  8.752         4.1294         2.9159
119  8.852         4.1566         2.9397
120  8.952         4.1847         2.9819
121  9.052         4.2138         3.0261
122  9.152         4.2473         3.1175
123  9.252         4.2851         3.2056
124  9.352         4.3215         3.2277
125  9.452         4.3568         3.2483
126  9.552         4.3914         3.2765
127  9.652         4.4247         3.2917
128  9.752         4.4568         3.3104
129  9.852         4.4880         3.3286
130  9.952         4.5183         3.3471
131 10.052         4.5476         3.3621
132 10.152         4.5759         3.3758
133 10.252         4.6033         3.3898
134 10.352         4.6299         3.4025
135 10.452         4.6557         3.4170
136 10.552         4.6810         3.4346
137 10.652         4.7058         3.4504
138 10.752         4.7301         3.4648
139 10.852         4.7537         3.4774
140 10.952         4.7767         3.4901
141 11.052         4.7991         3.4994
142 11.152         4.8206         3.5041
143 11.252         4.8413         3.5098
144 11.352         4.8613         3.5141
145 11.452         4.8805         3.5162
146 11.552         4.8989         3.5164
147 11.652         4.9166         3.5198
148 11.752         4.9340         3.5271
149 11.852         4.9510         3.5349
150 11.952         4.9675         3.5388
151 12.052         4.9837         3.5488
152 12.152         5.0000         3.5657


#AGE=12.000 BINS=153 Power-law IMF: x=-2.350
# N  sdss_r       Log10(N)       Log10(dN)
  1 -2.906        -0.9308        -0.9308
  2 -2.806        -0.6244        -0.9200
  3 -2.706        -0.4218        -0.8505
  4 -2.606        -0.2778        -0.8273
  5 -2.506        -0.1702        -0.8287
  6 -2.406        -0.0799        -0.8067
  7 -2.306        -0.0017        -0.7847
  8 -2.206         0.0766        -0.7061
  9 -2.106         0.1382        -0.7402
 10 -2.006         0.2004        -0.6745
 11 -1.906         0.2579        -0.6481
 12 -1.806         0.3117        -0.6219
 13 -1.706         0.3614        -0.6047
 14 -1.606         0.4096        -0.5695
 15 -1.506         0.4551        -0.5465
 16 -1.406         0.5009        -0.4989
 17 -1.306         0.5448        -0.4726
 18 -1.206         0.5845        -0.4744
 19 -1.106         0.6251        -0.4240
 20 -1.006         0.6650        -0.3913
 21 -0.906         0.7039        -0.3639
 22 -0.806         0.7513        -0.2339
 23 -0.706         0.8045        -0.1339
 24 -0.606         0.8443        -0.2128
 25 -0.506         0.8802        -0.2206
 26 -0.406         0.9150        -0.1988
 27 -0.306         0.9924         0.2052
 28 -0.206         1.0314        -0.0344
 29 -0.106         1.0653        -0.0590
 30 -0.006         1.0980        -0.0415
 31  0.094         1.1286        -0.0386
 32  0.194         1.1582        -0.0236
 33  0.294         1.1892         0.0275
 34  0.394         1.2210         0.0698
 35  0.494         1.2530         0.1050
 36  0.594         1.2852         0.1392
 37  0.694         1.3176         0.1743
 38  0.794         1.3498         0.2037
 39  0.894         1.3820         0.2365
 40  0.994         1.4146         0.2730
 41  1.094         1.4469         0.3034
 42  1.194         1.4798         0.3427
 43  1.294         1.5127         0.3754
 44  1.394         1.5458         0.4118
 45  1.494         1.5790         0.4456
 46  1.594         1.6125         0.4826
 47  1.694         1.6462         0.5195
 48  1.794         1.6804         0.5596
 49  1.894         1.7156         0.6064
 50  1.994         1.7522         0.6600
 51  2.094         1.7894         0.7036
 52  2.194         1.8276         0.7527
 53  2.294         1.8636         0.7652
 54  2.394         1.8979         0.7776
 55  2.494         1.9305         0.7897
 56  2.594         1.9617         0.8025
 57  2.694         1.9923         0.8251
 58  2.794         2.0236         0.8657
 59  2.894         2.0584         0.9454
 60  2.994         2.1022         1.0843
 61  3.094         2.1576         1.2356
 62  3.194         2.2121         1.2838
 63  3.294         2.2684         1.3531
 64  3.394         2.3257         1.4180
 65  3.494         2.3848         1.4897
 66  3.594         2.4450         1.5570
 67  3.694         2.5047         1.6130
 68  3.794         2.5636         1.6666
 69  3.894         2.6210         1.7142
 70  3.994         2.6776         1.7641
 71  4.094         2.7331         1.8128
 72  4.194         2.7870         1.8539
 73  4.294         2.8378         1.8806
 74  4.394         2.8861         1.9084
 75  4.494         2.9327         1.9400
 76  4.594         2.9776         1.9696
 77  4.694         3.0210         1.9991
 78  4.794         3.0633         2.0313
 79  4.894         3.1044         2.0601
 80  4.994         3.1441         2.0858
 81  5.094         3.1828         2.1132
 82  5.194         3.2204         2.1392
 83  5.294         3.2570         2.1645
 84  5.394         3.2924         2.1854
 85  5.494         3.3265         2.2049
 86  5.594         3.3595         2.2240
 87  5.694         3.3915         2.2429
 88  5.794         3.4224         2.2596
 89  5.894         3.4523         2.2752
 90  5.994         3.4812         2.2893
 91  6.094         3.5091         2.3030
 92  6.194         3.5361         2.3167
 93  6.294         3.5623         2.3294
 94  6.394         3.5876         2.3401
 95  6.494         3.6120         2.3499
 96  6.594         3.6355         2.3574
 97  6.694         3.6583         2.3663
 98  6.794         3.6804         2.3761
 99  6.894         3.7018         2.3849
100  6.994         3.7228         2.3956
101  7.094         3.7432         2.4059
102  7.194         3.7631         2.4147
103  7.294         3.7828         2.4279
104  7.394         3.8023         2.4468
105  7.494         3.8219         2.4657
106  7.594         3.8413         2.4809
107  7.694         3.8604         2.4957
108  7.794         3.8798         2.5183
109  7.894         3.8994         2.5455
110  7.994         3.9192         2.5684
111  8.095         3.9401         2.6120
112  8.194         3.9616         2.6457
113  8.294         3.9834         2.6721
114  8.394         4.0065         2.7213
115  8.494         4.0308         2.7665
116  8.595         4.0568         2.8214
117  8.694         4.0845         2.8758
118  8.794         4.1120         2.8991
119  8.894         4.1391         2.9213
120  8.994         4.1681         2.9777
121  9.095         4.2002         3.0530
122  9.194         4.2358         3.1322
123  9.294         4.2739         3.1975
124  9.394         4.3108         3.2217
125  9.494         4.3459         3.2366
126  9.595         4.3804         3.2637
127  9.694         4.4138         3.2827
128  9.794         4.4460         3.2998
129  9.894         4.4769         3.3135
130  9.994         4.5070         3.3337
131 10.095         4.5364         3.3514
132 10.194         4.5644         3.3611
133 10.294         4.5915         3.3718
134 10.394         4.6178         3.3873
135 10.494         4.6437         3.4060
136 10.595         4.6689         3.4212
137 10.694         4.6935         3.4342
138 10.794         4.7175         3.4473
139 10.894         4.7409         3.4603
140 10.994         4.7635         3.4693
141 11.095         4.7855         3.4788
142 11.194         4.8067         3.4845
143 11.294         4.8270         3.4865
144 11.394         4.8465         3.4894
145 11.494         4.8653         3.4935
146 11.595         4.8836         3.4983
147 11.694         4.9012         3.5002
148 11.794         4.9183         3.5052
149 11.894         4.9351         3.5145
150 11.994         4.9517         3.5251
151 12.095         4.9679         3.5321
152 12.194         4.9840         3.5434
153 12.294         5.0000         3.5595


#AGE=13.000 BINS=154 Power-law IMF: x=-2.350
# N  sdss_r       Log10(N)       Log10(dN)
  1 -2.873        -0.9890        -0.9890
  2 -2.773        -0.6602        -0.9351
  3 -2.673        -0.4710        -0.9229
  4 -2.573        -0.3270        -0.8764
  5 -2.473        -0.2252        -0.9054
  6 -2.373        -0.1264        -0.8178
  7 -2.273        -0.0481        -0.8308
  8 -2.173         0.0281        -0.7652
  9 -2.073         0.0942        -0.7563
 10 -1.973         0.1553        -0.7261
 11 -1.873         0.2106        -0.7119
 12 -1.773         0.2640        -0.6727
 13 -1.673         0.3144        -0.6463
 14 -1.573         0.3606        -0.6352
 15 -1.473         0.4078        -0.5796
 16 -1.373         0.4527        -0.5548
 17 -1.273         0.4949        -0.5389
 18 -1.173         0.5355        -0.5136
 19 -1.073         0.5770        -0.4630
 20 -0.973         0.6163        -0.4463
 21 -0.873         0.6549        -0.4164
 22 -0.773         0.7017        -0.2882
 23 -0.673         0.7563        -0.1714
 24 -0.573         0.7963        -0.2600
 25 -0.473         0.8322        -0.2681
 26 -0.373         0.8682        -0.2310
 27 -0.273         0.9419         0.1353
 28 -0.173         0.9822        -0.0702
 29 -0.073         1.0168        -0.0997
 30  0.027         1.0497        -0.0866
 31  0.127         1.0802        -0.0885
 32  0.227         1.1106        -0.0596
 33  0.327         1.1419        -0.0155
 34  0.427         1.1736         0.0214
 35  0.527         1.2061         0.0641
 36  0.627         1.2384         0.0938
 37  0.727         1.2711         0.1308
 38  0.827         1.3036         0.1616
 39  0.927         1.3360         0.1927
 40  1.027         1.3686         0.2277
 41  1.127         1.4015         0.2650
 42  1.227         1.4343         0.2963
 43  1.327         1.4676         0.3354
 44  1.427         1.5009         0.3691
 45  1.527         1.5344         0.4048
 46  1.627         1.5681         0.4408
 47  1.727         1.6020         0.4779
 48  1.827         1.6363         0.5166
 49  1.927         1.6714         0.5620
 50  2.027         1.7080         0.6158
 51  2.127         1.7452         0.6597
 52  2.227         1.7839         0.7147
 53  2.327         1.8212         0.7357
 54  2.427         1.8563         0.7468
 55  2.527         1.8897         0.7596
 56  2.627         1.9215         0.7696
 57  2.727         1.9523         0.7876
 58  2.827         1.9830         0.8171
 59  2.927         2.0154         0.8723
 60  3.027         2.0530         0.9722
 61  3.127         2.1011         1.1215
 62  3.227         2.1552         1.2238
 63  3.327         2.2093         1.2782
 64  3.427         2.2659         1.3523
 65  3.527         2.3241         1.4224
 66  3.627         2.3834         1.4896
 67  3.727         2.4437         1.5566
 68  3.827         2.5037         1.6140
 69  3.927         2.5626         1.6662
 70  4.027         2.6202         1.7138
 71  4.127         2.6774         1.7693
 72  4.227         2.7338         1.8191
 73  4.327         2.7878         1.8561
 74  4.427         2.8386         1.8812
 75  4.527         2.8868         1.9085
 76  4.627         2.9330         1.9368
 77  4.727         2.9779         1.9701
 78  4.827         3.0214         2.0005
 79  4.927         3.0633         2.0272
 80  5.027         3.1041         2.0565
 81  5.127         3.1438         2.0851
 82  5.227         3.1824         2.1122
 83  5.327         3.2199         2.1370
 84  5.427         3.2560         2.1587
 85  5.527         3.2910         2.1801
 86  5.627         3.3249         2.1998
 87  5.727         3.3577         2.2194
 88  5.827         3.3893         2.2354
 89  5.927         3.4198         2.2510
 90  6.027         3.4492         2.2658
 91  6.127         3.4777         2.2797
 92  6.227         3.5052         2.2938
 93  6.327         3.5318         2.3061
 94  6.427         3.5575         2.3167
 95  6.527         3.5823         2.3266
 96  6.627         3.6062         2.3346
 97  6.727         3.6293         2.3445
 98  6.827         3.6518         2.3546
 99  6.927         3.6736         2.3640
100  7.027         3.6949         2.3749
101  7.127         3.7157         2.3852
102  7.227         3.7359         2.3932
103  7.327         3.7559         2.4100
104  7.427         3.7760         2.4305
105  7.527         3.7958         2.4455
106  7.627         3.8157         2.4670
107  7.727         3.8352         2.4764
108  7.827         3.8552         2.5084
109  7.927         3.8752         2.5286
110  8.027         3.8965         2.5774
111  8.127         3.9177         2.5959
112  8.227         3.9393         2.6252
113  8.327         3.9622         2.6721
114  8.427         3.9860         2.7122
115  8.527         4.0113         2.7648
116  8.627         4.0385         2.8222
117  8.727         4.0667         2.8650
118  8.827         4.0934         2.8687
119  8.927         4.1204         2.8997
120  9.027         4.1510         2.9841
121  9.127         4.1856         3.0703
122  9.227         4.2229         3.1384
123  9.327         4.2610         3.1848
124  9.427         4.2975         3.2042
125  9.527         4.3337         3.2359
126  9.627         4.3679         3.2478
127  9.727         4.4009         3.2656
128  9.827         4.4334         3.2905
129  9.927         4.4647         3.3072
130 10.027         4.4948         3.3211
131 10.127         4.5237         3.3316
132 10.227         4.5514         3.3434
133 10.327         4.5785         3.3595
134 10.427         4.6050         3.3774
135 10.527         4.6308         3.3920
136 10.627         4.6559         3.4054
137 10.727         4.6803         3.4182
138 10.827         4.7041         3.4304
139 10.927         4.7272         3.4421
140 11.027         4.7497         3.4520
141 11.127         4.7713         3.4576
142 11.227         4.7922         3.4639
143 11.327         4.8123         3.4677
144 11.427         4.8315         3.4687
145 11.527         4.8501         3.4705
146 11.627         4.8680         3.4756
147 11.727         4.8856         3.4834
148 11.827         4.9026         3.4875
149 11.927         4.9192         3.4945
150 12.027         4.9357         3.5058
151 12.127         4.9520         3.5188
152 12.227         4.9681         3.5288
153 12.327         4.9841         3.5413
154 12.427         5.0000         3.5569
