## Mr-color sequences for H (DA) white dwarf plus M dwarf with [Fe/H] = 0.0 
## Mr is the total, dMr is the difference between WD and MD. 
## For details, see Palaversa et al. (2024). 
    Mr     ug       gr       ri       iz       dMr
   7.75  -0.399   -0.019    0.328    0.229    0.00  
   7.80  -0.412   -0.054    0.322    0.232   -0.10  
   7.84  -0.423   -0.088    0.315    0.235   -0.20  
   7.89  -0.434   -0.121    0.307    0.238   -0.30  
   7.93  -0.444   -0.152    0.297    0.241   -0.40  
   7.97  -0.453   -0.182    0.287    0.242   -0.50  
   8.01  -0.461   -0.211    0.275    0.243   -0.60  
   8.04  -0.468   -0.239    0.262    0.244   -0.70  
   8.08  -0.475   -0.265    0.249    0.243   -0.80  
   8.11  -0.482   -0.289    0.234    0.242   -0.90  
   8.14  -0.487   -0.313    0.218    0.240   -1.00  
   8.16  -0.493   -0.334    0.202    0.238   -1.10  
   8.19  -0.498   -0.355    0.185    0.234   -1.20  
   8.21  -0.502   -0.374    0.168    0.230   -1.30  
   8.24  -0.506   -0.392    0.150    0.226   -1.40  
   8.26  -0.510   -0.409    0.131    0.220   -1.50  
   8.28  -0.514   -0.425    0.113    0.214   -1.60  
   8.29  -0.517   -0.439    0.094    0.207   -1.70  
   8.31  -0.520   -0.453    0.075    0.200   -1.80  
   8.33  -0.522   -0.465    0.057    0.191   -1.90  
   8.34  -0.525   -0.477    0.038    0.183   -2.00  
   8.35  -0.527   -0.488    0.019    0.174   -2.10  
   8.37  -0.529   -0.498    0.001    0.164   -2.20  
   8.38  -0.531   -0.507   -0.017    0.154   -2.30  
   8.39  -0.532   -0.516   -0.034    0.143   -2.40  
   8.40  -0.534   -0.523   -0.051    0.133   -2.50  
   8.41  -0.535   -0.531   -0.068    0.121   -2.60  
   8.41  -0.537   -0.537   -0.084    0.110   -2.70  
   8.42  -0.538   -0.543   -0.100    0.098   -2.80  
   8.43  -0.539   -0.549   -0.115    0.086   -2.90  
   8.43  -0.540   -0.554   -0.130    0.074   -3.00  
   8.44  -0.541   -0.559   -0.144    0.062   -3.10  
   8.44  -0.542   -0.563   -0.158    0.049   -3.20  
   8.45  -0.543   -0.567   -0.171    0.037   -3.30  
   8.45  -0.543   -0.571   -0.184    0.025   -3.40  
   8.46  -0.544   -0.574   -0.196    0.012   -3.50  
   8.46  -0.545   -0.577   -0.209   -0.003   -3.60  
   8.46  -0.545   -0.580   -0.221   -0.018   -3.70  
   8.47  -0.546   -0.582   -0.232   -0.032   -3.80  
   8.47  -0.546   -0.585   -0.243   -0.047   -3.90  
   8.47  -0.546   -0.587   -0.254   -0.061   -4.00  
   8.48  -0.547   -0.589   -0.263   -0.075   -4.10  
   8.48  -0.547   -0.591   -0.272   -0.088   -4.20  
   8.48  -0.547   -0.592   -0.281   -0.101   -4.30  
   8.48  -0.548   -0.594   -0.289   -0.114   -4.40  
   8.48  -0.548   -0.595   -0.296   -0.126   -4.50  
   8.48  -0.548   -0.597   -0.303   -0.138   -4.60  
   8.49  -0.548   -0.598   -0.310   -0.150   -4.70  
   8.49  -0.548   -0.599   -0.316   -0.161   -4.80  
   8.49  -0.548   -0.600   -0.322   -0.172   -4.90  
   8.49  -0.549   -0.601   -0.327   -0.182   -5.00  
   8.49  -0.549   -0.602   -0.332   -0.192   -5.10  
   8.49  -0.549   -0.602   -0.337   -0.201   -5.20  
   8.49  -0.549   -0.603   -0.342   -0.210   -5.30  
   8.49  -0.549   -0.604   -0.346   -0.219   -5.40  
   8.49  -0.549   -0.604   -0.350   -0.227   -5.50  
   8.49  -0.549   -0.605   -0.353   -0.237   -5.60  
   8.49  -0.549   -0.605   -0.357   -0.246   -5.70  
   8.49  -0.549   -0.606   -0.360   -0.255   -5.80  
   8.50  -0.549   -0.606   -0.364   -0.263   -5.90  
   8.50  -0.549   -0.606   -0.366   -0.271   -6.00  
   7.80  -0.384    0.018    0.352    0.239    0.10  
   7.85  -0.398   -0.018    0.347    0.243    0.00  
   7.90  -0.411   -0.053    0.341    0.247   -0.10  
   7.94  -0.422   -0.088    0.334    0.251   -0.20  
   7.99  -0.433   -0.121    0.325    0.254   -0.30  
   8.03  -0.443   -0.152    0.315    0.256   -0.40  
   8.07  -0.452   -0.182    0.305    0.258   -0.50  
   8.11  -0.460   -0.211    0.292    0.259   -0.60  
   8.14  -0.467   -0.239    0.279    0.259   -0.70  
   8.18  -0.474   -0.265    0.265    0.259   -0.80  
   8.21  -0.481   -0.289    0.250    0.257   -0.90  
   8.24  -0.486   -0.313    0.234    0.256   -1.00  
   8.26  -0.492   -0.334    0.217    0.253   -1.10  
   8.29  -0.497   -0.355    0.199    0.249   -1.20  
   8.31  -0.501   -0.374    0.181    0.245   -1.30  
   8.34  -0.505   -0.392    0.163    0.240   -1.40  
   8.36  -0.509   -0.409    0.144    0.235   -1.50  
   8.38  -0.513   -0.425    0.125    0.228   -1.60  
   8.39  -0.516   -0.439    0.106    0.222   -1.70  
   8.41  -0.519   -0.453    0.086    0.214   -1.80  
   8.43  -0.521   -0.465    0.067    0.206   -1.90  
   8.44  -0.524   -0.477    0.048    0.197   -2.00  
   8.45  -0.526   -0.488    0.029    0.188   -2.10  
   8.47  -0.528   -0.498    0.011    0.178   -2.20  
   8.48  -0.530   -0.507   -0.008    0.168   -2.30  
   8.49  -0.532   -0.516   -0.026    0.157   -2.40  
   8.50  -0.533   -0.523   -0.043    0.146   -2.50  
   8.51  -0.535   -0.531   -0.060    0.135   -2.60  
   8.51  -0.536   -0.537   -0.077    0.123   -2.70  
   8.52  -0.537   -0.543   -0.093    0.111   -2.80  
   8.53  -0.538   -0.549   -0.109    0.099   -2.90  
   8.53  -0.539   -0.554   -0.124    0.086   -3.00  
   8.54  -0.540   -0.559   -0.138    0.074   -3.10  
   8.54  -0.541   -0.563   -0.152    0.061   -3.20  
   8.55  -0.542   -0.567   -0.166    0.049   -3.30  
   8.55  -0.542   -0.571   -0.179    0.036   -3.40  
   8.56  -0.543   -0.574   -0.193    0.021   -3.50  
   8.56  -0.544   -0.577   -0.206    0.005   -3.60  
   8.56  -0.544   -0.580   -0.218   -0.010   -3.70  
   8.57  -0.545   -0.582   -0.230   -0.025   -3.80  
   8.57  -0.545   -0.585   -0.241   -0.039   -3.90  
   8.57  -0.545   -0.587   -0.251   -0.054   -4.00  
   8.58  -0.546   -0.589   -0.261   -0.068   -4.10  
   8.58  -0.546   -0.591   -0.270   -0.082   -4.20  
   8.58  -0.546   -0.592   -0.279   -0.095   -4.30  
   8.58  -0.547   -0.594   -0.287   -0.108   -4.40  
   8.58  -0.547   -0.595   -0.295   -0.121   -4.50  
   8.58  -0.547   -0.597   -0.302   -0.133   -4.60  
   8.59  -0.547   -0.598   -0.309   -0.145   -4.70  
   8.59  -0.547   -0.599   -0.315   -0.156   -4.80  
   8.59  -0.547   -0.600   -0.321   -0.167   -4.90  
   8.59  -0.548   -0.601   -0.326   -0.177   -5.00  
   8.59  -0.548   -0.602   -0.331   -0.187   -5.10  
   8.59  -0.548   -0.602   -0.336   -0.197   -5.20  
   8.59  -0.548   -0.603   -0.341   -0.206   -5.30  
   8.59  -0.548   -0.604   -0.345   -0.215   -5.40  
   8.59  -0.548   -0.604   -0.349   -0.226   -5.50  
   8.59  -0.548   -0.605   -0.353   -0.235   -5.60  
   8.59  -0.548   -0.605   -0.357   -0.245   -5.70  
   8.59  -0.548   -0.606   -0.360   -0.254   -5.80  
   8.60  -0.548   -0.606   -0.363   -0.262   -5.90  
   7.84  -0.360    0.057    0.376    0.249    0.20  
   7.90  -0.375    0.020    0.372    0.254    0.10  
   7.95  -0.389   -0.017    0.366    0.258    0.00  
   8.00  -0.401   -0.052    0.360    0.262   -0.10  
   8.04  -0.413   -0.087    0.353    0.266   -0.20  
   8.09  -0.423   -0.120    0.344    0.269   -0.30  
   8.13  -0.433   -0.151    0.334    0.271   -0.40  
   8.17  -0.442   -0.182    0.322    0.273   -0.50  
   8.21  -0.450   -0.210    0.310    0.274   -0.60  
   8.24  -0.457   -0.238    0.296    0.274   -0.70  
   8.28  -0.464   -0.264    0.281    0.274   -0.80  
   8.31  -0.471   -0.288    0.265    0.273   -0.90  
   8.34  -0.477   -0.312    0.249    0.271   -1.00  
   8.36  -0.482   -0.333    0.231    0.268   -1.10  
   8.39  -0.487   -0.354    0.213    0.264   -1.20  
   8.41  -0.491   -0.373    0.195    0.260   -1.30  
   8.44  -0.495   -0.391    0.176    0.255   -1.40  
   8.46  -0.499   -0.408    0.156    0.249   -1.50  
   8.48  -0.503   -0.424    0.137    0.243   -1.60  
   8.49  -0.506   -0.438    0.117    0.236   -1.70  
   8.51  -0.509   -0.452    0.097    0.228   -1.80  
   8.53  -0.511   -0.464    0.078    0.220   -1.90  
   8.54  -0.514   -0.476    0.058    0.211   -2.00  
   8.55  -0.516   -0.487    0.039    0.202   -2.10  
   8.57  -0.518   -0.497    0.020    0.192   -2.20  
   8.58  -0.520   -0.506    0.001    0.182   -2.30  
   8.59  -0.522   -0.515   -0.017    0.171   -2.40  
   8.60  -0.523   -0.522   -0.035    0.160   -2.50  
   8.61  -0.525   -0.530   -0.053    0.148   -2.60  
   8.61  -0.526   -0.536   -0.070    0.136   -2.70  
   8.62  -0.527   -0.542   -0.086    0.124   -2.80  
   8.63  -0.528   -0.548   -0.102    0.112   -2.90  
   8.63  -0.529   -0.553   -0.118    0.099   -3.00  
   8.64  -0.530   -0.558   -0.132    0.086   -3.10  
   8.64  -0.531   -0.562   -0.147    0.074   -3.20  
   8.65  -0.532   -0.566   -0.161    0.061   -3.30  
   8.65  -0.533   -0.570   -0.175    0.045   -3.40  
   8.66  -0.533   -0.573   -0.189    0.029   -3.50  
   8.66  -0.534   -0.576   -0.203    0.014   -3.60  
   8.66  -0.534   -0.579   -0.215   -0.002   -3.70  
   8.67  -0.535   -0.581   -0.227   -0.017   -3.80  
   8.67  -0.535   -0.584   -0.238   -0.032   -3.90  
   8.67  -0.535   -0.586   -0.249   -0.047   -4.00  
   8.68  -0.536   -0.588   -0.259   -0.061   -4.10  
   8.68  -0.536   -0.590   -0.268   -0.075   -4.20  
   8.68  -0.536   -0.591   -0.277   -0.089   -4.30  
   8.68  -0.537   -0.593   -0.285   -0.102   -4.40  
   8.68  -0.537   -0.594   -0.293   -0.115   -4.50  
   8.68  -0.537   -0.596   -0.300   -0.127   -4.60  
   8.69  -0.537   -0.597   -0.307   -0.139   -4.70  
   8.69  -0.537   -0.598   -0.313   -0.151   -4.80  
   8.69  -0.538   -0.599   -0.319   -0.162   -4.90  
   8.69  -0.538   -0.600   -0.325   -0.172   -5.00  
   8.69  -0.538   -0.600   -0.330   -0.183   -5.10  
   8.69  -0.538   -0.601   -0.335   -0.193   -5.20  
   8.69  -0.538   -0.602   -0.340   -0.202   -5.30  
   8.69  -0.538   -0.603   -0.344   -0.213   -5.40  
   8.69  -0.538   -0.603   -0.349   -0.224   -5.50  
   8.69  -0.538   -0.604   -0.353   -0.234   -5.60  
   8.69  -0.538   -0.604   -0.356   -0.243   -5.70  
   8.69  -0.538   -0.605   -0.360   -0.252   -5.80  
   7.89  -0.334    0.103    0.398    0.259    0.30  
   7.94  -0.350    0.065    0.396    0.265    0.20  
   8.00  -0.365    0.028    0.391    0.270    0.10  
   8.05  -0.379   -0.009    0.386    0.275    0.00  
   8.10  -0.391   -0.044    0.380    0.279   -0.10  
   8.14  -0.403   -0.079    0.372    0.283   -0.20  
   8.19  -0.413   -0.112    0.363    0.286   -0.30  
   8.23  -0.423   -0.143    0.352    0.288   -0.40  
   8.27  -0.432   -0.173    0.340    0.290   -0.50  
   8.31  -0.440   -0.202    0.327    0.291   -0.60  
   8.34  -0.448   -0.229    0.313    0.291   -0.70  
   8.38  -0.455   -0.255    0.297    0.291   -0.80  
   8.41  -0.461   -0.280    0.281    0.289   -0.90  
   8.44  -0.467   -0.303    0.264    0.288   -1.00  
   8.46  -0.472   -0.325    0.246    0.285   -1.10  
   8.49  -0.477   -0.345    0.227    0.281   -1.20  
   8.51  -0.482   -0.365    0.208    0.277   -1.30  
   8.54  -0.486   -0.383    0.189    0.272   -1.40  
   8.56  -0.490   -0.399    0.169    0.266   -1.50  
   8.58  -0.493   -0.415    0.149    0.260   -1.60  
   8.59  -0.497   -0.430    0.129    0.253   -1.70  
   8.61  -0.499   -0.443    0.109    0.245   -1.80  
   8.63  -0.502   -0.456    0.089    0.237   -1.90  
   8.64  -0.505   -0.467    0.069    0.228   -2.00  
   8.65  -0.507   -0.478    0.049    0.219   -2.10  
   8.67  -0.509   -0.488    0.029    0.209   -2.20  
   8.68  -0.511   -0.497    0.010    0.198   -2.30  
   8.69  -0.512   -0.506   -0.009    0.188   -2.40  
   8.70  -0.514   -0.513   -0.027    0.176   -2.50  
   8.71  -0.516   -0.521   -0.045    0.165   -2.60  
   8.71  -0.517   -0.527   -0.062    0.153   -2.70  
   8.72  -0.518   -0.533   -0.079    0.141   -2.80  
   8.73  -0.519   -0.539   -0.095    0.128   -2.90  
   8.73  -0.520   -0.544   -0.111    0.116   -3.00  
   8.74  -0.521   -0.549   -0.126    0.103   -3.10  
   8.74  -0.522   -0.553   -0.141    0.090   -3.20  
   8.75  -0.523   -0.557   -0.157    0.074   -3.30  
   8.75  -0.523   -0.561   -0.172    0.058   -3.40  
   8.76  -0.524   -0.564   -0.186    0.042   -3.50  
   8.76  -0.525   -0.567   -0.199    0.027   -3.60  
   8.76  -0.525   -0.570   -0.212    0.011   -3.70  
   8.77  -0.526   -0.572   -0.224   -0.004   -3.80  
   8.77  -0.526   -0.575   -0.236   -0.019   -3.90  
   8.77  -0.526   -0.577   -0.246   -0.034   -4.00  
   8.78  -0.527   -0.579   -0.256   -0.049   -4.10  
   8.78  -0.527   -0.581   -0.266   -0.063   -4.20  
   8.78  -0.527   -0.582   -0.275   -0.077   -4.30  
   8.78  -0.528   -0.584   -0.283   -0.090   -4.40  
   8.78  -0.528   -0.585   -0.291   -0.103   -4.50  
   8.78  -0.528   -0.587   -0.299   -0.116   -4.60  
   8.79  -0.528   -0.588   -0.306   -0.128   -4.70  
   8.79  -0.528   -0.589   -0.312   -0.139   -4.80  
   8.79  -0.528   -0.590   -0.318   -0.151   -4.90  
   8.79  -0.529   -0.591   -0.324   -0.162   -5.00  
   8.79  -0.529   -0.591   -0.329   -0.172   -5.10  
   8.79  -0.529   -0.592   -0.334   -0.182   -5.20  
   8.79  -0.529   -0.593   -0.339   -0.194   -5.30  
   8.79  -0.529   -0.594   -0.344   -0.205   -5.40  
   8.79  -0.529   -0.594   -0.348   -0.216   -5.50  
   8.79  -0.529   -0.595   -0.352   -0.226   -5.60  
   8.79  -0.529   -0.595   -0.356   -0.236   -5.70  
   7.93  -0.302    0.143    0.421    0.268    0.40  
   7.99  -0.319    0.104    0.419    0.274    0.30  
   8.04  -0.335    0.065    0.416    0.280    0.20  
   8.10  -0.350    0.028    0.412    0.285    0.10  
   8.15  -0.363   -0.009    0.406    0.290    0.00  
   8.20  -0.376   -0.044    0.399    0.295   -0.10  
   8.24  -0.387   -0.079    0.391    0.298   -0.20  
   8.29  -0.398   -0.111    0.381    0.301   -0.30  
   8.33  -0.408   -0.143    0.370    0.304   -0.40  
   8.37  -0.417   -0.173    0.358    0.306   -0.50  
   8.41  -0.425   -0.202    0.344    0.307   -0.60  
   8.44  -0.432   -0.229    0.329    0.307   -0.70  
   8.48  -0.439   -0.255    0.313    0.306   -0.80  
   8.51  -0.446   -0.280    0.297    0.305   -0.90  
   8.54  -0.452   -0.303    0.279    0.303   -1.00  
   8.56  -0.457   -0.325    0.261    0.300   -1.10  
   8.59  -0.462   -0.345    0.242    0.297   -1.20  
   8.61  -0.467   -0.365    0.222    0.292   -1.30  
   8.64  -0.471   -0.383    0.202    0.287   -1.40  
   8.66  -0.475   -0.399    0.182    0.282   -1.50  
   8.68  -0.478   -0.415    0.161    0.275   -1.60  
   8.69  -0.481   -0.430    0.141    0.268   -1.70  
   8.71  -0.484   -0.443    0.120    0.261   -1.80  
   8.73  -0.487   -0.456    0.099    0.252   -1.90  
   8.74  -0.489   -0.467    0.079    0.243   -2.00  
   8.75  -0.491   -0.478    0.059    0.234   -2.10  
   8.77  -0.494   -0.488    0.039    0.224   -2.20  
   8.78  -0.495   -0.497    0.019    0.213   -2.30  
   8.79  -0.497   -0.506    0.000    0.202   -2.40  
   8.80  -0.499   -0.513   -0.019    0.191   -2.50  
   8.81  -0.500   -0.520   -0.037    0.179   -2.60  
   8.81  -0.502   -0.527   -0.055    0.167   -2.70  
   8.82  -0.503   -0.533   -0.072    0.155   -2.80  
   8.83  -0.504   -0.539   -0.088    0.143   -2.90  
   8.83  -0.505   -0.544   -0.104    0.130   -3.00  
   8.84  -0.506   -0.549   -0.120    0.117   -3.10  
   8.84  -0.507   -0.553   -0.137    0.101   -3.20  
   8.85  -0.507   -0.557   -0.153    0.085   -3.30  
   8.85  -0.508   -0.561   -0.168    0.068   -3.40  
   8.86  -0.509   -0.564   -0.183    0.052   -3.50  
   8.86  -0.509   -0.567   -0.196    0.036   -3.60  
   8.86  -0.510   -0.570   -0.209    0.020   -3.70  
   8.87  -0.510   -0.572   -0.221    0.005   -3.80  
   8.87  -0.511   -0.575   -0.233   -0.010   -3.90  
   8.87  -0.511   -0.577   -0.244   -0.025   -4.00  
   8.88  -0.511   -0.579   -0.254   -0.040   -4.10  
   8.88  -0.512   -0.581   -0.264   -0.054   -4.20  
   8.88  -0.512   -0.582   -0.273   -0.068   -4.30  
   8.88  -0.512   -0.584   -0.281   -0.082   -4.40  
   8.88  -0.512   -0.585   -0.289   -0.095   -4.50  
   8.88  -0.513   -0.587   -0.297   -0.108   -4.60  
   8.89  -0.513   -0.588   -0.304   -0.120   -4.70  
   8.89  -0.513   -0.589   -0.311   -0.132   -4.80  
   8.89  -0.513   -0.590   -0.317   -0.144   -4.90  
   8.89  -0.513   -0.591   -0.323   -0.155   -5.00  
   8.89  -0.513   -0.591   -0.328   -0.166   -5.10  
   8.89  -0.513   -0.592   -0.333   -0.178   -5.20  
