## Mr-color sequences for H (DA) white dwarf plus M dwarf with [Fe/H] = -1.5 
## Mr is the total, dMr is the difference between WD and MD. 
## For details, see Palaversa et al. (2024). 
    Mr     ug       gr       ri       iz       dMr
   7.75  -0.378   -0.042    0.140    0.090    0.00  
   7.80  -0.395   -0.073    0.131    0.089   -0.10  
   7.84  -0.410   -0.103    0.123    0.087   -0.20  
   7.89  -0.423   -0.133    0.113    0.086   -0.30  
   7.93  -0.436   -0.162    0.104    0.084   -0.40  
   7.97  -0.447   -0.190    0.093    0.081   -0.50  
   8.01  -0.456   -0.217    0.083    0.079   -0.60  
   8.04  -0.465   -0.243    0.072    0.076   -0.70  
   8.08  -0.473   -0.268    0.061    0.073   -0.80  
   8.11  -0.480   -0.291    0.049    0.070   -0.90  
   8.14  -0.487   -0.314    0.038    0.067   -1.00  
   8.16  -0.492   -0.335    0.026    0.063   -1.10  
   8.19  -0.497   -0.356    0.015    0.060   -1.20  
   8.21  -0.502   -0.375    0.003    0.056   -1.30  
   8.24  -0.506   -0.393   -0.009    0.052   -1.40  
   8.26  -0.510   -0.409   -0.021    0.048   -1.50  
   8.28  -0.514   -0.425   -0.033    0.043   -1.60  
   8.29  -0.517   -0.439   -0.046    0.038   -1.70  
   8.31  -0.520   -0.453   -0.058    0.033   -1.80  
   8.33  -0.522   -0.466   -0.071    0.027   -1.90  
   8.34  -0.525   -0.477   -0.083    0.020   -2.00  
   8.35  -0.527   -0.488   -0.096    0.014   -2.10  
   8.37  -0.529   -0.498   -0.109    0.006   -2.20  
   8.38  -0.531   -0.507   -0.121   -0.001   -2.30  
   8.39  -0.532   -0.516   -0.133   -0.009   -2.40  
   8.40  -0.534   -0.524   -0.145   -0.017   -2.50  
   8.41  -0.535   -0.531   -0.157   -0.026   -2.60  
   8.41  -0.537   -0.537   -0.169   -0.035   -2.70  
   8.42  -0.538   -0.544   -0.180   -0.043   -2.80  
   8.43  -0.539   -0.549   -0.191   -0.052   -2.90  
   8.43  -0.540   -0.554   -0.202   -0.062   -3.00  
   8.44  -0.541   -0.559   -0.212   -0.071   -3.10  
   8.44  -0.542   -0.563   -0.222   -0.080   -3.20  
   8.45  -0.542   -0.567   -0.232   -0.090   -3.30  
   8.45  -0.543   -0.571   -0.241   -0.099   -3.40  
   8.46  -0.544   -0.574   -0.249   -0.107   -3.50  
   8.46  -0.544   -0.577   -0.257   -0.114   -3.60  
   8.46  -0.545   -0.580   -0.264   -0.120   -3.70  
   8.47  -0.545   -0.583   -0.271   -0.127   -3.80  
   8.47  -0.546   -0.585   -0.277   -0.133   -3.90  
   8.47  -0.546   -0.587   -0.283   -0.139   -4.00  
   8.48  -0.546   -0.589   -0.289   -0.146   -4.10  
   8.48  -0.547   -0.591   -0.295   -0.152   -4.20  
   8.48  -0.547   -0.593   -0.301   -0.158   -4.30  
   8.48  -0.547   -0.594   -0.306   -0.165   -4.40  
   8.48  -0.548   -0.595   -0.311   -0.171   -4.50  
   8.48  -0.548   -0.597   -0.316   -0.177   -4.60  
   8.49  -0.548   -0.598   -0.320   -0.183   -4.70  
   8.49  -0.548   -0.599   -0.325   -0.189   -4.80  
   8.49  -0.548   -0.600   -0.329   -0.195   -4.90  
   8.49  -0.549   -0.601   -0.333   -0.200   -5.00  
   8.49  -0.549   -0.602   -0.336   -0.206   -5.10  
   8.49  -0.549   -0.602   -0.340   -0.211   -5.20  
   8.49  -0.549   -0.603   -0.343   -0.217   -5.30  
   8.49  -0.549   -0.604   -0.346   -0.222   -5.40  
   8.49  -0.549   -0.604   -0.350   -0.227   -5.50  
   8.49  -0.549   -0.605   -0.353   -0.237   -5.60  
   8.49  -0.549   -0.605   -0.357   -0.246   -5.70  
   8.49  -0.549   -0.606   -0.360   -0.255   -5.80  
   8.50  -0.549   -0.606   -0.364   -0.263   -5.90  
   8.50  -0.549   -0.606   -0.366   -0.271   -6.00  
   7.80  -0.362   -0.007    0.159    0.100    0.10  
   7.85  -0.380   -0.039    0.152    0.100    0.00  
   7.90  -0.397   -0.070    0.144    0.099   -0.10  
   7.94  -0.411   -0.101    0.135    0.098   -0.20  
   7.99  -0.424   -0.131    0.125    0.096   -0.30  
   8.03  -0.436   -0.160    0.116    0.094   -0.40  
   8.07  -0.447   -0.188    0.106    0.092   -0.50  
   8.11  -0.456   -0.216    0.095    0.090   -0.60  
   8.14  -0.465   -0.242    0.084    0.088   -0.70  
   8.18  -0.473   -0.267    0.073    0.085   -0.80  
   8.21  -0.480   -0.291    0.062    0.082   -0.90  
   8.24  -0.486   -0.314    0.051    0.080   -1.00  
   8.26  -0.492   -0.335    0.039    0.077   -1.10  
   8.29  -0.497   -0.355    0.027    0.073   -1.20  
   8.31  -0.501   -0.375    0.015    0.070   -1.30  
   8.34  -0.505   -0.392    0.003    0.066   -1.40  
   8.36  -0.509   -0.409   -0.009    0.062   -1.50  
   8.38  -0.513   -0.425   -0.022    0.057   -1.60  
   8.39  -0.516   -0.439   -0.035    0.052   -1.70  
   8.41  -0.519   -0.453   -0.048    0.046   -1.80  
   8.43  -0.521   -0.466   -0.061    0.040   -1.90  
   8.44  -0.524   -0.477   -0.074    0.033   -2.00  
   8.45  -0.526   -0.488   -0.087    0.026   -2.10  
   8.47  -0.528   -0.498   -0.100    0.019   -2.20  
   8.48  -0.530   -0.507   -0.113    0.011   -2.30  
   8.49  -0.531   -0.516   -0.126    0.003   -2.40  
   8.50  -0.533   -0.524   -0.138   -0.006   -2.50  
   8.51  -0.534   -0.531   -0.151   -0.014   -2.60  
   8.51  -0.536   -0.537   -0.163   -0.023   -2.70  
   8.52  -0.537   -0.544   -0.174   -0.033   -2.80  
   8.53  -0.538   -0.549   -0.186   -0.042   -2.90  
   8.53  -0.539   -0.554   -0.197   -0.051   -3.00  
   8.54  -0.540   -0.559   -0.207   -0.061   -3.10  
   8.54  -0.541   -0.563   -0.217   -0.071   -3.20  
   8.55  -0.541   -0.567   -0.227   -0.080   -3.30  
   8.55  -0.542   -0.571   -0.236   -0.089   -3.40  
   8.56  -0.543   -0.574   -0.244   -0.096   -3.50  
   8.56  -0.543   -0.577   -0.252   -0.102   -3.60  
   8.56  -0.544   -0.580   -0.259   -0.109   -3.70  
   8.57  -0.544   -0.583   -0.266   -0.115   -3.80  
   8.57  -0.545   -0.585   -0.273   -0.122   -3.90  
   8.57  -0.545   -0.587   -0.280   -0.129   -4.00  
   8.58  -0.545   -0.589   -0.286   -0.135   -4.10  
   8.58  -0.546   -0.591   -0.292   -0.142   -4.20  
   8.58  -0.546   -0.593   -0.297   -0.149   -4.30  
   8.58  -0.546   -0.594   -0.303   -0.155   -4.40  
   8.58  -0.547   -0.595   -0.308   -0.162   -4.50  
   8.58  -0.547   -0.597   -0.313   -0.168   -4.60  
   8.59  -0.547   -0.598   -0.318   -0.174   -4.70  
   8.59  -0.547   -0.599   -0.322   -0.180   -4.80  
   8.59  -0.547   -0.600   -0.326   -0.186   -4.90  
   8.59  -0.548   -0.601   -0.331   -0.192   -5.00  
   8.59  -0.548   -0.602   -0.334   -0.198   -5.10  
   8.59  -0.548   -0.602   -0.338   -0.204   -5.20  
   8.59  -0.548   -0.603   -0.341   -0.210   -5.30  
   8.59  -0.548   -0.604   -0.345   -0.215   -5.40  
   8.59  -0.548   -0.604   -0.349   -0.226   -5.50  
   8.59  -0.548   -0.605   -0.353   -0.235   -5.60  
   8.59  -0.548   -0.605   -0.357   -0.245   -5.70  
   8.59  -0.548   -0.606   -0.360   -0.254   -5.80  
   8.60  -0.548   -0.606   -0.363   -0.262   -5.90  
   7.84  -0.336    0.030    0.178    0.110    0.20  
   7.90  -0.356   -0.003    0.171    0.110    0.10  
   7.95  -0.373   -0.035    0.164    0.110    0.00  
   8.00  -0.389   -0.066    0.156    0.109   -0.10  
   8.04  -0.403   -0.098    0.147    0.108   -0.20  
   8.09  -0.416   -0.128    0.138    0.107   -0.30  
   8.13  -0.428   -0.158    0.128    0.105   -0.40  
   8.17  -0.438   -0.186    0.118    0.104   -0.50  
   8.21  -0.447   -0.214    0.108    0.102   -0.60  
   8.24  -0.456   -0.240    0.097    0.100   -0.70  
   8.28  -0.463   -0.266    0.086    0.098   -0.80  
   8.31  -0.470   -0.290    0.075    0.095   -0.90  
   8.34  -0.476   -0.312    0.064    0.093   -1.00  
   8.36  -0.482   -0.334    0.052    0.090   -1.10  
   8.39  -0.487   -0.354    0.040    0.087   -1.20  
   8.41  -0.491   -0.373    0.028    0.084   -1.30  
   8.44  -0.496   -0.391    0.015    0.080   -1.40  
   8.46  -0.499   -0.408    0.002    0.076   -1.50  
   8.48  -0.503   -0.424   -0.011    0.071   -1.60  
   8.49  -0.506   -0.438   -0.024    0.066   -1.70  
   8.51  -0.509   -0.452   -0.038    0.060   -1.80  
   8.53  -0.511   -0.465   -0.051    0.053   -1.90  
   8.54  -0.514   -0.476   -0.065    0.046   -2.00  
   8.55  -0.516   -0.487   -0.078    0.039   -2.10  
   8.57  -0.518   -0.497   -0.092    0.031   -2.20  
   8.58  -0.520   -0.506   -0.105    0.023   -2.30  
   8.59  -0.522   -0.515   -0.118    0.015   -2.40  
   8.60  -0.523   -0.523   -0.131    0.006   -2.50  
   8.61  -0.525   -0.530   -0.144   -0.003   -2.60  
   8.61  -0.526   -0.536   -0.156   -0.012   -2.70  
   8.62  -0.527   -0.543   -0.168   -0.022   -2.80  
   8.63  -0.528   -0.548   -0.180   -0.031   -2.90  
   8.63  -0.529   -0.553   -0.191   -0.041   -3.00  
   8.64  -0.530   -0.558   -0.202   -0.051   -3.10  
   8.64  -0.531   -0.562   -0.213   -0.061   -3.20  
   8.65  -0.531   -0.566   -0.223   -0.070   -3.30  
   8.65  -0.532   -0.570   -0.231   -0.077   -3.40  
   8.66  -0.533   -0.573   -0.239   -0.083   -3.50  
   8.66  -0.533   -0.576   -0.247   -0.090   -3.60  
   8.66  -0.534   -0.579   -0.255   -0.097   -3.70  
   8.67  -0.534   -0.582   -0.262   -0.104   -3.80  
   8.67  -0.535   -0.584   -0.269   -0.111   -3.90  
   8.67  -0.535   -0.586   -0.276   -0.118   -4.00  
   8.68  -0.536   -0.588   -0.282   -0.125   -4.10  
   8.68  -0.536   -0.590   -0.288   -0.132   -4.20  
   8.68  -0.536   -0.592   -0.294   -0.138   -4.30  
   8.68  -0.537   -0.593   -0.300   -0.145   -4.40  
   8.68  -0.537   -0.594   -0.305   -0.152   -4.50  
   8.68  -0.537   -0.596   -0.310   -0.159   -4.60  
   8.69  -0.537   -0.597   -0.315   -0.165   -4.70  
   8.69  -0.537   -0.598   -0.320   -0.172   -4.80  
   8.69  -0.538   -0.599   -0.324   -0.178   -4.90  
   8.69  -0.538   -0.600   -0.328   -0.184   -5.00  
   8.69  -0.538   -0.601   -0.332   -0.190   -5.10  
   8.69  -0.538   -0.601   -0.336   -0.196   -5.20  
   8.69  -0.538   -0.602   -0.340   -0.202   -5.30  
   8.69  -0.538   -0.603   -0.344   -0.213   -5.40  
   8.69  -0.538   -0.603   -0.349   -0.224   -5.50  
   8.69  -0.538   -0.604   -0.353   -0.234   -5.60  
   8.69  -0.538   -0.604   -0.356   -0.243   -5.70  
   8.69  -0.538   -0.605   -0.360   -0.252   -5.80  
   7.89  -0.308    0.074    0.196    0.121    0.30  
   7.94  -0.329    0.041    0.191    0.121    0.20  
   8.00  -0.348    0.008    0.184    0.121    0.10  
   8.05  -0.365   -0.024    0.177    0.121    0.00  
   8.10  -0.381   -0.056    0.169    0.121   -0.10  
   8.14  -0.395   -0.088    0.160    0.121   -0.20  
   8.19  -0.408   -0.118    0.151    0.120   -0.30  
   8.23  -0.419   -0.148    0.141    0.119   -0.40  
   8.27  -0.429   -0.177    0.132    0.117   -0.50  
   8.31  -0.438   -0.205    0.121    0.116   -0.60  
   8.34  -0.447   -0.231    0.111    0.115   -0.70  
   8.38  -0.454   -0.257    0.100    0.113   -0.80  
   8.41  -0.461   -0.281    0.089    0.111   -0.90  
   8.44  -0.467   -0.304    0.077    0.109   -1.00  
   8.46  -0.472   -0.325    0.065    0.107   -1.10  
   8.49  -0.477   -0.346    0.053    0.104   -1.20  
   8.51  -0.482   -0.365    0.040    0.101   -1.30  
   8.54  -0.486   -0.383    0.027    0.097   -1.40  
   8.56  -0.490   -0.400    0.014    0.093   -1.50  
   8.58  -0.493   -0.415    0.001    0.088   -1.60  
   8.59  -0.497   -0.430   -0.013    0.082   -1.70  
   8.61  -0.500   -0.443   -0.027    0.076   -1.80  
   8.63  -0.502   -0.456   -0.041    0.070   -1.90  
   8.64  -0.505   -0.467   -0.055    0.063   -2.00  
   8.65  -0.507   -0.478   -0.069    0.056   -2.10  
   8.67  -0.509   -0.488   -0.083    0.048   -2.20  
   8.68  -0.511   -0.497   -0.097    0.039   -2.30  
   8.69  -0.512   -0.506   -0.111    0.031   -2.40  
   8.70  -0.514   -0.514   -0.124    0.022   -2.50  
   8.71  -0.515   -0.521   -0.137    0.013   -2.60  
   8.71  -0.517   -0.528   -0.150    0.003   -2.70  
   8.72  -0.518   -0.534   -0.162   -0.006   -2.80  
   8.73  -0.519   -0.539   -0.174   -0.016   -2.90  
   8.73  -0.520   -0.544   -0.186   -0.026   -3.00  
   8.74  -0.521   -0.549   -0.197   -0.036   -3.10  
   8.74  -0.522   -0.553   -0.208   -0.045   -3.20  
   8.75  -0.522   -0.557   -0.217   -0.052   -3.30  
   8.75  -0.523   -0.561   -0.225   -0.059   -3.40  
   8.76  -0.524   -0.564   -0.234   -0.066   -3.50  
   8.76  -0.524   -0.567   -0.242   -0.073   -3.60  
   8.76  -0.525   -0.570   -0.250   -0.080   -3.70  
   8.77  -0.525   -0.573   -0.257   -0.087   -3.80  
   8.77  -0.526   -0.575   -0.265   -0.094   -3.90  
   8.77  -0.526   -0.577   -0.272   -0.101   -4.00  
   8.78  -0.527   -0.579   -0.278   -0.108   -4.10  
   8.78  -0.527   -0.581   -0.285   -0.115   -4.20  
   8.78  -0.527   -0.583   -0.291   -0.122   -4.30  
   8.78  -0.527   -0.584   -0.296   -0.129   -4.40  
   8.78  -0.528   -0.585   -0.302   -0.136   -4.50  
   8.78  -0.528   -0.587   -0.307   -0.143   -4.60  
   8.79  -0.528   -0.588   -0.312   -0.150   -4.70  
   8.79  -0.528   -0.589   -0.317   -0.157   -4.80  
   8.79  -0.528   -0.590   -0.322   -0.163   -4.90  
   8.79  -0.529   -0.591   -0.326   -0.170   -5.00  
   8.79  -0.529   -0.592   -0.330   -0.176   -5.10  
   8.79  -0.529   -0.592   -0.334   -0.182   -5.20  
   8.79  -0.529   -0.593   -0.339   -0.194   -5.30  
   8.79  -0.529   -0.594   -0.344   -0.205   -5.40  
   8.79  -0.529   -0.594   -0.348   -0.216   -5.50  
   8.79  -0.529   -0.595   -0.352   -0.226   -5.60  
   8.79  -0.529   -0.595   -0.356   -0.236   -5.70  
   7.93  -0.274    0.111    0.214    0.130    0.40  
   7.99  -0.297    0.078    0.209    0.131    0.30  
   8.04  -0.317    0.045    0.204    0.132    0.20  
   8.10  -0.336    0.011    0.197    0.132    0.10  
   8.15  -0.352   -0.022    0.190    0.132    0.00  
   8.20  -0.368   -0.054    0.182    0.132   -0.10  
   8.24  -0.381   -0.086    0.174    0.132   -0.20  
   8.29  -0.394   -0.117    0.165    0.132   -0.30  
   8.33  -0.405   -0.147    0.155    0.131   -0.40  
   8.37  -0.415   -0.176    0.146    0.130   -0.50  
   8.41  -0.424   -0.204    0.135    0.130   -0.60  
   8.44  -0.432   -0.231    0.125    0.128   -0.70  
   8.48  -0.439   -0.256    0.114    0.127   -0.80  
   8.51  -0.446   -0.281    0.103    0.126   -0.90  
   8.54  -0.452   -0.304    0.091    0.124   -1.00  
   8.56  -0.457   -0.325    0.079    0.122   -1.10  
   8.59  -0.462   -0.346    0.066    0.119   -1.20  
   8.61  -0.467   -0.365    0.053    0.116   -1.30  
   8.64  -0.471   -0.383    0.040    0.112   -1.40  
   8.66  -0.475   -0.399    0.026    0.108   -1.50  
   8.68  -0.478   -0.415    0.012    0.103   -1.60  
   8.69  -0.481   -0.430   -0.002    0.097   -1.70  
   8.71  -0.484   -0.443   -0.017    0.091   -1.80  
   8.73  -0.487   -0.456   -0.031    0.084   -1.90  
   8.74  -0.489   -0.467   -0.046    0.077   -2.00  
   8.75  -0.491   -0.478   -0.061    0.070   -2.10  
   8.77  -0.493   -0.488   -0.075    0.061   -2.20  
   8.78  -0.495   -0.497   -0.089    0.053   -2.30  
   8.79  -0.497   -0.506   -0.103    0.044   -2.40  
   8.80  -0.499   -0.514   -0.117    0.035   -2.50  
   8.81  -0.500   -0.521   -0.130    0.026   -2.60  
   8.81  -0.501   -0.528   -0.143    0.016   -2.70  
   8.82  -0.502   -0.534   -0.156    0.006   -2.80  
   8.83  -0.503   -0.539   -0.169   -0.004   -2.90  
   8.83  -0.504   -0.544   -0.180   -0.014   -3.00  
   8.84  -0.505   -0.549   -0.192   -0.024   -3.10  
   8.84  -0.506   -0.553   -0.201   -0.030   -3.20  
   8.85  -0.507   -0.557   -0.211   -0.037   -3.30  
   8.85  -0.508   -0.561   -0.220   -0.044   -3.40  
   8.86  -0.508   -0.564   -0.228   -0.052   -3.50  
   8.86  -0.509   -0.567   -0.237   -0.059   -3.60  
   8.86  -0.509   -0.570   -0.245   -0.066   -3.70  
   8.87  -0.510   -0.573   -0.253   -0.073   -3.80  
   8.87  -0.510   -0.575   -0.260   -0.081   -3.90  
   8.87  -0.511   -0.577   -0.267   -0.088   -4.00  
   8.88  -0.511   -0.579   -0.274   -0.096   -4.10  
   8.88  -0.512   -0.581   -0.281   -0.103   -4.20  
   8.88  -0.512   -0.583   -0.287   -0.110   -4.30  
   8.88  -0.512   -0.584   -0.293   -0.117   -4.40  
   8.88  -0.512   -0.585   -0.299   -0.125   -4.50  
   8.88  -0.513   -0.587   -0.304   -0.132   -4.60  
   8.89  -0.513   -0.588   -0.310   -0.139   -4.70  
   8.89  -0.513   -0.589   -0.315   -0.145   -4.80  
   8.89  -0.513   -0.590   -0.319   -0.152   -4.90  
   8.89  -0.513   -0.591   -0.324   -0.159   -5.00  
   8.89  -0.513   -0.591   -0.328   -0.166   -5.10  
   8.89  -0.513   -0.592   -0.333   -0.178   -5.20  
