#NUMBER OF AGES=15
#----------------------------------------------------       
#MIX-LEN  Y      Z          Zeff        [Fe/H] [a/Fe]       
# 1.9380  0.2464 8.2772E-04 8.2772E-04  -1.30   0.00        
#----------------------------------------------------       
#**PHOTOMETRIC SYSTEM**: SDSS (AB)                          
#----------------------------------------------------       
#AGE= 0.010 BINS=132 Power-law IMF: x=-2.350
# N  sdss_r       Log10(N)       Log10(dN)
  1 -1.865            NaN         0.0000
  2 -1.765            NaN         0.0000
  3 -1.665        -0.1141         0.6456
  4 -1.565         0.9020         0.8580
  5 -1.465         1.4362         1.2860
  6 -1.365         1.6457         1.2287
  7 -1.265         1.7103         0.8507
  8 -1.165         1.8423         1.2607
  9 -1.065         1.9504         1.2935
 10 -0.965         2.0427         1.3246
 11 -0.865         2.1235         1.3536
 12 -0.765         2.1959         1.3824
 13 -0.665         2.1082         1.3824
 14 -0.565         2.1710         1.3001
 15 -0.465         2.2764         1.6095
 16 -0.365         2.3742         1.6787
 17 -0.265         2.4607         1.7177
 18 -0.165         2.5176         1.6065
 19 -0.065         2.5729         1.6508
 20  0.035         2.6192         1.6236
 21  0.135         2.6652         1.6677
 22  0.235         2.7117         1.7185
 23  0.335         2.7573         1.7554
 24  0.435         2.8132         1.8955
 25  0.535         2.8698         1.9570
 26  0.635         2.9208         1.9651
 27  0.735         2.9667         1.9678
 28  0.835         3.0085         1.9709
 29  0.935         3.0460         1.9638
 30  1.035         3.0808         1.9672
 31  1.135         3.1131         1.9684
 32  1.235         3.1436         1.9753
 33  1.335         3.1724         1.9791
 34  1.435         3.2062         2.0807
 35  1.535         3.2296         1.9507
 36  1.635         3.2514         1.9410
 37  1.735         3.2762         2.0197
 38  1.835         3.4035         2.8085
 39  1.935         3.4375         2.3148
 40  2.035         3.4790         2.4384
 41  2.135         3.5014         2.2018
 42  2.235         3.5188         2.1130
 43  2.335         3.5356         2.1156
 44  2.435         3.5522         2.1259
 45  2.535         3.5683         2.1293
 46  2.635         3.5842         2.1398
 47  2.735         3.6004         2.1648
 48  2.835         3.6173         2.1989
 49  2.935         3.6347         2.2290
 50  3.035         3.6531         2.2697
 51  3.135         3.6715         2.2910
 52  3.235         3.6894         2.2954
 53  3.335         3.7061         2.2815
 54  3.435         3.7217         2.2702
 55  3.535         3.7370         2.2771
 56  3.635         3.7519         2.2793
 57  3.735         3.7639         2.1987
 58  3.835         3.7759         2.2128
 59  3.935         3.7880         2.2272
 60  4.035         3.8002         2.2419
 61  4.135         3.8125         2.2568
 62  4.235         3.8248         2.2720
 63  4.335         3.8372         2.2874
 64  4.435         3.8497         2.3033
 65  4.535         3.8624         2.3198
 66  4.635         3.8751         2.3346
 67  4.735         3.8878         2.3474
 68  4.835         3.9004         2.3583
 69  4.935         3.9130         2.3671
 70  5.035         3.9253         2.3738
 71  5.135         3.9376         2.3811
 72  5.235         3.9497         2.3917
 73  5.335         3.9618         2.4009
 74  5.435         3.9738         2.4084
 75  5.535         3.9856         2.4142
 76  5.635         3.9972         2.4184
 77  5.735         4.0086         2.4205
 78  5.835         4.0197         2.4214
 79  5.935         4.0306         2.4255
 80  6.035         4.0414         2.4330
 81  6.135         4.0523         2.4442
 82  6.235         4.0633         2.4609
 83  6.335         4.0751         2.5047
 84  6.435         4.0869         2.5135
 85  6.535         4.0985         2.5195
 86  6.635         4.1098         2.5220
 87  6.735         4.1208         2.5160
 88  6.835         4.1316         2.5215
 89  6.935         4.1364         2.1855
 90  7.035         4.1437         2.3636
 91  7.135         4.1518         2.4198
 92  7.235         4.1594         2.3964
 93  7.335         4.1672         2.4190
 94  7.435         4.1755         2.4506
 95  7.535         4.1843         2.4892
 96  7.635         4.1941         2.5414
 97  7.735         4.2142         2.8704
 98  7.835         4.2621         3.2802
 99  7.935         4.3091         3.3200
100  8.035         4.3529         3.3354
101  8.135         4.3931         3.3394
102  8.235         4.4322         3.3678
103  8.335         4.4660         3.3400
104  8.435         4.4948         3.3020
105  8.535         4.5198         3.2681
106  8.635         4.5420         3.2378
107  8.735         4.5619         3.2143
108  8.835         4.5805         3.2024
109  8.935         4.5986         3.2090
110  9.035         4.6173         3.2419
111  9.135         4.6379         3.3054
112  9.235         4.6606         3.3658
113  9.335         4.6778         3.2670
114  9.435         4.6958         3.3044
115  9.535         4.7134         3.3122
116  9.635         4.7304         3.3157
117  9.735         4.7470         3.3215
118  9.835         4.7633         3.3298
119  9.935         4.7794         3.3407
120 10.035         4.7955         3.3544
121 10.135         4.8115         3.3709
122 10.235         4.8277         3.3902
123 10.335         4.8440         3.4122
124 10.435         4.8607         3.4368
125 10.535         4.8775         3.4554
126 10.635         4.8941         3.4697
127 10.735         4.9108         3.4881
128 10.835         4.9278         3.5111
129 10.935         4.9452         3.5387
130 11.035         4.9631         3.5707
131 11.135         4.9816         3.5997
132 11.235         5.0000         3.6189


#AGE= 0.100 BINS=129 Power-law IMF: x=-2.350
# N  sdss_r       Log10(N)       Log10(dN)
  1 -1.454            NaN         3.6189
  2 -1.354            NaN         3.6189
  3 -1.254            NaN        -0.4699
  4 -1.154            NaN         1.2869
  5 -1.054            NaN         1.0966
  6 -0.954         0.6890         1.0228
  7 -0.854         1.3766         1.2768
  8 -0.754         1.6456         1.3101
  9 -0.654         1.8208         1.3417
 10 -0.554         1.9540         1.3758
 11 -0.454         1.7525         1.3758
 12 -0.354         1.9214         1.4297
 13 -0.254         2.1062         1.6460
 14 -0.154         2.2491         1.6968
 15 -0.054         2.3623         1.7230
 16  0.046         2.4336         1.6134
 17  0.146         2.5007         1.6564
 18  0.246         2.5632         1.6907
 19  0.346         2.6249         1.7469
 20  0.446         2.6800         1.7562
 21  0.546         2.7547         1.9532
 22  0.646         2.8181         1.9510
 23  0.746         2.8758         1.9705
 24  0.846         2.9298         1.9981
 25  0.946         2.9774         1.9936
 26  1.046         3.0198         1.9883
 27  1.146         3.0586         1.9907
 28  1.246         3.0937         1.9834
 29  1.346         3.1269         1.9940
 30  1.446         3.1582         1.9997
 31  1.546         3.1944         2.0978
 32  1.646         3.2199         1.9766
 33  1.746         3.2437         1.9689
 34  1.846         3.2711         2.0580
 35  1.946         3.3969         2.7973
 36  2.046         3.4259         2.2361
 37  2.146         3.4503         2.1891
 38  2.246         3.4898         2.4284
 39  2.346         3.5081         2.1230
 40  2.446         3.5256         2.1218
 41  2.546         3.5427         2.1295
 42  2.646         3.5593         2.1350
 43  2.746         3.5756         2.1416
 44  2.846         3.5921         2.1633
 45  2.946         3.6092         2.1968
 46  3.046         3.6269         2.2264
 47  3.146         3.6453         2.2642
 48  3.246         3.6639         2.2864
 49  3.346         3.6820         2.2921
 50  3.446         3.6988         2.2778
 51  3.546         3.7146         2.2678
 52  3.646         3.7302         2.2772
 53  3.746         3.7444         2.2516
 54  3.846         3.7565         2.1977
 55  3.946         3.7687         2.2116
 56  4.046         3.7810         2.2258
 57  4.146         3.7933         2.2402
 58  4.246         3.8057         2.2550
 59  4.346         3.8182         2.2700
 60  4.446         3.8307         2.2853
 61  4.546         3.8434         2.3009
 62  4.646         3.8561         2.3173
 63  4.746         3.8689         2.3330
 64  4.846         3.8818         2.3466
 65  4.946         3.8946         2.3582
 66  5.046         3.9073         2.3677
 67  5.146         3.9199         2.3750
 68  5.246         3.9323         2.3815
 69  5.346         3.9446         2.3920
 70  5.446         3.9569         2.4014
 71  5.546         3.9690         2.4089
 72  5.646         3.9810         2.4147
 73  5.746         3.9927         2.4185
 74  5.846         4.0042         2.4201
 75  5.946         4.0154         2.4211
 76  6.046         4.0264         2.4256
 77  6.146         4.0374         2.4339
 78  6.246         4.0483         2.4463
 79  6.346         4.0594         2.4615
 80  6.446         4.0706         2.4731
 81  6.546         4.0824         2.5110
 82  6.646         4.0943         2.5259
 83  6.746         4.1060         2.5304
 84  6.846         4.1175         2.5347
 85  6.946         4.1265         2.4418
 86  7.046         4.1336         2.3432
 87  7.146         4.1416         2.4010
 88  7.246         4.1497         2.4165
 89  7.346         4.1577         2.4171
 90  7.446         4.1659         2.4392
 91  7.546         4.1746         2.4700
 92  7.646         4.1838         2.5094
 93  7.746         4.1945         2.5795
 94  7.846         4.2068         2.6532
 95  7.946         4.2270         2.8847
 96  8.046         4.2744         3.2891
 97  8.146         4.3203         3.3208
 98  8.246         4.3667         3.3728
 99  8.346         4.4098         3.3852
100  8.446         4.4477         3.3695
101  8.546         4.4797         3.3311
102  8.646         4.5067         3.2875
103  8.746         4.5303         3.2524
104  8.846         4.5513         3.2259
105  8.946         4.5709         3.2154
106  9.046         4.5903         3.2310
107  9.146         4.6112         3.2835
108  9.246         4.6348         3.3578
109  9.346         4.6530         3.2654
110  9.446         4.6716         3.2956
111  9.546         4.6907         3.3239
112  9.646         4.7091         3.3261
113  9.746         4.7268         3.3286
114  9.846         4.7440         3.3334
115  9.946         4.7608         3.3406
116 10.046         4.7774         3.3504
117 10.146         4.7938         3.3630
118 10.246         4.8102         3.3784
119 10.346         4.8266         3.3966
120 10.446         4.8432         3.4176
121 10.546         4.8601         3.4413
122 10.646         4.8771         3.4616
123 10.746         4.8940         3.4759
124 10.846         4.9110         3.4936
125 10.946         4.9281         3.5152
126 11.046         4.9455         3.5408
127 11.146         4.9634         3.5701
128 11.246         4.9817         3.5966
129 11.346         5.0000         3.6152


#AGE= 1.000 BINS=136 Power-law IMF: x=-2.350
# N  sdss_r       Log10(N)       Log10(dN)
  1 -1.048         0.0754         0.0754
  2 -0.948         0.3811         0.0846
  3 -0.848         0.5628         0.0967
  4 -0.748         0.6920         0.1025
  5 -0.648         0.7933         0.1114
  6 -0.548         0.8761         0.1155
  7 -0.448         0.9459         0.1177
  8 -0.348         1.0061         0.1180
  9 -0.248         1.0585         0.1140
 10 -0.148         1.1045         0.1069
 11 -0.048         1.1457         0.1020
 12  0.052         1.1826         0.0945
 13  0.152         1.2162         0.0874
 14  0.252         1.2466         0.0763
 15  0.352         1.2746         0.0705
 16  0.452         1.3843         0.7329
 17  0.552         1.4648         0.6934
 18  0.652         1.5587         0.8476
 19  0.752         1.5912         0.4485
 20  0.852         1.6266         0.5210
 21  0.952         1.6584         0.5072
 22  1.052         1.6746         0.2382
 23  1.152         1.6805        -0.1926
 24  1.252         1.8753         1.4334
 25  1.352         2.0406         1.5411
 26  1.452         2.1561         1.5244
 27  1.552         2.2540         1.5589
 28  1.652         2.3421         1.6060
 29  1.752         2.4214         1.6441
 30  1.852         2.4948         1.6865
 31  1.952         2.5714         1.7797
 32  2.052         2.6512         1.8765
 33  2.152         2.7269         1.9306
 34  2.252         2.7965         1.9670
 35  2.352         2.8458         1.8765
 36  2.452         2.9130         2.0696
 37  2.552         2.9691         2.0523
 38  2.652         3.0188         2.0527
 39  2.752         3.0629         2.0483
 40  2.852         3.1088         2.1096
 41  2.952         3.1504         2.1117
 42  3.052         3.1891         2.1191
 43  3.152         3.2238         2.1096
 44  3.252         3.2556         2.1040
 45  3.352         3.2841         2.0877
 46  3.452         3.3108         2.0862
 47  3.552         3.3378         2.1170
 48  3.652         3.3576         2.0067
 49  3.752         3.3825         2.1283
 50  3.852         3.4059         2.1269
 51  3.952         3.4286         2.1342
 52  4.052         3.4504         2.1414
 53  4.152         3.4719         2.1552
 54  4.252         3.4930         2.1692
 55  4.352         3.5136         2.1793
 56  4.452         3.5339         2.1943
 57  4.552         3.5538         2.2047
 58  4.652         3.5729         2.2053
 59  4.752         3.5946         2.2829
 60  4.852         3.6156         2.2907
 61  4.952         3.6358         2.2924
 62  5.052         3.6551         2.2945
 63  5.152         3.6738         2.2971
 64  5.252         3.6918         2.3001
 65  5.352         3.7092         2.3037
 66  5.452         3.7261         2.3077
 67  5.552         3.7425         2.3123
 68  5.652         3.7585         2.3173
 69  5.752         3.7742         2.3228
 70  5.852         3.7895         2.3289
 71  5.952         3.8045         2.3354
 72  6.052         3.8192         2.3424
 73  6.152         3.8337         2.3499
 74  6.252         3.8479         2.3563
 75  6.352         3.8619         2.3609
 76  6.452         3.8755         2.3671
 77  6.552         3.8891         2.3751
 78  6.652         3.9024         2.3832
 79  6.752         3.9155         2.3880
 80  6.852         3.9282         2.3895
 81  6.952         3.9407         2.3927
 82  7.052         3.9531         2.4011
 83  7.152         3.9653         2.4087
 84  7.252         3.9773         2.4143
 85  7.352         3.9891         2.4175
 86  7.452         4.0009         2.4259
 87  7.552         4.0126         2.4390
 88  7.652         4.0243         2.4496
 89  7.752         4.0363         2.4721
 90  7.852         4.0487         2.4979
 91  7.952         4.0615         2.5227
 92  8.052         4.0743         2.5390
 93  8.152         4.0875         2.5633
 94  8.252         4.1012         2.5920
 95  8.352         4.1154         2.6233
 96  8.452         4.1302         2.6566
 97  8.552         4.1457         2.6889
 98  8.652         4.1604         2.6848
 99  8.752         4.1780         2.7771
100  8.852         4.1971         2.8304
101  8.952         4.2180         2.8884
102  9.052         4.2398         2.9308
103  9.152         4.2619         2.9565
104  9.252         4.2835         2.9700
105  9.352         4.3055         2.9991
106  9.452         4.3290         3.0499
107  9.552         4.3506         3.0370
108  9.652         4.3733         3.0799
109  9.752         4.3990         3.1582
110  9.852         4.4262         3.2102
111  9.952         4.4545         3.2542
112 10.052         4.4825         3.2773
113 10.152         4.5097         3.2928
114 10.252         4.5368         3.3185
115 10.352         4.5636         3.3408
116 10.452         4.5899         3.3597
117 10.552         4.6156         3.3749
118 10.652         4.6405         3.3863
119 10.752         4.6646         3.3968
120 10.852         4.6881         3.4105
121 10.952         4.7111         3.4234
122 11.052         4.7336         3.4356
123 11.152         4.7555         3.4471
124 11.252         4.7768         3.4578
125 11.352         4.7976         3.4679
126 11.452         4.8179         3.4779
127 11.552         4.8378         3.4878
128 11.652         4.8572         3.4976
129 11.752         4.8762         3.5073
130 11.852         4.8947         3.5163
131 11.952         4.9128         3.5237
132 12.052         4.9306         3.5338
133 12.152         4.9482         3.5472
134 12.252         4.9656         3.5596
135 12.352         4.9828         3.5721
136 12.452         5.0000         3.5889


#AGE= 2.000 BINS=158 Power-law IMF: x=-2.350
# N  sdss_r       Log10(N)       Log10(dN)
  1 -2.908        -0.5649        -0.5649
  2 -2.808        -0.2483        -0.5342
  3 -2.708        -0.0614        -0.5178
  4 -2.608         0.0753        -0.4931
  5 -2.508         0.1849        -0.4668
  6 -2.408         0.2772        -0.4406
  7 -2.308         0.3579        -0.4130
  8 -2.208         0.4298        -0.3865
  9 -2.108         0.4955        -0.3574
 10 -2.008         0.5556        -0.3327
 11 -1.908         0.6111        -0.3103
 12 -1.808         0.6582        -0.3297
 13 -1.708         0.7053        -0.2832
 14 -1.608         0.7529        -0.2303
 15 -1.508         0.7989        -0.1988
 16 -1.408         0.8432        -0.1704
 17 -1.308         0.8844        -0.1587
 18 -1.208         1.0119         0.4174
 19 -1.108         1.0488        -0.0403
 20 -1.008         1.0830        -0.0373
 21 -0.908         1.1167        -0.0106
 22 -0.808         1.1898         0.3797
 23 -0.708         1.2227         0.0863
 24 -0.608         1.2521         0.0679
 25 -0.508         1.2799         0.0725
 26 -0.408         1.3061         0.0736
 27 -0.308         1.3324         0.1015
 28 -0.208         1.3602         0.1519
 29 -0.108         1.3889         0.1952
 30 -0.008         1.4178         0.2270
 31  0.092         1.4468         0.2560
 32  0.192         1.4756         0.2840
 33  0.292         1.5044         0.3104
 34  0.392         1.5332         0.3404
 35  0.492         1.5621         0.3712
 36  0.592         1.5912         0.4036
 37  0.692         1.6208         0.4384
 38  0.792         1.6505         0.4707
 39  0.892         1.6806         0.5071
 40  0.992         1.7113         0.5459
 41  1.092         1.7416         0.5699
 42  1.192         1.7710         0.5873
 43  1.292         1.7997         0.6053
 44  1.392         1.9061         1.2429
 45  1.492         2.0120         1.3473
 46  1.592         2.0955         1.3383
 47  1.692         2.1378         1.1055
 48  1.792         2.1860         1.2078
 49  1.892         2.2393         1.3018
 50  1.992         2.2996         1.4123
 51  2.092         2.3643         1.5050
 52  2.192         2.4267         1.5535
 53  2.292         2.4931         1.6448
 54  2.392         2.5591         1.7085
 55  2.492         2.6242         1.7678
 56  2.592         2.6868         1.8148
 57  2.692         2.7465         1.8548
 58  2.792         2.8035         1.8938
 59  2.892         2.8573         1.9230
 60  2.992         2.9076         1.9464
 61  3.092         2.9543         1.9626
 62  3.192         2.9958         1.9560
 63  3.292         3.0331         1.9487
 64  3.392         3.0686         1.9631
 65  3.492         3.1003         1.9484
 66  3.592         3.1327         1.9885
 67  3.692         3.1642         2.0102
 68  3.792         3.1950         2.0298
 69  3.892         3.2242         2.0378
 70  3.992         3.2523         2.0490
 71  4.092         3.2797         2.0655
 72  4.192         3.3066         2.0850
 73  4.292         3.3329         2.1028
 74  4.392         3.3585         2.1156
 75  4.492         3.3831         2.1239
 76  4.592         3.4067         2.1312
 77  4.692         3.4297         2.1414
 78  4.792         3.4522         2.1563
 79  4.892         3.4748         2.1789
 80  4.992         3.4974         2.2026
 81  5.092         3.5194         2.2142
 82  5.192         3.5404         2.2134
 83  5.292         3.5607         2.2194
 84  5.392         3.5806         2.2332
 85  5.492         3.6004         2.2499
 86  5.592         3.6200         2.2633
 87  5.692         3.6391         2.2743
 88  5.792         3.6579         2.2830
 89  5.892         3.6763         2.2952
 90  5.992         3.6944         2.3045
 91  6.092         3.7118         2.3064
 92  6.192         3.7284         2.3030
 93  6.292         3.7444         2.3036
 94  6.392         3.7601         2.3098
 95  6.492         3.7755         2.3174
 96  6.592         3.7906         2.3229
 97  6.692         3.8053         2.3275
 98  6.792         3.8196         2.3323
 99  6.892         3.8337         2.3355
100  6.992         3.8473         2.3374
101  7.092         3.8608         2.3466
102  7.192         3.8741         2.3552
103  7.292         3.8872         2.3578
104  7.392         3.9000         2.3624
105  7.492         3.9127         2.3732
106  7.592         3.9254         2.3850
107  7.692         3.9381         2.3998
108  7.792         3.9514         2.4289
109  7.892         3.9650         2.4540
110  7.992         3.9788         2.4740
111  8.092         3.9930         2.5013
112  8.192         4.0077         2.5308
113  8.292         4.0213         2.5089
114  8.392         4.0355         2.5434
115  8.492         4.0521         2.6258
116  8.592         4.0688         2.6454
117  8.692         4.0866         2.6897
118  8.792         4.1065         2.7579
119  8.892         4.1287         2.8265
120  8.992         4.1523         2.8764
121  9.092         4.1764         2.9072
122  9.192         4.1994         2.9133
123  9.292         4.2213         2.9131
124  9.392         4.2455         2.9779
125  9.492         4.2727         3.0560
126  9.592         4.2951         2.9971
127  9.692         4.3197         3.0599
128  9.792         4.3463         3.1207
129  9.892         4.3743         3.1694
130  9.992         4.4023         3.1975
131 10.092         4.4304         3.2287
132 10.192         4.4582         3.2508
133 10.292         4.4852         3.2651
134 10.392         4.5117         3.2835
135 10.492         4.5376         3.3009
136 10.592         4.5630         3.3166
137 10.692         4.5877         3.3304
138 10.792         4.6118         3.3442
139 10.892         4.6354         3.3588
140 10.992         4.6585         3.3723
141 11.092         4.6810         3.3847
142 11.192         4.7030         3.3961
143 11.292         4.7244         3.4063
144 11.392         4.7452         3.4163
145 11.492         4.7656         3.4265
146 11.592         4.7855         3.4365
147 11.692         4.8049         3.4464
148 11.792         4.8240         3.4562
149 11.892         4.8425         3.4642
150 11.992         4.8607         3.4728
151 12.092         4.8786         3.4843
152 12.192         4.8963         3.4981
153 12.292         4.9137         3.5093
154 12.392         4.9310         3.5228
155 12.492         4.9483         3.5397
156 12.592         4.9656         3.5562
157 12.692         4.9828         3.5723
158 12.792         5.0000         3.5890


#AGE= 3.000 BINS=157 Power-law IMF: x=-2.350
# N  sdss_r       Log10(N)       Log10(dN)
  1 -2.873        -0.6379        -0.6379
  2 -2.773        -0.3297        -0.6236
  3 -2.673        -0.1414        -0.5952
  4 -2.573        -0.0053        -0.5756
  5 -2.473         0.1035        -0.5508
  6 -2.373         0.1949        -0.5269
  7 -2.273         0.2754        -0.4959
  8 -2.173         0.3469        -0.4721
  9 -2.073         0.4128        -0.4384
 10 -1.973         0.4732        -0.4132
 11 -1.873         0.5295        -0.3862
 12 -1.773         0.5825        -0.3571
 13 -1.673         0.6324        -0.3318
 14 -1.573         0.6769        -0.3343
 15 -1.473         0.7193        -0.3129
 16 -1.373         0.7628        -0.2578
 17 -1.273         0.8058        -0.2203
 18 -1.173         0.8474        -0.1920
 19 -1.073         0.8819        -0.2343
 20 -0.973         1.0075         0.4072
 21 -0.873         1.0432        -0.0597
 22 -0.773         1.0765        -0.0545
 23 -0.673         1.1061        -0.0759
 24 -0.573         1.1865         0.4142
 25 -0.473         1.2171         0.0512
 26 -0.373         1.2457         0.0489
 27 -0.273         1.2737         0.0699
 28 -0.173         1.3005         0.0779
 29 -0.073         1.3260         0.0810
 30  0.027         1.3535         0.1411
 31  0.127         1.3821         0.1866
 32  0.227         1.4111         0.2218
 33  0.327         1.4403         0.2532
 34  0.427         1.4695         0.2828
 35  0.527         1.4987         0.3114
 36  0.627         1.5280         0.3431
 37  0.727         1.5573         0.3711
 38  0.827         1.5870         0.4069
 39  0.927         1.6170         0.4414
 40  1.027         1.6477         0.4823
 41  1.127         1.6795         0.5277
 42  1.227         1.7117         0.5667
 43  1.327         1.7435         0.5927
 44  1.427         1.7755         0.6258
 45  1.527         1.8080         0.6667
 46  1.627         1.8395         0.6842
 47  1.727         1.8701         0.7027
 48  1.827         2.0311         1.5220
 49  1.927         2.1168         1.3698
 50  2.027         2.1718         1.2470
 51  2.127         2.2301         1.3299
 52  2.227         2.2914         1.4102
 53  2.327         2.3551         1.4902
 54  2.427         2.4198         1.5614
 55  2.527         2.4845         1.6255
 56  2.627         2.5484         1.6842
 57  2.727         2.6114         1.7419
 58  2.827         2.6728         1.7932
 59  2.927         2.7331         1.8457
 60  3.027         2.7867         1.8520
 61  3.127         2.8357         1.8636
 62  3.227         2.8827         1.8938
 63  3.327         2.9269         1.9124
 64  3.427         2.9679         1.9222
 65  3.527         3.0065         1.9370
 66  3.627         3.0447         1.9698
 67  3.727         3.0812         1.9877
 68  3.827         3.1158         1.9997
 69  3.927         3.1492         2.0186
 70  4.027         3.1819         2.0426
 71  4.127         3.2140         2.0663
 72  4.227         3.2452         2.0865
 73  4.327         3.2751         2.0984
 74  4.427         3.3035         2.1043
 75  4.527         3.3307         2.1131
 76  4.627         3.3571         2.1280
 77  4.727         3.3830         2.1466
 78  4.827         3.4088         2.1685
 79  4.927         3.4343         2.1903
 80  5.027         3.4592         2.2053
 81  5.127         3.4829         2.2081
 82  5.227         3.5057         2.2154
 83  5.327         3.5282         2.2306
 84  5.427         3.5503         2.2458
 85  5.527         3.5718         2.2560
 86  5.627         3.5928         2.2667
 87  5.727         3.6133         2.2774
 88  5.827         3.6334         2.2887
 89  5.927         3.6530         2.2981
 90  6.027         3.6721         2.3048
 91  6.127         3.6906         2.3117
 92  6.227         3.7086         2.3176
 93  6.327         3.7262         2.3233
 94  6.427         3.7431         2.3255
 95  6.527         3.7594         2.3273
 96  6.627         3.7754         2.3327
 97  6.727         3.7910         2.3395
 98  6.827         3.8063         2.3433
 99  6.927         3.8210         2.3444
100  7.027         3.8355         2.3517
101  7.127         3.8498         2.3612
102  7.227         3.8639         2.3665
103  7.327         3.8776         2.3696
104  7.427         3.8911         2.3781
105  7.527         3.9045         2.3884
106  7.627         3.9180         2.4014
107  7.727         3.9317         2.4239
108  7.827         3.9458         2.4522
109  7.927         3.9605         2.4826
110  8.027         3.9747         2.4799
111  8.127         3.9871         2.4392
112  8.227         4.0021         2.5318
113  8.327         4.0187         2.5916
114  8.427         4.0354         2.6138
115  8.527         4.0527         2.6445
116  8.627         4.0706         2.6768
117  8.727         4.0898         2.7262
118  8.827         4.1116         2.8012
119  8.927         4.1353         2.8606
120  9.027         4.1600         2.9018
121  9.127         4.1844         2.9225
122  9.227         4.2069         2.9090
123  9.327         4.2297         2.9381
124  9.427         4.2597         3.0847
125  9.527         4.2864         3.0622
126  9.627         4.3111         3.0527
127  9.727         4.3374         3.1079
128  9.827         4.3652         3.1564
129  9.927         4.3934         3.1930
130 10.027         4.4218         3.2230
131 10.127         4.4496         3.2417
132 10.227         4.4769         3.2621
133 10.327         4.5036         3.2794
134 10.427         4.5298         3.2970
135 10.527         4.5555         3.3139
136 10.627         4.5805         3.3294
137 10.727         4.6051         3.3455
138 10.827         4.6292         3.3615
139 10.927         4.6528         3.3758
140 11.027         4.6758         3.3885
141 11.127         4.6982         3.3996
142 11.227         4.7200         3.4102
143 11.327         4.7413         3.4215
144 11.427         4.7621         3.4324
145 11.527         4.7825         3.4429
146 11.627         4.8024         3.4529
147 11.727         4.8218         3.4622
148 11.827         4.8407         3.4703
149 11.927         4.8592         3.4800
150 12.027         4.8774         3.4915
151 12.127         4.8954         3.5039
152 12.227         4.9131         3.5139
153 12.327         4.9306         3.5269
154 12.427         4.9481         3.5434
155 12.527         4.9654         3.5588
156 12.627         4.9827         3.5743
157 12.727         5.0000         3.5910


#AGE= 4.000 BINS=155 Power-law IMF: x=-2.350
# N  sdss_r       Log10(N)       Log10(dN)
  1 -2.915        -0.6510        -0.6510
  2 -2.815        -0.3550        -0.6611
  3 -2.715        -0.1758        -0.6469
  4 -2.615        -0.0413        -0.6157
  5 -2.515         0.0658        -0.5946
  6 -2.415         0.1574        -0.5634
  7 -2.315         0.2362        -0.5440
  8 -2.215         0.3084        -0.5062
  9 -2.115         0.3724        -0.4909
 10 -2.015         0.4323        -0.4575
 11 -1.915         0.4890        -0.4235
 12 -1.815         0.5412        -0.4050
 13 -1.715         0.5913        -0.3709
 14 -1.615         0.6392        -0.3418
 15 -1.515         0.6852        -0.3132
 16 -1.415         0.7262        -0.3186
 17 -1.315         0.7656        -0.2963
 18 -1.215         0.8063        -0.2426
 19 -1.115         0.8470        -0.2015
 20 -1.015         0.8863        -0.1763
 21 -0.915         0.9253        -0.1404
 22 -0.815         1.0355         0.3858
 23 -0.715         1.0710        -0.0337
 24 -0.615         1.1033        -0.0412
 25 -0.515         1.1422         0.0743
 26 -0.415         1.2119         0.3830
 27 -0.315         1.2425         0.0762
 28 -0.215         1.2716         0.0820
 29 -0.115         1.2990         0.0859
 30 -0.015         1.3247         0.0850
 31  0.085         1.3517         0.1315
 32  0.185         1.3803         0.1849
 33  0.285         1.4095         0.2221
 34  0.385         1.4388         0.2531
 35  0.485         1.4682         0.2838
 36  0.585         1.4976         0.3134
 37  0.685         1.5272         0.3462
 38  0.785         1.5568         0.3766
 39  0.885         1.5865         0.4064
 40  0.985         1.6165         0.4401
 41  1.085         1.6469         0.4776
 42  1.185         1.6780         0.5175
 43  1.285         1.7102         0.5649
 44  1.385         1.7436         0.6123
 45  1.485         1.7770         0.6459
 46  1.585         1.8109         0.6869
 47  1.685         1.8450         0.7234
 48  1.785         1.8778         0.7395
 49  1.885         1.9098         0.7613
 50  1.985         1.9422         0.7981
 51  2.085         2.0758         1.4990
 52  2.185         2.1715         1.4676
 53  2.285         2.2303         1.3325
 54  2.385         2.2921         1.4150
 55  2.485         2.3557         1.4896
 56  2.585         2.4200         1.5590
 57  2.685         2.4840         1.6206
 58  2.785         2.5466         1.6744
 59  2.885         2.6080         1.7280
 60  2.985         2.6676         1.7754
 61  3.085         2.7252         1.8194
 62  3.185         2.7813         1.8649
 63  3.285         2.8345         1.8966
 64  3.385         2.8836         1.9124
 65  3.485         2.9297         1.9329
 66  3.585         2.9735         1.9553
 67  3.685         3.0146         1.9704
 68  3.785         3.0540         1.9916
 69  3.885         3.0924         2.0199
 70  3.985         3.1301         2.0501
 71  4.085         3.1667         2.0747
 72  4.185         3.2020         2.0937
 73  4.285         3.2353         2.1033
 74  4.385         3.2669         2.1140
 75  4.485         3.2975         2.1293
 76  4.585         3.3273         2.1494
 77  4.685         3.3567         2.1720
 78  4.785         3.3854         2.1920
 79  4.885         3.4136         2.2123
 80  4.985         3.4410         2.2269
 81  5.085         3.4670         2.2309
 82  5.185         3.4920         2.2394
 83  5.285         3.5165         2.2568
 84  5.385         3.5406         2.2730
 85  5.485         3.5641         2.2844
 86  5.585         3.5869         2.2963
 87  5.685         3.6092         2.3086
 88  5.785         3.6310         2.3200
 89  5.885         3.6522         2.3306
 90  5.985         3.6728         2.3386
 91  6.085         3.6928         2.3460
 92  6.185         3.7122         2.3523
 93  6.285         3.7310         2.3580
 94  6.385         3.7492         2.3630
 95  6.485         3.7668         2.3672
 96  6.585         3.7839         2.3703
 97  6.685         3.8006         2.3751
 98  6.785         3.8168         2.3809
 99  6.885         3.8325         2.3845
100  6.985         3.8478         2.3874
101  7.085         3.8630         2.3989
102  7.185         3.8779         2.4051
103  7.285         3.8924         2.4082
104  7.385         3.9066         2.4159
105  7.485         3.9208         2.4266
106  7.585         3.9348         2.4380
107  7.685         3.9490         2.4563
108  7.785         3.9637         2.4848
109  7.885         3.9787         2.5102
110  7.985         3.9942         2.5386
111  8.085         4.0083         2.5141
112  8.185         4.0219         2.5086
113  8.285         4.0385         2.6140
114  8.385         4.0559         2.6500
115  8.485         4.0737         2.6772
116  8.585         4.0921         2.7099
117  8.685         4.1114         2.7483
118  8.785         4.1323         2.8059
119  8.885         4.1556         2.8735
120  8.985         4.1805         2.9251
121  9.085         4.2058         2.9596
122  9.185         4.2302         2.9675
123  9.285         4.2531         2.9637
124  9.385         4.2804         3.0657
125  9.485         4.3124         3.1634
126  9.585         4.3387         3.1084
127  9.685         4.3657         3.1457
128  9.785         4.3937         3.1894
129  9.885         4.4223         3.2261
130  9.985         4.4511         3.2580
131 10.085         4.4792         3.2763
132 10.185         4.5067         3.2947
133 10.285         4.5335         3.3111
134 10.385         4.5598         3.3279
135 10.485         4.5855         3.3459
136 10.585         4.6109         3.3643
137 10.685         4.6357         3.3806
138 10.785         4.6599         3.3945
139 10.885         4.6836         3.4087
140 10.985         4.7068         3.4229
141 11.085         4.7295         3.4361
142 11.185         4.7517         3.4482
143 11.285         4.7733         3.4592
144 11.385         4.7943         3.4700
145 11.485         4.8150         3.4810
146 11.585         4.8351         3.4916
147 11.685         4.8548         3.5019
148 11.785         4.8741         3.5118
149 11.885         4.8929         3.5200
150 11.985         4.9113         3.5290
151 12.085         4.9294         3.5406
152 12.185         4.9473         3.5545
153 12.285         4.9650         3.5657
154 12.385         4.9825         3.5790
155 12.485         5.0000         3.5961


#AGE= 5.000 BINS=155 Power-law IMF: x=-2.350
# N  sdss_r       Log10(N)       Log10(dN)
  1 -2.922        -0.7498        -0.7498
  2 -2.822        -0.4303        -0.7135
  3 -2.722        -0.2495        -0.7175
  4 -2.622        -0.1095        -0.6690
  5 -2.522         0.0007        -0.6490
  6 -2.422         0.0903        -0.6390
  7 -2.322         0.1734        -0.5858
  8 -2.222         0.2449        -0.5736
  9 -2.122         0.3103        -0.5442
 10 -2.022         0.3701        -0.5209
 11 -1.922         0.4257        -0.4940
 12 -1.822         0.4797        -0.4530
 13 -1.722         0.5288        -0.4419
 14 -1.622         0.5771        -0.4012
 15 -1.522         0.6229        -0.3759
 16 -1.422         0.6675        -0.3431
 17 -1.322         0.7076        -0.3469
 18 -1.222         0.7464        -0.3218
 19 -1.122         0.7862        -0.2722
 20 -1.022         0.8261        -0.2306
 21 -0.922         0.8648        -0.2043
 22 -0.822         0.9000        -0.2086
 23 -0.722         1.0066         0.3446
 24 -0.622         1.0428        -0.0546
 25 -0.522         1.0756        -0.0622
 26 -0.422         1.1109         0.0030
 27 -0.322         1.1822         0.3621
 28 -0.222         1.2142         0.0662
 29 -0.122         1.2437         0.0618
 30 -0.022         1.2723         0.0753
 31  0.078         1.2984         0.0651
 32  0.178         1.3251         0.1007
 33  0.278         1.3538         0.1591
 34  0.378         1.3831         0.1976
 35  0.478         1.4126         0.2298
 36  0.578         1.4423         0.2623
 37  0.678         1.4722         0.2957
 38  0.778         1.5020         0.3239
 39  0.878         1.5322         0.3585
 40  0.978         1.5621         0.3864
 41  1.078         1.5925         0.4214
 42  1.178         1.6230         0.4543
 43  1.278         1.6541         0.4940
 44  1.378         1.6860         0.5365
 45  1.478         1.7195         0.5894
 46  1.578         1.7533         0.6283
 47  1.678         1.7874         0.6650
 48  1.778         1.8222         0.7093
 49  1.878         1.8557         0.7258
 50  1.978         1.8877         0.7395
 51  2.078         1.9191         0.7630
 52  2.178         1.9513         0.8049
 53  2.278         1.9963         0.9889
 54  2.378         2.1592         1.6544
 55  2.478         2.2205         1.3402
 56  2.578         2.2841         1.4184
 57  2.678         2.3490         1.4913
 58  2.778         2.4144         1.5602
 59  2.878         2.4794         1.6225
 60  2.978         2.5430         1.6771
 61  3.078         2.6050         1.7287
 62  3.178         2.6646         1.7728
 63  3.278         2.7221         1.8155
 64  3.378         2.7778         1.8582
 65  3.478         2.8301         1.8852
 66  3.578         2.8789         1.9054
 67  3.678         2.9256         1.9338
 68  3.778         2.9709         1.9665
 69  3.878         3.0147         1.9966
 70  3.978         3.0567         2.0217
 71  4.078         3.0967         2.0407
 72  4.178         3.1344         2.0548
 73  4.278         3.1705         2.0718
 74  4.378         3.2052         2.0914
 75  4.478         3.2392         2.1150
 76  4.578         3.2723         2.1382
 77  4.678         3.3045         2.1587
 78  4.778         3.3357         2.1773
 79  4.878         3.3662         2.1962
 80  4.978         3.3954         2.2098
 81  5.078         3.4232         2.2147
 82  5.178         3.4501         2.2282
 83  5.278         3.4765         2.2483
 84  5.378         3.5024         2.2637
 85  5.478         3.5274         2.2762
 86  5.578         3.5518         2.2882
 87  5.678         3.5755         2.3020
 88  5.778         3.5986         2.3130
 89  5.878         3.6212         2.3249
 90  5.978         3.6430         2.3331
 91  6.078         3.6641         2.3408
 92  6.178         3.6846         2.3480
 93  6.278         3.7044         2.3546
 94  6.378         3.7236         2.3591
 95  6.478         3.7422         2.3633
 96  6.578         3.7602         2.3685
 97  6.678         3.7776         2.3737
 98  6.778         3.7947         2.3793
 99  6.878         3.8111         2.3824
100  6.978         3.8272         2.3864
101  7.078         3.8431         2.3984
102  7.178         3.8586         2.4036
103  7.278         3.8737         2.4081
104  7.378         3.8886         2.4159
105  7.478         3.9033         2.4261
106  7.578         3.9179         2.4387
107  7.678         3.9327         2.4574
108  7.778         3.9480         2.4871
109  7.878         3.9636         2.5095
110  7.978         3.9792         2.5288
111  8.078         3.9955         2.5607
112  8.178         4.0118         2.5782
113  8.278         4.0262         2.5392
114  8.378         4.0432         2.6270
115  8.478         4.0618         2.6848
116  8.578         4.0808         2.7124
117  8.678         4.1007         2.7516
118  8.778         4.1223         2.8088
119  8.878         4.1458         2.8673
120  8.978         4.1705         2.9124
121  9.078         4.1955         2.9435
122  9.178         4.2193         2.9461
123  9.278         4.2435         2.9775
124  9.378         4.2745         3.1125
125  9.478         4.3065         3.1589
126  9.578         4.3347         3.1325
127  9.678         4.3627         3.1579
128  9.778         4.3914         3.1978
129  9.878         4.4206         3.2341
130  9.978         4.4496         3.2594
131 10.078         4.4780         3.2791
132 10.178         4.5055         3.2940
133 10.278         4.5324         3.3099
134 10.378         4.5587         3.3284
135 10.478         4.5845         3.3457
136 10.578         4.6098         3.3623
137 10.678         4.6346         3.3788
138 10.778         4.6588         3.3936
139 10.878         4.6825         3.4074
140 10.978         4.7057         3.4218
141 11.078         4.7284         3.4353
142 11.178         4.7506         3.4477
143 11.278         4.7722         3.4591
144 11.378         4.7934         3.4703
145 11.478         4.8141         3.4816
146 11.578         4.8343         3.4925
147 11.678         4.8541         3.5030
148 11.778         4.8735         3.5131
149 11.878         4.8924         3.5214
150 11.978         4.9109         3.5310
151 12.078         4.9291         3.5429
152 12.178         4.9471         3.5566
153 12.278         4.9649         3.5674
154 12.378         4.9824         3.5807
155 12.478         5.0000         3.5980


#AGE= 6.000 BINS=158 Power-law IMF: x=-2.350
# N  sdss_r       Log10(N)       Log10(dN)
  1 -2.944        -0.9347        -0.9347
  2 -2.844        -0.5707        -0.8168
  3 -2.744        -0.3734        -0.8109
  4 -2.644        -0.2302        -0.7816
  5 -2.544        -0.1185        -0.7628
  6 -2.444        -0.0207        -0.7165
  7 -2.344         0.0599        -0.7110
  8 -2.244         0.1357        -0.6599
  9 -2.144         0.2008        -0.6557
 10 -2.044         0.2618        -0.6206
 11 -1.944         0.3192        -0.5883
 12 -1.844         0.3725        -0.5648
 13 -1.744         0.4237        -0.5303
 14 -1.644         0.4721        -0.5046
 15 -1.544         0.5183        -0.4774
 16 -1.444         0.5626        -0.4508
 17 -1.344         0.6065        -0.4102
 18 -1.244         0.6461        -0.4142
 19 -1.144         0.6843        -0.3908
 20 -1.044         0.7234        -0.3408
 21 -0.944         0.7623        -0.3054
 22 -0.844         0.8005        -0.2745
 23 -0.744         0.8390        -0.2320
 24 -0.644         0.9371         0.2426
 25 -0.544         0.9732        -0.1239
 26 -0.444         1.0067        -0.1232
 27 -0.344         1.0372        -0.1322
 28 -0.244         1.1119         0.3111
 29 -0.144         1.1449         0.0088
 30 -0.044         1.1750         0.0011
 31  0.056         1.2043         0.0185
 32  0.156         1.2312         0.0097
 33  0.256         1.2579         0.0332
 34  0.356         1.2863         0.0883
 35  0.456         1.3158         0.1332
 36  0.556         1.3457         0.1689
 37  0.656         1.3758         0.2007
 38  0.756         1.4060         0.2337
 39  0.856         1.4363         0.2646
 40  0.956         1.4666         0.2958
 41  1.056         1.4971         0.3281
 42  1.156         1.5277         0.3607
 43  1.256         1.5586         0.3958
 44  1.356         1.5898         0.4293
 45  1.456         1.6218         0.4735
 46  1.556         1.6548         0.5190
 47  1.656         1.6893         0.5729
 48  1.756         1.7239         0.6075
 49  1.856         1.7593         0.6528
 50  1.956         1.7939         0.6779
 51  2.056         1.8269         0.6917
 52  2.156         1.8588         0.7095
 53  2.256         1.8906         0.7386
 54  2.356         1.9247         0.8027
 55  2.456         2.0014         1.2107
 56  2.556         2.1153         1.4782
 57  2.656         2.1781         1.3074
 58  2.756         2.2420         1.3781
 59  2.856         2.3065         1.4466
 60  2.956         2.3709         1.5099
 61  3.056         2.4342         1.5669
 62  3.156         2.4963         1.6209
 63  3.256         2.5573         1.6744
 64  3.356         2.6168         1.7240
 65  3.456         2.6755         1.7778
 66  3.556         2.7334         1.8293
 67  3.656         2.7880         1.8604
 68  3.756         2.8393         1.8861
 69  3.856         2.8876         1.9098
 70  3.956         2.9332         1.9319
 71  4.056         2.9762         1.9505
 72  4.156         3.0170         1.9701
 73  4.256         3.0562         1.9922
 74  4.356         3.0942         2.0175
 75  4.456         3.1313         2.0439
 76  4.556         3.1673         2.0686
 77  4.656         3.2020         2.0876
 78  4.756         3.2355         2.1055
 79  4.856         3.2681         2.1272
 80  4.956         3.2992         2.1393
 81  5.056         3.3289         2.1487
 82  5.156         3.3577         2.1650
 83  5.256         3.3861         2.1874
 84  5.356         3.4136         2.2020
 85  5.456         3.4403         2.2152
 86  5.556         3.4661         2.2280
 87  5.656         3.4913         2.2423
 88  5.756         3.5158         2.2552
 89  5.856         3.5397         2.2668
 90  5.956         3.5627         2.2766
 91  6.056         3.5851         2.2849
 92  6.156         3.6066         2.2921
 93  6.256         3.6275         2.2994
 94  6.356         3.6477         2.3054
 95  6.456         3.6672         2.3092
 96  6.556         3.6861         2.3149
 97  6.656         3.7044         2.3208
 98  6.756         3.7223         2.3269
 99  6.856         3.7395         2.3297
100  6.956         3.7563         2.3351
101  7.056         3.7728         2.3441
102  7.156         3.7890         2.3523
103  7.256         3.8048         2.3575
104  7.356         3.8203         2.3653
105  7.456         3.8355         2.3741
106  7.556         3.8507         2.3861
107  7.656         3.8660         2.4048
108  7.756         3.8817         2.4329
109  7.856         3.8977         2.4557
110  7.956         3.9139         2.4781
111  8.056         3.9303         2.4984
112  8.156         3.9472         2.5284
113  8.256         3.9647         2.5617
114  8.356         3.9802         2.5253
115  8.456         3.9982         2.6074
116  8.556         4.0179         2.6630
117  8.656         4.0381         2.6975
118  8.756         4.0598         2.7462
119  8.856         4.0825         2.7898
120  8.956         4.1063         2.8339
121  9.056         4.1313         2.8795
122  9.156         4.1575         2.9242
123  9.256         4.1843         2.9608
124  9.356         4.2131         3.0209
125  9.456         4.2463         3.1129
126  9.556         4.2761         3.0985
127  9.656         4.3053         3.1173
128  9.756         4.3346         3.1497
129  9.856         4.3642         3.1832
130  9.956         4.3938         3.2120
131 10.056         4.4225         3.2291
132 10.156         4.4505         3.2451
133 10.256         4.4775         3.2582
134 10.356         4.5039         3.2753
135 10.456         4.5299         3.2941
136 10.556         4.5554         3.3100
137 10.656         4.5802         3.3253
138 10.756         4.6045         3.3401
139 10.856         4.6282         3.3544
140 10.956         4.6515         3.3688
141 11.056         4.6743         3.3823
142 11.156         4.6965         3.3948
143 11.256         4.7182         3.4068
144 11.356         4.7395         3.4191
145 11.456         4.7603         3.4308
146 11.556         4.7807         3.4418
147 11.656         4.8006         3.4523
148 11.756         4.8201         3.4615
149 11.856         4.8391         3.4709
150 11.956         4.8578         3.4818
151 12.056         4.8762         3.4944
152 12.156         4.8943         3.5060
153 12.256         4.9122         3.5169
154 12.356         4.9299         3.5310
155 12.456         4.9475         3.5478
156 12.556         4.9651         3.5630
157 12.656         4.9825         3.5786
158 12.756         5.0000         3.5954


#AGE= 7.000 BINS=156 Power-law IMF: x=-2.350
# N  sdss_r       Log10(N)       Log10(dN)
  1 -2.855        -0.8648        -0.8648
  2 -2.755        -0.5622        -0.8617
  3 -2.655        -0.3708        -0.8189
  4 -2.555        -0.2317        -0.7939
  5 -2.455        -0.1179        -0.7550
  6 -2.355        -0.0255        -0.7431
  7 -2.255         0.0584        -0.6969
  8 -2.155         0.1284        -0.6988
  9 -2.055         0.1952        -0.6507
 10 -1.955         0.2563        -0.6260
 11 -1.855         0.3121        -0.6062
 12 -1.755         0.3651        -0.5751
 13 -1.655         0.4159        -0.5413
 14 -1.555         0.4647        -0.5089
 15 -1.455         0.5114        -0.4800
 16 -1.355         0.5567        -0.4469
 17 -1.255         0.5991        -0.4327
 18 -1.155         0.6383        -0.4257
 19 -1.055         0.6779        -0.3820
 20 -0.955         0.7175        -0.3419
 21 -0.855         0.7570        -0.3039
 22 -0.755         0.7940        -0.2935
 23 -0.655         0.8414        -0.1441
 24 -0.555         0.9279         0.1842
 25 -0.455         0.9633        -0.1424
 26 -0.355         0.9965        -0.1374
 27 -0.255         1.0291        -0.1115
 28 -0.155         1.1009         0.2842
 29 -0.055         1.1356         0.0200
 30  0.045         1.1663         0.0014
 31  0.145         1.1960         0.0159
 32  0.245         1.2240         0.0200
 33  0.345         1.2511         0.0323
 34  0.445         1.2800         0.0889
 35  0.545         1.3100         0.1335
 36  0.645         1.3403         0.1696
 37  0.745         1.3709         0.2033
 38  0.845         1.4014         0.2322
 39  0.945         1.4324         0.2713
 40  1.045         1.4634         0.3012
 41  1.145         1.4942         0.3293
 42  1.245         1.5254         0.3662
 43  1.345         1.5565         0.3971
 44  1.445         1.5882         0.4347
 45  1.545         1.6205         0.4769
 46  1.645         1.6538         0.5209
 47  1.745         1.6890         0.5807
 48  1.845         1.7240         0.6134
 49  1.945         1.7596         0.6558
 50  2.045         1.7949         0.6867
 51  2.145         1.8286         0.7020
 52  2.245         1.8611         0.7191
 53  2.345         1.8932         0.7462
 54  2.445         1.9267         0.7973
 55  2.545         1.9704         0.9515
 56  2.645         2.0759         1.4098
 57  2.745         2.1549         1.3756
 58  2.845         2.2206         1.3678
 59  2.945         2.2874         1.4414
 60  3.045         2.3550         1.5137
 61  3.145         2.4224         1.5803
 62  3.245         2.4887         1.6396
 63  3.345         2.5533         1.6935
 64  3.445         2.6156         1.7415
 65  3.545         2.6754         1.7850
 66  3.645         2.7332         1.8289
 67  3.745         2.7885         1.8662
 68  3.845         2.8397         1.8857
 69  3.945         2.8880         1.9102
 70  4.045         2.9340         1.9361
 71  4.145         2.9778         1.9601
 72  4.245         3.0200         1.9864
 73  4.345         3.0608         2.0131
 74  4.445         3.1003         2.0395
 75  4.545         3.1384         2.0627
 76  4.645         3.1749         2.0816
 77  4.745         3.2103         2.1041
 78  4.845         3.2447         2.1258
 79  4.945         3.2775         2.1395
 80  5.045         3.3089         2.1520
 81  5.145         3.3394         2.1717
 82  5.245         3.3695         2.1943
 83  5.345         3.3985         2.2098
 84  5.445         3.4266         2.2230
 85  5.545         3.4538         2.2372
 86  5.645         3.4802         2.2515
 87  5.745         3.5060         2.2658
 88  5.845         3.5310         2.2785
 89  5.945         3.5551         2.2888
 90  6.045         3.5785         2.2973
 91  6.145         3.6010         2.3046
 92  6.245         3.6228         2.3128
 93  6.345         3.6439         2.3198
 94  6.445         3.6642         2.3236
 95  6.545         3.6838         2.3295
 96  6.645         3.7029         2.3364
 97  6.745         3.7215         2.3426
 98  6.845         3.7394         2.3453
 99  6.945         3.7568         2.3510
100  7.045         3.7738         2.3598
101  7.145         3.7906         2.3699
102  7.245         3.8070         2.3741
103  7.345         3.8230         2.3834
104  7.445         3.8389         2.3920
105  7.545         3.8545         2.4030
106  7.645         3.8703         2.4234
107  7.745         3.8864         2.4483
108  7.845         3.9029         2.4747
109  7.945         3.9195         2.4931
110  8.045         3.9363         2.5156
111  8.145         3.9535         2.5430
112  8.245         3.9715         2.5790
113  8.345         3.9896         2.6015
114  8.445         4.0059         2.5715
115  8.545         4.0260         2.6810
116  8.645         4.0467         2.7148
117  8.745         4.0686         2.7599
118  8.845         4.0919         2.8097
119  8.945         4.1162         2.8522
120  9.045         4.1409         2.8834
121  9.145         4.1656         2.9078
122  9.245         4.1922         2.9675
123  9.345         4.2238         3.0697
124  9.445         4.2573         3.1275
125  9.545         4.2886         3.1314
126  9.645         4.3188         3.1462
127  9.745         4.3488         3.1731
128  9.845         4.3790         3.2059
129  9.945         4.4090         3.2325
130 10.045         4.4381         3.2503
131 10.145         4.4663         3.2642
132 10.245         4.4936         3.2787
133 10.345         4.5202         3.2946
134 10.445         4.5464         3.3128
135 10.545         4.5719         3.3279
136 10.645         4.5967         3.3420
137 10.745         4.6210         3.3566
138 10.845         4.6448         3.3715
139 10.945         4.6681         3.3856
140 11.045         4.6908         3.3988
141 11.145         4.7131         3.4113
142 11.245         4.7348         3.4239
143 11.345         4.7561         3.4361
144 11.445         4.7770         3.4478
145 11.545         4.7974         3.4590
146 11.645         4.8173         3.4696
147 11.745         4.8369         3.4804
148 11.845         4.8560         3.4916
149 11.945         4.8749         3.5031
150 12.045         4.8934         3.5128
151 12.145         4.9115         3.5233
152 12.245         4.9294         3.5366
153 12.345         4.9473         3.5521
154 12.445         4.9649         3.5653
155 12.545         4.9825         3.5800
156 12.645         5.0000         3.5970


#AGE= 8.000 BINS=155 Power-law IMF: x=-2.350
# N  sdss_r       Log10(N)       Log10(dN)
  1 -2.898        -0.8640        -0.8640
  2 -2.798        -0.5487        -0.8360
  3 -2.698        -0.3672        -0.8336
  4 -2.598        -0.2170        -0.7511
  5 -2.498        -0.1110        -0.7754
  6 -2.398        -0.0165        -0.7251
  7 -2.298         0.0647        -0.7037
  8 -2.198         0.1373        -0.6753
  9 -2.098         0.2026        -0.6524
 10 -1.998         0.2639        -0.6170
 11 -1.898         0.3187        -0.6070
 12 -1.798         0.3724        -0.5621
 13 -1.698         0.4237        -0.5295
 14 -1.598         0.4713        -0.5127
 15 -1.498         0.5180        -0.4737
 16 -1.398         0.5622        -0.4519
 17 -1.298         0.6059        -0.4129
 18 -1.198         0.6473        -0.3934
 19 -1.098         0.6864        -0.3790
 20 -0.998         0.7246        -0.3497
 21 -0.898         0.7635        -0.3045
 22 -0.798         0.8016        -0.2739
 23 -0.698         0.8383        -0.2526
 24 -0.598         0.8857        -0.0997
 25 -0.498         0.9670         0.1989
 26 -0.398         1.0035        -0.0897
 27 -0.298         1.0372        -0.0894
 28 -0.198         1.0688        -0.0858
 29 -0.098         1.1403         0.3215
 30  0.002         1.1755         0.0672
 31  0.102         1.2067         0.0481
 32  0.202         1.2369         0.0630
 33  0.302         1.2650         0.0632
 34  0.402         1.2922         0.0742
 35  0.502         1.3209         0.1276
 36  0.602         1.3507         0.1718
 37  0.702         1.3811         0.2119
 38  0.802         1.4117         0.2444
 39  0.902         1.4426         0.2793
 40  1.002         1.4738         0.3138
 41  1.102         1.5048         0.3428
 42  1.202         1.5360         0.3777
 43  1.302         1.5674         0.4108
 44  1.402         1.5988         0.4425
 45  1.502         1.6306         0.4788
 46  1.602         1.6630         0.5196
 47  1.702         1.6960         0.5606
 48  1.802         1.7307         0.6158
 49  1.902         1.7663         0.6624
 50  2.002         1.8022         0.7021
 51  2.102         1.8387         0.7453
 52  2.202         1.8737         0.7622
 53  2.302         1.9072         0.7780
 54  2.402         1.9398         0.7987
 55  2.502         1.9723         0.8303
 56  2.602         2.0074         0.8972
 57  2.702         2.0560         1.0807
 58  2.802         2.1556         1.4674
 59  2.902         2.2274         1.4101
 60  3.002         2.2918         1.4317
 61  3.102         2.3566         1.4979
 62  3.202         2.4218         1.5661
 63  3.302         2.4862         1.6253
 64  3.402         2.5488         1.6767
 65  3.502         2.6093         1.7233
 66  3.602         2.6675         1.7664
 67  3.702         2.7242         1.8114
 68  3.802         2.7798         1.8597
 69  3.902         2.8329         1.8943
 70  4.002         2.8830         1.9204
 71  4.102         2.9308         1.9488
 72  4.202         2.9767         1.9780
 73  4.302         3.0206         2.0035
 74  4.402         3.0628         2.0293
 75  4.502         3.1033         2.0527
 76  4.602         3.1421         2.0736
 77  4.702         3.1797         2.0983
 78  4.802         3.2163         2.1239
 79  4.902         3.2513         2.1399
 80  5.002         3.2848         2.1561
 81  5.102         3.3175         2.1778
 82  5.202         3.3494         2.2004
 83  5.302         3.3803         2.2168
 84  5.402         3.4101         2.2313
 85  5.502         3.4389         2.2460
 86  5.602         3.4669         2.2627
 87  5.702         3.4941         2.2779
 88  5.802         3.5206         2.2915
 89  5.902         3.5461         2.3026
 90  6.002         3.5707         2.3117
 91  6.102         3.5945         2.3210
 92  6.202         3.6174         2.3292
 93  6.302         3.6396         2.3367
 94  6.402         3.6610         2.3429
 95  6.502         3.6816         2.3470
 96  6.602         3.7016         2.3546
 97  6.702         3.7210         2.3623
 98  6.802         3.7398         2.3657
 99  6.902         3.7579         2.3702
100  7.002         3.7757         2.3792
101  7.102         3.7932         2.3886
102  7.202         3.8102         2.3958
103  7.302         3.8269         2.4027
104  7.402         3.8433         2.4117
105  7.502         3.8594         2.4219
106  7.602         3.8756         2.4389
107  7.702         3.8921         2.4633
108  7.802         3.9089         2.4890
109  7.902         3.9259         2.5095
110  8.002         3.9431         2.5315
111  8.102         3.9605         2.5557
112  8.202         3.9784         2.5835
113  8.302         3.9972         2.6258
114  8.402         4.0158         2.6372
115  8.502         4.0333         2.6301
116  8.602         4.0544         2.7307
117  8.702         4.0763         2.7666
118  8.802         4.0993         2.8135
119  8.902         4.1239         2.8640
120  9.002         4.1494         2.9053
121  9.102         4.1749         2.9316
122  9.202         4.1997         2.9427
123  9.302         4.2282         3.0322
124  9.402         4.2630         3.1496
125  9.502         4.2962         3.1623
126  9.602         4.3279         3.1763
127  9.702         4.3587         3.1930
128  9.802         4.3894         3.2243
129  9.902         4.4199         3.2508
130 10.002         4.4497         3.2722
131 10.102         4.4785         3.2858
132 10.202         4.5064         3.3005
133 10.302         4.5335         3.3150
134 10.402         4.5601         3.3330
135 10.502         4.5860         3.3483
136 10.602         4.6111         3.3604
137 10.702         4.6356         3.3747
138 10.802         4.6596         3.3901
139 10.902         4.6830         3.4040
140 11.002         4.7059         3.4167
141 11.102         4.7283         3.4292
142 11.202         4.7502         3.4417
143 11.302         4.7716         3.4543
144 11.402         4.7927         3.4670
145 11.502         4.8133         3.4795
146 11.602         4.8335         3.4913
147 11.702         4.8533         3.5024
148 11.802         4.8727         3.5127
149 11.902         4.8916         3.5218
150 12.002         4.9102         3.5325
151 12.102         4.9286         3.5452
152 12.202         4.9467         3.5589
153 12.302         4.9646         3.5702
154 12.402         4.9823         3.5840
155 12.502         5.0000         3.6013


#AGE= 9.000 BINS=157 Power-law IMF: x=-2.350
# N  sdss_r       Log10(N)       Log10(dN)
  1 -2.914        -0.4768        -0.4768
  2 -2.814        -0.3354        -0.8913
  3 -2.714        -0.2292        -0.8931
  4 -2.614        -0.1355        -0.8475
  5 -2.514        -0.0532        -0.8161
  6 -2.414         0.0185        -0.7993
  7 -2.314         0.0841        -0.7691
  8 -2.214         0.1458        -0.7324
  9 -2.114         0.2031        -0.7046
 10 -2.014         0.2543        -0.6995
 11 -1.914         0.3059        -0.6447
 12 -1.814         0.3527        -0.6378
 13 -1.714         0.3991        -0.5956
 14 -1.614         0.4436        -0.5673
 15 -1.514         0.4855        -0.5514
 16 -1.414         0.5276        -0.5062
 17 -1.314         0.5686        -0.4774
 18 -1.214         0.6078        -0.4562
 19 -1.114         0.6468        -0.4187
 20 -1.014         0.6826        -0.4195
 21 -0.914         0.7190        -0.3753
 22 -0.814         0.7561        -0.3314
 23 -0.714         0.7924        -0.3038
 24 -0.614         0.8276        -0.2804
 25 -0.514         0.8994         0.0821
 26 -0.414         0.9506        -0.0030
 27 -0.314         0.9855        -0.1266
 28 -0.214         1.0179        -0.1262
 29 -0.114         1.0502        -0.0940
 30 -0.014         1.1185         0.2815
 31  0.086         1.1527         0.0322
 32  0.186         1.1837         0.0211
 33  0.286         1.2133         0.0323
 34  0.386         1.2411         0.0342
 35  0.486         1.2682         0.0490
 36  0.586         1.2968         0.1017
 37  0.686         1.3264         0.1459
 38  0.786         1.3565         0.1823
 39  0.886         1.3870         0.2171
 40  0.986         1.4178         0.2535
 41  1.086         1.4487         0.2855
 42  1.186         1.4798         0.3190
 43  1.286         1.5109         0.3511
 44  1.386         1.5423         0.3851
 45  1.486         1.5738         0.4190
 46  1.586         1.6055         0.4526
 47  1.686         1.6376         0.4915
 48  1.786         1.6705         0.5334
 49  1.886         1.7050         0.5881
 50  1.986         1.7408         0.6389
 51  2.086         1.7772         0.6826
 52  2.186         1.8139         0.7225
 53  2.286         1.8490         0.7390
 54  2.386         1.8825         0.7536
 55  2.486         1.9148         0.7695
 56  2.586         1.9464         0.7925
 57  2.686         1.9790         0.8378
 58  2.786         2.0177         0.9485
 59  2.886         2.0892         1.2704
 60  2.986         2.1712         1.4071
 61  3.086         2.2369         1.3843
 62  3.186         2.3001         1.4316
 63  3.286         2.3642         1.5019
 64  3.386         2.4279         1.5624
 65  3.486         2.4907         1.6203
 66  3.586         2.5520         1.6713
 67  3.686         2.6117         1.7205
 68  3.786         2.6698         1.7671
 69  3.886         2.7268         1.8172
 70  3.986         2.7824         1.8616
 71  4.086         2.8342         1.8853
 72  4.186         2.8833         1.9126
 73  4.286         2.9301         1.9391
 74  4.386         2.9750         1.9670
 75  4.486         3.0178         1.9900
 76  4.586         3.0588         2.0138
 77  4.686         3.0986         2.0416
 78  4.786         3.1374         2.0683
 79  4.886         3.1744         2.0867
 80  4.986         3.2100         2.1064
 81  5.086         3.2448         2.1308
 82  5.186         3.2787         2.1540
 83  5.286         3.3113         2.1714
 84  5.386         3.3426         2.1847
 85  5.486         3.3729         2.2012
 86  5.586         3.4023         2.2187
 87  5.686         3.4310         2.2358
 88  5.786         3.4587         2.2498
 89  5.886         3.4854         2.2615
 90  5.986         3.5112         2.2714
 91  6.086         3.5360         2.2812
 92  6.186         3.5600         2.2896
 93  6.286         3.5831         2.2973
 94  6.386         3.6054         2.3053
 95  6.486         3.6268         2.3086
 96  6.586         3.6475         2.3165
 97  6.686         3.6677         2.3251
 98  6.786         3.6872         2.3296
 99  6.886         3.7061         2.3339
100  6.986         3.7245         2.3422
101  7.086         3.7425         2.3527
102  7.186         3.7602         2.3601
103  7.286         3.7774         2.3677
104  7.386         3.7943         2.3763
105  7.486         3.8110         2.3867
106  7.586         3.8276         2.4029
107  7.686         3.8446         2.4273
108  7.786         3.8618         2.4525
109  7.886         3.8793         2.4741
110  7.986         3.8968         2.4934
111  8.086         3.9147         2.5207
112  8.186         3.9330         2.5500
113  8.286         3.9519         2.5814
114  8.386         3.9715         2.6145
115  8.486         3.9917         2.6503
116  8.586         4.0109         2.6472
117  8.686         4.0321         2.7103
118  8.786         4.0560         2.7835
119  8.886         4.0805         2.8206
120  8.986         4.1063         2.8663
121  9.086         4.1327         2.9043
122  9.186         4.1587         2.9223
123  9.286         4.1864         2.9784
124  9.386         4.2206         3.0992
125  9.486         4.2542         3.1264
126  9.586         4.2873         3.1522
127  9.686         4.3188         3.1641
128  9.786         4.3501         3.1928
129  9.886         4.3811         3.2193
130  9.986         4.4114         3.2399
131 10.086         4.4407         3.2544
132 10.186         4.4689         3.2685
133 10.286         4.4963         3.2828
134 10.386         4.5232         3.3011
135 10.486         4.5493         3.3149
136 10.586         4.5745         3.3264
137 10.686         4.5992         3.3407
138 10.786         4.6232         3.3548
139 10.886         4.6467         3.3679
140 10.986         4.6696         3.3804
141 11.086         4.6920         3.3932
142 11.186         4.7140         3.4066
143 11.286         4.7355         3.4200
144 11.386         4.7566         3.4328
145 11.486         4.7773         3.4448
146 11.586         4.7975         3.4560
147 11.686         4.8173         3.4666
148 11.786         4.8368         3.4777
149 11.886         4.8558         3.4893
150 11.986         4.8746         3.5013
151 12.086         4.8931         3.5114
152 12.186         4.9112         3.5228
153 12.286         4.9292         3.5369
154 12.386         4.9470         3.5529
155 12.486         4.9648         3.5669
156 12.586         4.9824         3.5820
157 12.686         5.0000         3.5990


#AGE=10.000 BINS=155 Power-law IMF: x=-2.350
# N  sdss_r       Log10(N)       Log10(dN)
  1 -2.905        -0.4781        -0.4781
  2 -2.805        -0.3370        -0.8938
  3 -2.705        -0.2284        -0.8836
  4 -2.605        -0.1348        -0.8475
  5 -2.505        -0.0496        -0.7989
  6 -2.405         0.0211        -0.8021
  7 -2.305         0.0883        -0.7551
  8 -2.205         0.1487        -0.7379
  9 -2.105         0.2065        -0.6978
 10 -2.005         0.2585        -0.6894
 11 -1.905         0.3077        -0.6620
 12 -1.805         0.3578        -0.6050
 13 -1.705         0.4039        -0.5933
 14 -1.605         0.4480        -0.5672
 15 -1.505         0.4921        -0.5235
 16 -1.405         0.5331        -0.5121
 17 -1.305         0.5737        -0.4757
 18 -1.205         0.6134        -0.4446
 19 -1.105         0.6529        -0.4088
 20 -1.005         0.6895        -0.4021
 21 -0.905         0.7254        -0.3760
 22 -0.805         0.7621        -0.3285
 23 -0.705         0.7986        -0.2959
 24 -0.605         0.8341        -0.2712
 25 -0.505         0.8736        -0.1870
 26 -0.405         0.9544         0.1843
 27 -0.305         0.9910        -0.1014
 28 -0.205         1.0245        -0.1042
 29 -0.105         1.0546        -0.1194
 30 -0.005         1.1114         0.1999
 31  0.095         1.1583         0.1679
 32  0.195         1.1905         0.0449
 33  0.295         1.2209         0.0507
 34  0.395         1.2504         0.0686
 35  0.495         1.2774         0.0566
 36  0.595         1.3055         0.1028
 37  0.695         1.3350         0.1524
 38  0.795         1.3651         0.1906
 39  0.895         1.3957         0.2286
 40  0.995         1.4265         0.2626
 41  1.095         1.4575         0.2955
 42  1.195         1.4889         0.3321
 43  1.295         1.5203         0.3637
 44  1.395         1.5517         0.3957
 45  1.495         1.5834         0.4304
 46  1.595         1.6154         0.4666
 47  1.695         1.6475         0.5005
 48  1.795         1.6802         0.5402
 49  1.895         1.7137         0.5848
 50  1.995         1.7492         0.6443
 51  2.095         1.7856         0.6904
 52  2.195         1.8229         0.7380
 53  2.295         1.8594         0.7665
 54  2.395         1.8942         0.7806
 55  2.495         1.9276         0.7967
 56  2.595         1.9596         0.8116
 57  2.695         1.9913         0.8380
 58  2.795         2.0241         0.8859
 59  2.895         2.0633         0.9999
 60  2.995         2.1278         1.2672
 61  3.095         2.2056         1.4205
 62  3.195         2.2723         1.4260
 63  3.295         2.3365         1.4747
 64  3.395         2.4006         1.5376
 65  3.495         2.4650         1.6046
 66  3.595         2.5284         1.6614
 67  3.695         2.5903         1.7137
 68  3.795         2.6503         1.7612
 69  3.895         2.7084         1.8058
 70  3.995         2.7653         1.8543
 71  4.095         2.8202         1.8948
 72  4.195         2.8714         1.9179
 73  4.295         2.9201         1.9452
 74  4.395         2.9665         1.9725
 75  4.495         3.0111         2.0010
 76  4.595         3.0542         2.0293
 77  4.695         3.0961         2.0594
 78  4.795         3.1364         2.0837
 79  4.895         3.1749         2.1044
 80  4.995         3.2123         2.1290
 81  5.095         3.2489         2.1558
 82  5.195         3.2842         2.1768
 83  5.295         3.3181         2.1937
 84  5.395         3.3507         2.2101
 85  5.495         3.3823         2.2276
 86  5.595         3.4128         2.2453
 87  5.695         3.4425         2.2625
 88  5.795         3.4712         2.2772
 89  5.895         3.4989         2.2886
 90  5.995         3.5255         2.2996
 91  6.095         3.5511         2.3098
 92  6.195         3.5758         2.3179
 93  6.295         3.5996         2.3273
 94  6.395         3.6226         2.3348
 95  6.495         3.6446         2.3376
 96  6.595         3.6660         2.3475
 97  6.695         3.6867         2.3558
 98  6.795         3.7067         2.3598
 99  6.895         3.7261         2.3653
100  6.995         3.7450         2.3748
101  7.095         3.7635         2.3845
102  7.195         3.7816         2.3928
103  7.295         3.7993         2.4005
104  7.395         3.8166         2.4085
105  7.495         3.8337         2.4207
106  7.595         3.8509         2.4387
107  7.695         3.8683         2.4632
108  7.795         3.8860         2.4874
109  7.895         3.9039         2.5089
110  7.995         3.9219         2.5304
111  8.095         3.9402         2.5553
112  8.195         3.9589         2.5851
113  8.295         3.9785         2.6239
114  8.395         3.9985         2.6512
115  8.495         4.0192         2.6867
116  8.595         4.0394         2.6969
117  8.695         4.0609         2.7441
118  8.795         4.0851         2.8199
119  8.895         4.1100         2.8565
120  8.995         4.1359         2.8985
121  9.095         4.1628         2.9404
122  9.195         4.1900         2.9731
123  9.295         4.2190         3.0300
124  9.395         4.2529         3.1276
125  9.495         4.2869         3.1647
126  9.595         4.3207         3.1951
127  9.695         4.3530         3.2078
128  9.795         4.3847         3.2325
129  9.895         4.4161         3.2600
130  9.995         4.4466         3.2778
131 10.095         4.4761         3.2936
132 10.195         4.5045         3.3048
133 10.295         4.5321         3.3218
134 10.395         4.5591         3.3392
135 10.495         4.5851         3.3504
136 10.595         4.6104         3.3631
137 10.695         4.6350         3.3762
138 10.795         4.6590         3.3891
139 10.895         4.6824         3.4017
140 10.995         4.7052         3.4146
141 11.095         4.7276         3.4278
142 11.195         4.7494         3.4404
143 11.295         4.7708         3.4532
144 11.395         4.7919         3.4662
145 11.495         4.8125         3.4790
146 11.595         4.8327         3.4913
147 11.695         4.8526         3.5028
148 11.795         4.8720         3.5134
149 11.895         4.8911         3.5230
150 11.995         4.9098         3.5342
151 12.095         4.9282         3.5472
152 12.195         4.9464         3.5607
153 12.295         4.9644         3.5720
154 12.395         4.9822         3.5861
155 12.495         5.0000         3.6035


#AGE=11.000 BINS=156 Power-law IMF: x=-2.350
# N  sdss_r       Log10(N)       Log10(dN)
  1 -2.853        -0.9663        -0.9663
  2 -2.753        -0.6538        -0.9436
  3 -2.653        -0.4638        -0.9145
  4 -2.553        -0.3237        -0.8831
  5 -2.453        -0.2096        -0.8459
  6 -2.353        -0.1174        -0.8355
  7 -2.253        -0.0292        -0.7651
  8 -2.153         0.0422        -0.7770
  9 -2.053         0.1108        -0.7245
 10 -1.953         0.1683        -0.7383
 11 -1.853         0.2278        -0.6646
 12 -1.753         0.2827        -0.6426
 13 -1.653         0.3318        -0.6399
 14 -1.553         0.3820        -0.5800
 15 -1.453         0.4274        -0.5756
 16 -1.353         0.4725        -0.5335
 17 -1.253         0.5173        -0.4918
 18 -1.153         0.5594        -0.4750
 19 -1.053         0.5999        -0.4497
 20 -0.953         0.6389        -0.4271
 21 -0.853         0.6766        -0.4039
 22 -0.753         0.7147        -0.3612
 23 -0.653         0.7527        -0.3245
 24 -0.553         0.7898        -0.2970
 25 -0.453         0.8246        -0.2880
 26 -0.353         0.9103         0.1634
 27 -0.253         0.9502        -0.1071
 28 -0.153         0.9847        -0.1323
 29 -0.053         1.0176        -0.1191
 30  0.047         1.0733         0.1539
 31  0.147         1.1205         0.1333
 32  0.247         1.1536         0.0191
 33  0.347         1.1847         0.0245
 34  0.447         1.2151         0.0451
 35  0.547         1.2426         0.0301
 36  0.647         1.2715         0.0798
 37  0.747         1.3017         0.1296
 38  0.847         1.3324         0.1662
 39  0.947         1.3635         0.2035
 40  1.047         1.3951         0.2408
 41  1.147         1.4265         0.2701
 42  1.247         1.4584         0.3085
 43  1.347         1.4904         0.3421
 44  1.447         1.5224         0.3731
 45  1.547         1.5546         0.4098
 46  1.647         1.5871         0.4444
 47  1.747         1.6197         0.4787
 48  1.847         1.6526         0.5163
 49  1.947         1.6864         0.5603
 50  2.047         1.7219         0.6175
 51  2.147         1.7589         0.6700
 52  2.247         1.7966         0.7164
 53  2.347         1.8339         0.7500
 54  2.447         1.8696         0.7667
 55  2.547         1.9035         0.7785
 56  2.647         1.9359         0.7933
 57  2.747         1.9676         0.8144
 58  2.847         1.9997         0.8532
 59  2.947         2.0352         0.9299
 60  3.047         2.0836         1.1070
 61  3.147         2.1577         1.3527
 62  3.247         2.2251         1.3829
 63  3.347         2.2899         1.4319
 64  3.447         2.3539         1.4909
 65  3.547         2.4169         1.5472
 66  3.647         2.4796         1.6079
 67  3.747         2.5412         1.6623
 68  3.847         2.6009         1.7099
 69  3.947         2.6584         1.7515
 70  4.047         2.7150         1.8019
 71  4.147         2.7702         1.8471
 72  4.247         2.8222         1.8754
 73  4.347         2.8717         1.9033
 74  4.447         2.9192         1.9352
 75  4.547         2.9652         1.9671
 76  4.647         3.0099         2.0005
 77  4.747         3.0529         2.0268
 78  4.847         3.0939         2.0489
 79  4.947         3.1336         2.0750
 80  5.047         3.1724         2.1038
 81  5.147         3.2098         2.1265
 82  5.247         3.2458         2.1462
 83  5.347         3.2804         2.1646
 84  5.447         3.3138         2.1828
 85  5.547         3.3462         2.2027
 86  5.647         3.3774         2.2196
 87  5.747         3.4077         2.2351
 88  5.847         3.4368         2.2487
 89  5.947         3.4648         2.2605
 90  6.047         3.4918         2.2715
 91  6.147         3.5178         2.2817
 92  6.247         3.5427         2.2899
 93  6.347         3.5668         2.2992
 94  6.447         3.5899         2.3044
 95  6.547         3.6122         2.3117
 96  6.647         3.6339         2.3214
 97  6.747         3.6548         2.3269
 98  6.847         3.6750         2.3327
 99  6.947         3.6947         2.3408
100  7.047         3.7139         2.3505
101  7.147         3.7327         2.3594
102  7.247         3.7510         2.3673
103  7.347         3.7690         2.3755
104  7.447         3.7866         2.3872
105  7.547         3.8042         2.4018
106  7.647         3.8219         2.4239
107  7.747         3.8399         2.4485
108  7.847         3.8581         2.4708
109  7.947         3.8763         2.4910
110  8.047         3.8949         2.5174
111  8.147         3.9139         2.5438
112  8.247         3.9334         2.5775
113  8.347         3.9538         2.6147
114  8.447         3.9745         2.6422
115  8.547         3.9958         2.6751
116  8.647         4.0171         2.6988
117  8.747         4.0403         2.7564
118  8.847         4.0651         2.8089
119  8.947         4.0906         2.8472
120  9.047         4.1172         2.8910
121  9.147         4.1449         2.9347
122  9.247         4.1731         2.9720
123  9.347         4.2054         3.0609
124  9.447         4.2391         3.1122
125  9.547         4.2744         3.1665
126  9.647         4.3080         3.1798
127  9.747         4.3404         3.1970
128  9.847         4.3725         3.2252
129  9.947         4.4037         3.2452
130 10.047         4.4340         3.2623
131 10.147         4.4631         3.2752
132 10.247         4.4914         3.2905
133 10.347         4.5188         3.3057
134 10.447         4.5455         3.3207
135 10.547         4.5713         3.3332
136 10.647         4.5963         3.3440
137 10.747         4.6206         3.3565
138 10.847         4.6443         3.3687
139 10.947         4.6674         3.3811
140 11.047         4.6899         3.3928
141 11.147         4.7119         3.4058
142 11.247         4.7335         3.4198
143 11.347         4.7547         3.4332
144 11.447         4.7755         3.4458
145 11.547         4.7959         3.4576
146 11.647         4.8159         3.4691
147 11.747         4.8355         3.4807
148 11.847         4.8548         3.4925
149 11.947         4.8738         3.5043
150 12.047         4.8924         3.5144
151 12.147         4.9107         3.5261
152 12.247         4.9288         3.5402
153 12.347         4.9468         3.5556
154 12.447         4.9646         3.5689
155 12.547         4.9823         3.5839
156 12.647         5.0000         3.6009


#AGE=12.000 BINS=154 Power-law IMF: x=-2.350
# N  sdss_r       Log10(N)       Log10(dN)
  1 -2.877        -0.9448        -0.9448
  2 -2.777        -0.6441        -0.9455
  3 -2.677        -0.4542        -0.9048
  4 -2.576        -0.3095        -0.8573
  5 -2.476        -0.2003        -0.8532
  6 -2.377        -0.1048        -0.8095
  7 -2.277        -0.0216        -0.7802
  8 -2.177         0.0517        -0.7570
  9 -2.076         0.1183        -0.7290
 10 -1.976         0.1811        -0.6895
 11 -1.877         0.2390        -0.6648
 12 -1.777         0.2926        -0.6425
 13 -1.677         0.3428        -0.6192
 14 -1.576         0.3910        -0.5882
 15 -1.476         0.4383        -0.5476
 16 -1.377         0.4840        -0.5171
 17 -1.277         0.5268        -0.5002
 18 -1.177         0.5692        -0.4621
 19 -1.076         0.6114        -0.4224
 20 -0.976         0.6512        -0.4059
 21 -0.877         0.6884        -0.3980
 22 -0.777         0.7258        -0.3577
 23 -0.677         0.7642        -0.3085
 24 -0.576         0.8016        -0.2814
 25 -0.476         0.8375        -0.2635
 26 -0.377         0.8906        -0.0480
 27 -0.277         0.9579         0.1149
 28 -0.177         0.9943        -0.1002
 29 -0.076         1.0284        -0.0937
 30  0.024         1.0601        -0.0924
 31  0.123         1.1251         0.2677
 32  0.223         1.1634         0.0901
 33  0.323         1.1958         0.0529
 34  0.424         1.2276         0.0756
 35  0.524         1.2570         0.0738
 36  0.623         1.2853         0.0850
 37  0.723         1.3145         0.1272
 38  0.823         1.3449         0.1756
 39  0.924         1.3758         0.2121
 40  1.024         1.4074         0.2544
 41  1.123         1.4390         0.2846
 42  1.223         1.4707         0.3186
 43  1.323         1.5030         0.3582
 44  1.424         1.5351         0.3875
 45  1.524         1.5674         0.4229
 46  1.623         1.5998         0.4568
 47  1.723         1.6325         0.4922
 48  1.823         1.6654         0.5292
 49  1.924         1.6987         0.5660
 50  2.024         1.7326         0.6085
 51  2.123         1.7684         0.6664
 52  2.223         1.8058         0.7232
 53  2.323         1.8438         0.7666
 54  2.424         1.8814         0.7995
 55  2.524         1.9170         0.8130
 56  2.623         1.9507         0.8247
 57  2.723         1.9831         0.8396
 58  2.823         2.0146         0.8588
 59  2.924         2.0464         0.8961
 60  3.024         2.0812         0.9668
 61  3.123         2.1253         1.1106
 62  3.223         2.1916         1.3428
 63  3.324         2.2579         1.4087
 64  3.424         2.3217         1.4569
 65  3.524         2.3847         1.5155
 66  3.623         2.4476         1.5772
 67  3.723         2.5096         1.6335
 68  3.824         2.5705         1.6873
 69  3.924         2.6300         1.7372
 70  4.024         2.6875         1.7811
 71  4.123         2.7441         1.8315
 72  4.223         2.7998         1.8798
 73  4.324         2.8526         1.9118
 74  4.424         2.9032         1.9447
 75  4.524         2.9523         1.9809
 76  4.623         2.9994         2.0117
 77  4.724         3.0447         2.0404
 78  4.824         3.0880         2.0655
 79  4.924         3.1300         2.0938
 80  5.024         3.1707         2.1233
 81  5.123         3.2100         2.1468
 82  5.224         3.2478         2.1690
 83  5.324         3.2842         2.1890
 84  5.424         3.3192         2.2086
 85  5.524         3.3532         2.2292
 86  5.623         3.3859         2.2475
 87  5.724         3.4175         2.2628
 88  5.824         3.4479         2.2777
 89  5.924         3.4770         2.2891
 90  6.024         3.5052         2.3028
 91  6.123         3.5322         2.3127
 92  6.224         3.5581         2.3217
 93  6.324         3.5832         2.3324
 94  6.424         3.6072         2.3374
 95  6.524         3.6303         2.3442
 96  6.623         3.6528         2.3557
 97  6.724         3.6745         2.3621
 98  6.824         3.6954         2.3673
 99  6.924         3.7157         2.3754
100  7.024         3.7355         2.3851
101  7.123         3.7549         2.3950
102  7.224         3.7738         2.4030
103  7.324         3.7922         2.4101
104  7.424         3.8103         2.4218
105  7.524         3.8284         2.4380
106  7.623         3.8465         2.4578
107  7.724         3.8648         2.4816
108  7.824         3.8834         2.5043
109  7.924         3.9020         2.5252
110  8.024         3.9209         2.5495
111  8.123         3.9402         2.5782
112  8.224         3.9600         2.6106
113  8.323         3.9806         2.6451
114  8.424         4.0016         2.6761
115  8.524         4.0232         2.7092
116  8.623         4.0450         2.7355
117  8.724         4.0680         2.7804
118  8.824         4.0930         2.8397
119  8.924         4.1187         2.8783
120  9.024         4.1452         2.9181
121  9.123         4.1729         2.9628
122  9.224         4.2013         3.0039
123  9.324         4.2333         3.0850
124  9.424         4.2667         3.1352
125  9.524         4.3021         3.1965
126  9.623         4.3369         3.2226
127  9.724         4.3701         3.2376
128  9.824         4.4027         3.2616
129  9.924         4.4346         3.2848
130 10.024         4.4654         3.3003
131 10.123         4.4951         3.3153
132 10.224         4.5237         3.3289
133 10.324         4.5516         3.3444
134 10.424         4.5787         3.3616
135 10.524         4.6048         3.3708
136 10.623         4.6300         3.3813
137 10.724         4.6546         3.3949
138 10.824         4.6785         3.4065
139 10.924         4.7016         3.4167
140 11.024         4.7242         3.4289
141 11.123         4.7463         3.4421
142 11.224         4.7679         3.4548
143 11.324         4.7892         3.4682
144 11.424         4.8101         3.4820
145 11.524         4.8306         3.4950
146 11.623         4.8508         3.5070
147 11.724         4.8705         3.5178
148 11.824         4.8898         3.5281
149 11.924         4.9088         3.5396
150 12.024         4.9275         3.5524
151 12.123         4.9459         3.5650
152 12.224         4.9641         3.5759
153 12.324         4.9820         3.5900
154 12.424         5.0000         3.6075


#AGE=13.000 BINS=155 Power-law IMF: x=-2.350
# N  sdss_r       Log10(N)       Log10(dN)
  1 -2.847        -1.0745        -1.0745
  2 -2.747        -0.6948        -0.9292
  3 -2.647        -0.5108        -0.9726
  4 -2.547        -0.3641        -0.9067
  5 -2.447        -0.2538        -0.9028
  6 -2.347        -0.1569        -0.8563
  7 -2.247        -0.0699        -0.8107
  8 -2.147         0.0028        -0.8095
  9 -2.047         0.0724        -0.7570
 10 -1.947         0.1325        -0.7562
 11 -1.847         0.1923        -0.6983
 12 -1.747         0.2446        -0.7001
 13 -1.647         0.2959        -0.6578
 14 -1.547         0.3452        -0.6242
 15 -1.447         0.3926        -0.5921
 16 -1.347         0.4388        -0.5577
 17 -1.247         0.4819        -0.5433
 18 -1.147         0.5252        -0.4969
 19 -1.047         0.5666        -0.4751
 20 -0.947         0.6063        -0.4523
 21 -0.847         0.6446        -0.4284
 22 -0.747         0.6822        -0.3994
 23 -0.647         0.7199        -0.3610
 24 -0.547         0.7577        -0.3211
 25 -0.447         0.7941        -0.3008
 26 -0.347         0.8350        -0.2114
 27 -0.247         0.9111         0.1173
 28 -0.147         0.9498        -0.1198
 29 -0.047         0.9842        -0.1340
 30  0.053         1.0167        -0.1243
 31  0.153         1.0773         0.1921
 32  0.253         1.1187         0.0771
 33  0.353         1.1520         0.0194
 34  0.453         1.1835         0.0291
 35  0.553         1.2139         0.0436
 36  0.653         1.2430         0.0548
 37  0.753         1.2720         0.0825
 38  0.853         1.3023         0.1306
 39  0.953         1.3335         0.1749
 40  1.053         1.3650         0.2089
 41  1.153         1.3970         0.2487
 42  1.253         1.4293         0.2844
 43  1.353         1.4613         0.3137
 44  1.453         1.4939         0.3522
 45  1.553         1.5264         0.3841
 46  1.653         1.5590         0.4192
 47  1.753         1.5921         0.4569
 48  1.853         1.6250         0.4889
 49  1.953         1.6585         0.5283
 50  2.053         1.6925         0.5692
 51  2.153         1.7277         0.6199
 52  2.253         1.7653         0.6835
 53  2.353         1.8035         0.7285
 54  2.453         1.8419         0.7697
 55  2.553         1.8783         0.7840
 56  2.653         1.9128         0.7955
 57  2.753         1.9458         0.8100
 58  2.853         1.9776         0.8267
 59  2.953         2.0090         0.8527
 60  3.053         2.0418         0.9036
 61  3.153         2.0797         1.0017
 62  3.253         2.1321         1.1872
 63  3.353         2.1980         1.3466
 64  3.453         2.2604         1.3872
 65  3.553         2.3239         1.4573
 66  3.653         2.3867         1.5161
 67  3.753         2.4494         1.5777
 68  3.853         2.5114         1.6359
 69  3.953         2.5722         1.6879
 70  4.053         2.6311         1.7346
 71  4.153         2.6887         1.7826
 72  4.253         2.7457         1.8357
 73  4.353         2.8012         1.8801
 74  4.453         2.8540         1.9127
 75  4.553         2.9046         1.9462
 76  4.653         2.9529         1.9753
 77  4.753         2.9993         2.0043
 78  4.853         3.0440         2.0352
 79  4.953         3.0874         2.0653
 80  5.053         3.1293         2.0923
 81  5.153         3.1696         2.1178
 82  5.253         3.2084         2.1398
 83  5.353         3.2457         2.1613
 84  5.453         3.2818         2.1835
 85  5.553         3.3166         2.2027
 86  5.653         3.3500         2.2200
 87  5.753         3.3822         2.2359
 88  5.853         3.4131         2.2509
 89  5.953         3.4429         2.2634
 90  6.053         3.4714         2.2751
 91  6.153         3.4989         2.2865
 92  6.253         3.5253         2.2966
 93  6.353         3.5508         2.3062
 94  6.453         3.5751         2.3111
 95  6.553         3.5986         2.3198
 96  6.653         3.6215         2.3315
 97  6.753         3.6434         2.3364
 98  6.853         3.6647         2.3441
 99  6.953         3.6853         2.3516
100  7.053         3.7055         2.3616
101  7.153         3.7252         2.3726
102  7.253         3.7443         2.3793
103  7.353         3.7630         2.3879
104  7.453         3.7816         2.4018
105  7.553         3.8000         2.4202
106  7.653         3.8186         2.4407
107  7.753         3.8375         2.4654
108  7.853         3.8564         2.4863
109  7.953         3.8755         2.5091
110  8.053         3.8948         2.5329
111  8.153         3.9145         2.5621
112  8.253         3.9351         2.6011
113  8.353         3.9562         2.6316
114  8.453         3.9778         2.6636
115  8.553         4.0000         2.6969
116  8.653         4.0223         2.7234
117  8.753         4.0464         2.7783
118  8.853         4.0722         2.8324
119  8.953         4.0984         2.8655
120  9.053         4.1253         2.9050
121  9.153         4.1535         2.9516
122  9.253         4.1831         3.0026
123  9.353         4.2161         3.0793
124  9.453         4.2497         3.1224
125  9.553         4.2863         3.1935
126  9.653         4.3210         3.2070
127  9.753         4.3545         3.2240
128  9.853         4.3874         3.2507
129  9.953         4.4192         3.2689
130 10.053         4.4500         3.2855
131 10.153         4.4796         3.2979
132 10.253         4.5083         3.3137
133 10.353         4.5362         3.3312
134 10.453         4.5632         3.3419
135 10.553         4.5891         3.3528
136 10.653         4.6142         3.3639
137 10.753         4.6386         3.3754
138 10.853         4.6623         3.3868
139 10.953         4.6853         3.3981
140 11.053         4.7077         3.4087
141 11.153         4.7296         3.4218
142 11.253         4.7511         3.4361
143 11.353         4.7723         3.4493
144 11.453         4.7930         3.4619
145 11.553         4.8134         3.4742
146 11.653         4.8334         3.4864
147 11.753         4.8530         3.4983
148 11.853         4.8723         3.5098
149 11.953         4.8912         3.5201
150 12.053         4.9098         3.5319
151 12.153         4.9281         3.5456
152 12.253         4.9464         3.5599
153 12.353         4.9643         3.5724
154 12.453         4.9822         3.5871
155 12.553         5.0000         3.6043
