#NUMBER OF AGES=15
#----------------------------------------------------       
#MIX-LEN  Y      Z          Zeff        [Fe/H] [a/Fe]       
# 1.9380  0.2763 2.0094E-02 2.0094E-02   0.10   0.00        
#----------------------------------------------------       
#**PHOTOMETRIC SYSTEM**: SDSS (AB)                          
#----------------------------------------------------       
#AGE= 0.010 BINS=138 Power-law IMF: x=-2.350
# N  sdss_r       Log10(N)       Log10(dN)
  1 -2.010        -0.5549        -0.5549
  2 -1.910        -0.4268        -1.0193
  3 -1.810         1.1895         1.1789
  4 -1.710         1.4899         1.1883
  5 -1.610         1.6685         1.1962
  6 -1.510         1.7988         1.2126
  7 -1.410         1.9002         1.2188
  8 -1.310         1.9828         1.2210
  9 -1.210         2.0526         1.2247
 10 -1.110         2.1127         1.2237
 11 -1.010         2.1656         1.2254
 12 -0.910         2.2131         1.2278
 13 -0.810         2.2619         1.2889
 14 -0.710         2.3737         1.7295
 15 -0.610         2.4642         1.7388
 16 -0.510         2.5594         1.8533
 17 -0.410         2.6683         2.0143
 18 -0.310         2.7656         2.0683
 19 -0.210         2.8508         2.1012
 20 -0.110         2.9230         2.1083
 21 -0.010         2.9835         2.0978
 22  0.090         3.0360         2.0920
 23  0.190         3.0818         2.0822
 24  0.290         3.1223         2.0717
 25  0.390         3.1593         2.0714
 26  0.490         3.1941         2.0814
 27  0.590         3.2282         2.1055
 28  0.690         3.2635         2.1558
 29  0.790         3.3011         2.2209
 30  0.890         3.3394         2.2658
 31  0.990         3.3684         2.1786
 32  1.090         3.3960         2.1842
 33  1.190         3.4224         2.1934
 34  1.290         3.4484         2.2131
 35  1.390         3.4748         2.2461
 36  1.490         3.5025         2.2935
 37  1.590         3.5315         2.3409
 38  1.690         3.5548         2.2730
 39  1.790         3.5715         2.1481
 40  1.890         3.5876         2.1488
 41  1.990         3.6032         2.1510
 42  2.090         3.6184         2.1549
 43  2.190         3.6333         2.1608
 44  2.290         3.6480         2.1689
 45  2.390         3.6625         2.1796
 46  2.490         3.6770         2.1930
 47  2.590         3.6915         2.2095
 48  2.690         3.7063         2.2291
 49  2.790         3.7213         2.2522
 50  2.890         3.7367         2.2789
 51  2.990         3.7526         2.3094
 52  3.090         3.7692         2.3439
 53  3.190         3.7867         2.3825
 54  3.290         3.8046         2.4107
 55  3.390         3.8210         2.3911
 56  3.490         3.8365         2.3796
 57  3.590         3.8514         2.3813
 58  3.690         3.8721         2.5383
 59  3.790         3.8869         2.4135
 60  3.890         3.9015         2.4216
 61  3.990         3.9167         2.4520
 62  4.090         3.9322         2.4755
 63  4.190         3.9473         2.4824
 64  4.290         3.9626         2.5021
 65  4.390         3.9761         2.4616
 66  4.490         3.9968         2.6656
 67  4.590         4.0079         2.4099
 68  4.690         4.0155         2.2529
 69  4.790         4.0230         2.2587
 70  4.890         4.0306         2.2645
 71  4.990         4.0380         2.2703
 72  5.090         4.0454         2.2694
 73  5.190         4.0527         2.2766
 74  5.290         4.0601         2.2875
 75  5.390         4.0676         2.2986
 76  5.490         4.0757         2.3436
 77  5.590         4.0845         2.3884
 78  5.690         4.0934         2.3988
 79  5.790         4.1023         2.4089
 80  5.890         4.1112         2.4186
 81  5.990         4.1201         2.4280
 82  6.090         4.1290         2.4371
 83  6.190         4.1379         2.4458
 84  6.290         4.1468         2.4542
 85  6.390         4.1557         2.4623
 86  6.490         4.1646         2.4700
 87  6.590         4.1734         2.4773
 88  6.690         4.1822         2.4843
 89  6.790         4.1910         2.4909
 90  6.890         4.1973         2.3612
 91  6.990         4.2027         2.2955
 92  7.090         4.2081         2.2960
 93  7.190         4.2165         2.4991
 94  7.290         4.2218         2.3034
 95  7.390         4.2272         2.3229
 96  7.490         4.2329         2.3493
 97  7.590         4.2390         2.3839
 98  7.690         4.2457         2.4258
 99  7.790         4.2529         2.4727
100  7.890         4.2608         2.5139
101  7.990         4.2692         2.5508
102  8.090         4.2780         2.5845
103  8.190         4.2874         2.6154
104  8.290         4.2972         2.6442
105  8.390         4.3074         2.6750
106  8.490         4.3182         2.7095
107  8.590         4.3227         2.3302
108  8.690         4.3260         2.2143
109  8.790         4.3385         2.7889
110  8.890         4.4896         3.9576
111  8.990         4.5232         3.3955
112  9.090         4.5463         3.2602
113  9.190         4.5645         3.1795
114  9.290         4.5803         3.1324
115  9.390         4.5948         3.1100
116  9.490         4.6087         3.1064
117  9.590         4.6224         3.1169
118  9.690         4.6364         3.1373
119  9.790         4.6508         3.1647
120  9.890         4.6658         3.1964
121  9.990         4.6815         3.2306
122 10.090         4.6979         3.2662
123 10.190         4.7150         3.3021
124 10.290         4.7328         3.3362
125 10.390         4.7513         3.3721
126 10.490         4.7704         3.4050
127 10.590         4.7896         3.4251
128 10.690         4.8090         3.4501
129 10.790         4.8280         3.4597
130 10.890         4.8471         3.4808
131 10.990         4.8663         3.5015
132 11.090         4.8855         3.5215
133 11.190         4.9047         3.5410
134 11.290         4.9239         3.5599
135 11.390         4.9431         3.5781
136 11.490         4.9622         3.5955
137 11.590         4.9811         3.6123
138 11.690         5.0000         3.6282


#AGE= 0.100 BINS=138 Power-law IMF: x=-2.350
# N  sdss_r       Log10(N)       Log10(dN)
  1 -1.896        -0.6335        -0.6335
  2 -1.796        -0.4023        -0.7864
  3 -1.696        -0.0968        -0.3935
  4 -1.596         0.2446        -0.0195
  5 -1.496         0.4739         0.0870
  6 -1.396         0.6143         0.0557
  7 -1.296         0.7478         0.1703
  8 -1.196         1.1274         0.8929
  9 -1.096         1.4676         1.2024
 10 -0.996         1.6560         1.2025
 11 -0.896         1.7873         1.2038
 12 -0.796         1.8874         1.2009
 13 -0.696         1.9698         1.2075
 14 -0.596         2.0430         1.2339
 15 -0.496         2.1048         1.2273
 16 -0.396         2.2535         1.7156
 17 -0.296         2.4427         1.9906
 18 -0.196         2.5947         2.0652
 19 -0.096         2.7155         2.1009
 20  0.004         2.8121         2.1119
 21  0.104         2.8904         2.1076
 22  0.204         2.9562         2.1045
 23  0.304         3.0133         2.1039
 24  0.404         3.0628         2.0947
 25  0.504         3.1061         2.0838
 26  0.604         3.1458         2.0865
 27  0.704         3.1836         2.1049
 28  0.804         3.2220         2.1492
 29  0.904         3.2617         2.2031
 30  1.004         3.3015         2.2441
 31  1.104         3.3325         2.1697
 32  1.204         3.3617         2.1759
 33  1.304         3.3899         2.1877
 34  1.404         3.4179         2.2129
 35  1.504         3.4464         2.2507
 36  1.604         3.4763         2.2984
 37  1.704         3.5074         2.3468
 38  1.804         3.5292         2.2184
 39  1.904         3.5468         2.1480
 40  2.004         3.5639         2.1507
 41  2.104         3.5805         2.1521
 42  2.204         3.5965         2.1553
 43  2.304         3.6121         2.1606
 44  2.404         3.6275         2.1682
 45  2.504         3.6426         2.1784
 46  2.604         3.6577         2.1914
 47  2.704         3.6729         2.2076
 48  2.804         3.6882         2.2271
 49  2.904         3.7037         2.2502
 50  3.004         3.7197         2.2769
 51  3.104         3.7362         2.3076
 52  3.204         3.7534         2.3423
 53  3.304         3.7714         2.3816
 54  3.404         3.7893         2.3941
 55  3.504         3.8058         2.3770
 56  3.604         3.8215         2.3723
 57  3.704         3.8408         2.4803
 58  3.804         3.8578         2.4417
 59  3.904         3.8726         2.3968
 60  4.004         3.8879         2.4259
 61  4.104         3.9035         2.4515
 62  4.204         3.9191         2.4680
 63  4.304         3.9346         2.4778
 64  4.404         3.9493         2.4738
 65  4.504         3.9678         2.5868
 66  4.604         3.9845         2.5614
 67  4.704         3.9925         2.2525
 68  4.804         4.0003         2.2534
 69  4.904         4.0081         2.2594
 70  5.004         4.0159         2.2654
 71  5.104         4.0237         2.2714
 72  5.204         4.0314         2.2774
 73  5.304         4.0388         2.2682
 74  5.404         4.0462         2.2723
 75  5.504         4.0534         2.2707
 76  5.604         4.0603         2.2582
 77  5.704         4.0681         2.3184
 78  5.804         4.0756         2.3080
 79  5.904         4.0828         2.2989
 80  6.004         4.0898         2.2919
 81  6.104         4.0966         2.2877
 82  6.204         4.1033         2.2871
 83  6.304         4.1099         2.2912
 84  6.404         4.1166         2.3011
 85  6.504         4.1235         2.3182
 86  6.604         4.1306         2.3438
 87  6.704         4.1382         2.3793
 88  6.804         4.1466         2.4265
 89  6.904         4.1560         2.4872
 90  7.004         4.1670         2.5644
 91  7.104         4.1801         2.6520
 92  7.204         4.1942         2.7011
 93  7.304         4.2134         2.8481
 94  7.404         4.2214         2.4862
 95  7.504         4.2254         2.1838
 96  7.604         4.2287         2.1045
 97  7.704         4.2326         2.1900
 98  7.804         4.2381         2.3372
 99  7.904         4.2453         2.4580
100  8.004         4.2531         2.5029
101  8.104         4.2614         2.5407
102  8.204         4.2703         2.5751
103  8.304         4.2796         2.6063
104  8.404         4.2894         2.6370
105  8.504         4.2997         2.6721
106  8.604         4.3057         2.4455
107  8.704         4.3130         2.5295
108  8.804         4.3202         2.5405
109  8.904         4.3341         2.8304
110  9.004         4.3492         2.8825
111  9.104         4.4743         3.8730
112  9.204         4.5168         3.4862
113  9.304         4.5448         3.3402
114  9.404         4.5664         3.2519
115  9.504         4.5846         3.1969
116  9.604         4.6008         3.1664
117  9.704         4.6161         3.1551
118  9.804         4.6310         3.1584
119  9.904         4.6459         3.1725
120 10.004         4.6609         3.1942
121 10.104         4.6764         3.2206
122 10.204         4.6924         3.2499
123 10.304         4.7089         3.2794
124 10.404         4.7259         3.3122
125 10.504         4.7445         3.3651
126 10.604         4.7638         3.4038
127 10.704         4.7836         3.4316
128 10.804         4.8030         3.4436
129 10.904         4.8226         3.4662
130 11.004         4.8422         3.4884
131 11.104         4.8620         3.5099
132 11.204         4.8818         3.5309
133 11.304         4.9016         3.5512
134 11.404         4.9214         3.5709
135 11.504         4.9412         3.5898
136 11.604         4.9609         3.6080
137 11.704         4.9805         3.6254
138 11.804         5.0000         3.6419


#AGE= 1.000 BINS=138 Power-law IMF: x=-2.350
# N  sdss_r       Log10(N)       Log10(dN)
  1 -0.759        -0.2259        -0.2259
  2 -0.659         0.0771        -0.2220
  3 -0.559         0.2552        -0.2179
  4 -0.459         0.3814        -0.2170
  5 -0.359         0.4801        -0.2119
  6 -0.259         0.5611        -0.2080
  7 -0.159         0.6300        -0.2032
  8 -0.059         0.6899        -0.2002
  9  0.041         0.7426        -0.1997
 10  0.141         0.7897        -0.1984
 11  0.241         0.8318        -0.2023
 12  0.341         0.8706        -0.1973
 13  0.441         0.9060        -0.2015
 14  0.541         0.9380        -0.2104
 15  0.641         1.1749         0.7986
 16  0.741         1.2877         0.6472
 17  0.841         1.4500         0.9438
 18  0.941         1.7641         1.4759
 19  1.041         2.0493         1.7317
 20  1.141         2.2322         1.7683
 21  1.241         2.3634         1.7796
 22  1.341         2.4674         1.7956
 23  1.441         2.5508         1.7933
 24  1.541         2.6230         1.8081
 25  1.641         2.6872         1.8256
 26  1.741         2.7458         1.8463
 27  1.841         2.8007         1.8760
 28  1.941         2.8520         1.8987
 29  2.041         2.8998         1.9173
 30  2.141         2.9444         1.9339
 31  2.241         2.9859         1.9462
 32  2.341         3.0252         1.9614
 33  2.441         3.0624         1.9773
 34  2.541         3.0979         1.9927
 35  2.641         3.1315         2.0033
 36  2.741         3.1627         2.0033
 37  2.841         3.1935         2.0295
 38  2.941         3.2234         2.0466
 39  3.041         3.2513         2.0442
 40  3.141         3.2778         2.0509
 41  3.241         3.3035         2.0622
 42  3.341         3.3282         2.0718
 43  3.441         3.3521         2.0799
 44  3.541         3.3750         2.0864
 45  3.641         3.3970         2.0912
 46  3.741         3.4181         2.0935
 47  3.841         3.4382         2.0940
 48  3.941         3.4577         2.1000
 49  4.041         3.4769         2.1124
 50  4.141         3.4960         2.1304
 51  4.241         3.5153         2.1526
 52  4.341         3.5347         2.1742
 53  4.441         3.5528         2.1654
 54  4.541         3.5707         2.1755
 55  4.641         3.5881         2.1828
 56  4.741         3.6053         2.1944
 57  4.841         3.6222         2.2048
 58  4.941         3.6389         2.2136
 59  5.041         3.6551         2.2209
 60  5.141         3.6713         2.2333
 61  5.241         3.6871         2.2414
 62  5.341         3.7025         2.2453
 63  5.441         3.7176         2.2498
 64  5.541         3.7322         2.2521
 65  5.641         3.7464         2.2534
 66  5.741         3.7602         2.2550
 67  5.841         3.7736         2.2567
 68  5.941         3.7867         2.2586
 69  6.041         3.7994         2.2607
 70  6.141         3.8119         2.2630
 71  6.241         3.8240         2.2656
 72  6.341         3.8360         2.2683
 73  6.441         3.8476         2.2712
 74  6.541         3.8591         2.2743
 75  6.641         3.8703         2.2776
 76  6.741         3.8814         2.2811
 77  6.841         3.8922         2.2847
 78  6.941         3.9029         2.2886
 79  7.041         3.9134         2.2927
 80  7.141         3.9238         2.2969
 81  7.241         3.9340         2.2998
 82  7.341         3.9440         2.3012
 83  7.441         3.9539         2.3073
 84  7.541         3.9638         2.3165
 85  7.641         3.9736         2.3222
 86  7.741         3.9836         2.3403
 87  7.841         3.9941         2.3706
 88  7.941         4.0049         2.3981
 89  8.041         4.0160         2.4188
 90  8.141         4.0272         2.4326
 91  8.241         4.0383         2.4392
 92  8.341         4.0492         2.4416
 93  8.441         4.0599         2.4492
 94  8.541         4.0704         2.4473
 95  8.641         4.0807         2.4523
 96  8.741         4.0915         2.4806
 97  8.841         4.1027         2.5086
 98  8.941         4.1142         2.5325
 99  9.041         4.1262         2.5590
100  9.141         4.1385         2.5860
101  9.241         4.1512         2.6091
102  9.341         4.1643         2.6388
103  9.441         4.1781         2.6715
104  9.541         4.1923         2.6999
105  9.641         4.2071         2.7348
106  9.741         4.2227         2.7699
107  9.841         4.2390         2.8048
108  9.941         4.2561         2.8423
109 10.041         4.2740         2.8798
110 10.141         4.2928         2.9204
111 10.241         4.3126         2.9619
112 10.341         4.3333         3.0008
113 10.441         4.3547         3.0372
114 10.541         4.3767         3.0708
115 10.641         4.3992         3.1014
116 10.741         4.4220         3.1307
117 10.841         4.4445         3.1482
118 10.941         4.4676         3.1814
119 11.041         4.4922         3.2339
120 11.141         4.5177         3.2724
121 11.241         4.5438         3.3104
122 11.341         4.5706         3.3469
123 11.441         4.5976         3.3791
124 11.541         4.6248         3.4066
125 11.641         4.6516         3.4291
126 11.741         4.6780         3.4484
127 11.841         4.7041         3.4710
128 11.941         4.7302         3.4952
129 12.041         4.7562         3.5209
130 12.141         4.7823         3.5482
131 12.241         4.8086         3.5773
132 12.341         4.8351         3.6082
133 12.441         4.8621         3.6411
134 12.541         4.8894         3.6746
135 12.641         4.9170         3.7064
136 12.741         4.9447         3.7362
137 12.841         4.9724         3.7637
138 12.941         5.0000         3.7887


#AGE= 2.000 BINS=148 Power-law IMF: x=-2.350
# N  sdss_r       Log10(N)       Log10(dN)
  1 -1.434        -0.0264        -0.0264
  2 -1.334         0.2413        -0.0958
  3 -1.234         0.4018        -0.1084
  4 -1.134         0.5173        -0.1142
  5 -1.034         0.6102        -0.1052
  6 -0.934         0.6896        -0.0875
  7 -0.834         0.7599        -0.0660
  8 -0.734         0.8232        -0.0440
  9 -0.634         0.8817        -0.0177
 10 -0.534         0.9365         0.0097
 11 -0.434         0.9876         0.0329
 12 -0.334         1.0353         0.0532
 13 -0.234         1.0807         0.0771
 14 -0.134         1.1238         0.0987
 15 -0.034         1.1650         0.1221
 16  0.066         1.2261         0.3444
 17  0.166         1.3360         0.6854
 18  0.266         1.3997         0.5344
 19  0.366         1.4565         0.5448
 20  0.466         1.5209         0.6605
 21  0.566         1.5390         0.1507
 22  0.666         1.5564         0.1501
 23  0.766         1.5732         0.1512
 24  0.866         1.5894         0.1532
 25  0.966         1.6051         0.1557
 26  1.066         1.6202         0.1537
 27  1.166         1.6347         0.1523
 28  1.266         1.6487         0.1487
 29  1.366         1.6620         0.1425
 30  1.466         1.6748         0.1366
 31  1.566         1.6872         0.1378
 32  1.666         1.7543         0.9101
 33  1.766         1.8262         1.0095
 34  1.866         1.8714         0.8669
 35  1.966         1.9565         1.2067
 36  2.066         2.1440         1.6888
 37  2.166         2.3369         1.8914
 38  2.266         2.4739         1.9063
 39  2.366         2.5707         1.8711
 40  2.466         2.6477         1.8588
 41  2.566         2.7167         1.8839
 42  2.666         2.7788         1.9031
 43  2.766         2.8343         1.9130
 44  2.866         2.8846         1.9235
 45  2.966         2.9290         1.9173
 46  3.066         2.9698         1.9218
 47  3.166         3.0088         1.9425
 48  3.266         3.0461         1.9617
 49  3.366         3.0818         1.9793
 50  3.466         3.1160         1.9953
 51  3.566         3.1485         2.0061
 52  3.666         3.1772         1.9830
 53  3.766         3.2033         1.9699
 54  3.866         3.2285         1.9792
 55  3.966         3.2540         2.0100
 56  4.066         3.2780         2.0079
 57  4.166         3.3020         2.0331
 58  4.266         3.3259         2.0546
 59  4.366         3.3499         2.0802
 60  4.466         3.3728         2.0842
 61  4.566         3.3940         2.0724
 62  4.666         3.4150         2.0885
 63  4.766         3.4354         2.0964
 64  4.866         3.4552         2.1055
 65  4.966         3.4747         2.1157
 66  5.066         3.4937         2.1248
 67  5.166         3.5122         2.1325
 68  5.266         3.5303         2.1409
 69  5.366         3.5480         2.1504
 70  5.466         3.5652         2.1548
 71  5.566         3.5819         2.1575
 72  5.666         3.5980         2.1603
 73  5.766         3.6138         2.1648
 74  5.866         3.6291         2.1689
 75  5.966         3.6440         2.1728
 76  6.066         3.6586         2.1764
 77  6.166         3.6727         2.1796
 78  6.266         3.6866         2.1826
 79  6.366         3.7000         2.1852
 80  6.466         3.7132         2.1875
 81  6.566         3.7260         2.1895
 82  6.666         3.7385         2.1911
 83  6.766         3.7507         2.1924
 84  6.866         3.7625         2.1934
 85  6.966         3.7741         2.1940
 86  7.066         3.7853         2.1912
 87  7.166         3.7962         2.1908
 88  7.266         3.8070         2.1978
 89  7.366         3.8179         2.2118
 90  7.466         3.8288         2.2229
 91  7.566         3.8398         2.2351
 92  7.666         3.8508         2.2522
 93  7.766         3.8621         2.2696
 94  7.866         3.8735         2.2859
 95  7.966         3.8849         2.3016
 96  8.066         3.8965         2.3166
 97  8.166         3.9082         2.3321
 98  8.266         3.9200         2.3482
 99  8.366         3.9313         2.3418
100  8.466         3.9422         2.3362
101  8.566         3.9533         2.3530
102  8.666         3.9646         2.3756
103  8.766         3.9762         2.3977
104  8.866         3.9883         2.4270
105  8.966         4.0008         2.4528
106  9.066         4.0136         2.4771
107  9.166         4.0268         2.5015
108  9.266         4.0402         2.5258
109  9.366         4.0544         2.5602
110  9.466         4.0691         2.5922
111  9.566         4.0845         2.6256
112  9.666         4.1005         2.6604
113  9.766         4.1173         2.6967
114  9.866         4.1349         2.7332
115  9.966         4.1534         2.7727
116 10.066         4.1728         2.8136
117 10.166         4.1932         2.8537
118 10.266         4.2144         2.8929
119 10.366         4.2364         2.9315
120 10.466         4.2593         2.9695
121 10.566         4.2830         3.0069
122 10.666         4.3074         3.0450
123 10.766         4.3320         3.0735
124 10.866         4.3542         3.0526
125 10.966         4.3777         3.0980
126 11.066         4.4023         3.1446
127 11.166         4.4285         3.1959
128 11.266         4.4552         3.2303
129 11.366         4.4820         3.2584
130 11.466         4.5091         3.2904
131 11.566         4.5363         3.3195
132 11.666         4.5634         3.3454
133 11.766         4.5902         3.3680
134 11.866         4.6167         3.3892
135 11.966         4.6430         3.4120
136 12.066         4.6692         3.4368
137 12.166         4.6955         3.4639
138 12.266         4.7219         3.4932
139 12.366         4.7487         3.5249
140 12.466         4.7759         3.5588
141 12.566         4.8034         3.5916
142 12.666         4.8312         3.6234
143 12.766         4.8591         3.6540
144 12.866         4.8872         3.6834
145 12.966         4.9153         3.7118
146 13.066         4.9435         3.7422
147 13.166         4.9718         3.7717
148 13.266         5.0000         3.7989


#AGE= 3.000 BINS=145 Power-law IMF: x=-2.350
# N  sdss_r       Log10(N)       Log10(dN)
  1 -1.214         0.0753         0.0753
  2 -1.114         0.3200        -0.0457
  3 -1.014         0.4654        -0.0804
  4 -0.914         0.5684        -0.1070
  5 -0.814         0.6509        -0.1113
  6 -0.714         0.7225        -0.0954
  7 -0.614         0.7865        -0.0771
  8 -0.514         0.8445        -0.0585
  9 -0.414         0.8990        -0.0292
 10 -0.314         0.9507         0.0005
 11 -0.214         0.9998         0.0288
 12 -0.114         1.0470         0.0603
 13 -0.014         1.0920         0.0844
 14  0.086         1.1348         0.1077
 15  0.186         1.1760         0.1323
 16  0.286         1.2159         0.1596
 17  0.386         1.2550         0.1903
 18  0.486         1.2926         0.2114
 19  0.586         1.3303         0.2495
 20  0.686         1.4787         0.9404
 21  0.786         1.5252         0.5320
 22  0.886         1.5590         0.4330
 23  0.986         1.5931         0.4710
 24  1.086         1.6274         0.5083
 25  1.186         1.6590         0.5051
 26  1.286         1.6887         0.5089
 27  1.386         1.7168         0.5140
 28  1.486         1.7435         0.5178
 29  1.586         1.7685         0.5175
 30  1.686         1.7920         0.5135
 31  1.786         1.8141         0.5090
 32  1.886         1.8350         0.5063
 33  1.986         1.8546         0.4998
 34  2.086         1.8731         0.4929
 35  2.186         1.8906         0.4871
 36  2.286         2.0211         1.4355
 37  2.386         2.0632         1.0279
 38  2.486         2.1125         1.1433
 39  2.586         2.2151         1.5381
 40  2.686         2.4267         2.0129
 41  2.786         2.5571         1.9712
 42  2.886         2.6499         1.9341
 43  2.986         2.7299         1.9555
 44  3.086         2.8016         1.9846
 45  3.186         2.8637         1.9879
 46  3.286         2.9172         1.9812
 47  3.386         2.9691         2.0205
 48  3.486         3.0163         2.0295
 49  3.586         3.0565         2.0031
 50  3.686         3.0928         1.9966
 51  3.786         3.1273         2.0110
 52  3.886         3.1607         2.0289
 53  3.986         3.1896         1.9991
 54  4.086         3.2192         2.0376
 55  4.186         3.2484         2.0621
 56  4.286         3.2770         2.0809
 57  4.386         3.3042         2.0878
 58  4.486         3.3289         2.0713
 59  4.586         3.3533         2.0907
 60  4.686         3.3770         2.1012
 61  4.786         3.3998         2.1098
 62  4.886         3.4220         2.1198
 63  4.986         3.4437         2.1310
 64  5.086         3.4648         2.1401
 65  5.186         3.4853         2.1488
 66  5.286         3.5052         2.1563
 67  5.386         3.5245         2.1633
 68  5.486         3.5432         2.1692
 69  5.586         3.5614         2.1745
 70  5.686         3.5793         2.1849
 71  5.786         3.5970         2.1982
 72  5.886         3.6143         2.2061
 73  5.986         3.6309         2.2043
 74  6.086         3.6468         2.2035
 75  6.186         3.6622         2.2031
 76  6.286         3.6770         2.2031
 77  6.386         3.6914         2.2035
 78  6.486         3.7053         2.2044
 79  6.586         3.7188         2.2056
 80  6.686         3.7320         2.2073
 81  6.786         3.7448         2.2093
 82  6.886         3.7574         2.2117
 83  6.986         3.7696         2.2138
 84  7.086         3.7815         2.2108
 85  7.186         3.7931         2.2136
 86  7.286         3.8046         2.2254
 87  7.386         3.8164         2.2412
 88  7.486         3.8281         2.2531
 89  7.586         3.8398         2.2652
 90  7.686         3.8515         2.2753
 91  7.786         3.8631         2.2860
 92  7.886         3.8748         2.2999
 93  7.986         3.8867         2.3173
 94  8.086         3.8988         2.3388
 95  8.186         3.9112         2.3596
 96  8.286         3.9232         2.3569
 97  8.386         3.9347         2.3544
 98  8.486         3.9463         2.3674
 99  8.586         3.9580         2.3825
100  8.686         3.9699         2.4009
101  8.786         3.9823         2.4303
102  8.886         3.9950         2.4572
103  8.986         4.0082         2.4833
104  9.086         4.0217         2.5060
105  9.186         4.0354         2.5290
106  9.286         4.0497         2.5586
107  9.386         4.0645         2.5919
108  9.486         4.0801         2.6259
109  9.586         4.0963         2.6595
110  9.686         4.1132         2.6949
111  9.786         4.1309         2.7325
112  9.886         4.1494         2.7705
113  9.986         4.1688         2.8088
114 10.086         4.1890         2.8476
115 10.186         4.2102         2.8871
116 10.286         4.2323         2.9275
117 10.386         4.2553         2.9693
118 10.486         4.2795         3.0127
119 10.586         4.3049         3.0591
120 10.686         4.3310         3.0962
121 10.786         4.3552         3.0891
122 10.886         4.3786         3.0998
123 10.986         4.4024         3.1284
124 11.086         4.4278         3.1818
125 11.186         4.4542         3.2260
126 11.286         4.4815         3.2663
127 11.386         4.5086         3.2900
128 11.486         4.5356         3.3164
129 11.586         4.5627         3.3430
130 11.686         4.5896         3.3682
131 11.786         4.6163         3.3919
132 11.886         4.6428         3.4156
133 11.986         4.6693         3.4410
134 12.086         4.6958         3.4682
135 12.186         4.7225         3.4974
136 12.286         4.7494         3.5282
137 12.386         4.7764         3.5577
138 12.486         4.8037         3.5872
139 12.586         4.8310         3.6171
140 12.686         4.8586         3.6477
141 12.786         4.8864         3.6789
142 12.886         4.9145         3.7113
143 12.986         4.9430         3.7450
144 13.086         4.9715         3.7756
145 13.186         5.0000         3.8024


#AGE= 4.000 BINS=144 Power-law IMF: x=-2.350
# N  sdss_r       Log10(N)       Log10(dN)
  1 -1.036         0.0122         0.0122
  2 -0.936         0.2804        -0.0562
  3 -0.836         0.4348        -0.0892
  4 -0.736         0.5436        -0.1106
  5 -0.636         0.6313        -0.1068
  6 -0.536         0.7064        -0.0928
  7 -0.436         0.7741        -0.0662
  8 -0.336         0.8353        -0.0463
  9 -0.236         0.8919        -0.0208
 10 -0.136         0.9453         0.0083
 11 -0.036         0.9959         0.0376
 12  0.064         1.0445         0.0691
 13  0.164         1.0914         0.1019
 14  0.264         1.1367         0.1327
 15  0.364         1.1810         0.1675
 16  0.464         1.2251         0.2101
 17  0.564         1.2660         0.2194
 18  0.664         1.3048         0.2364
 19  0.764         1.3430         0.2684
 20  0.864         1.5037         0.9942
 21  0.964         1.5361         0.3930
 22  1.064         1.5655         0.3806
 23  1.164         1.5945         0.4057
 24  1.264         1.6234         0.4308
 25  1.364         1.6524         0.4634
 26  1.464         1.6811         0.4869
 27  1.564         1.7105         0.5258
 28  1.664         1.7405         0.5661
 29  1.764         1.7708         0.5987
 30  1.864         1.8011         0.6292
 31  1.964         1.8315         0.6618
 32  2.064         1.8628         0.7049
 33  2.164         1.8943         0.7396
 34  2.264         1.9262         0.7764
 35  2.364         1.9584         0.8122
 36  2.464         1.9909         0.8486
 37  2.564         2.0238         0.8876
 38  2.664         2.0571         0.9251
 39  2.764         2.3198         1.9768
 40  2.864         2.4824         1.9769
 41  2.964         2.5898         1.9306
 42  3.064         2.6732         1.9152
 43  3.164         2.6809         0.9246
 44  3.264         2.6996         1.3262
 45  3.364         2.7421         1.7112
 46  3.464         2.8065         1.9460
 47  3.564         2.8779         2.0586
 48  3.664         2.9425         2.0828
 49  3.764         2.9922         2.0259
 50  3.864         3.0315         1.9693
 51  3.964         3.0708         2.0078
 52  4.064         3.1085         2.0279
 53  4.164         3.1433         2.0298
 54  4.264         3.1777         2.0599
 55  4.364         3.2068         2.0176
 56  4.464         3.2360         2.0489
 57  4.564         3.2639         2.0577
 58  4.664         3.2904         2.0639
 59  4.764         3.3160         2.0730
 60  4.864         3.3408         2.0857
 61  4.964         3.3649         2.0969
 62  5.064         3.3883         2.1075
 63  5.164         3.4109         2.1163
 64  5.264         3.4328         2.1249
 65  5.364         3.4540         2.1320
 66  5.464         3.4745         2.1372
 67  5.564         3.4943         2.1442
 68  5.664         3.5138         2.1563
 69  5.764         3.5331         2.1704
 70  5.864         3.5520         2.1826
 71  5.964         3.5705         2.1903
 72  6.064         3.5884         2.1947
 73  6.164         3.6054         2.1895
 74  6.264         3.6215         2.1827
 75  6.364         3.6369         2.1783
 76  6.464         3.6517         2.1761
 77  6.564         3.6660         2.1761
 78  6.664         3.6799         2.1784
 79  6.764         3.6935         2.1823
 80  6.864         3.7066         2.1815
 81  6.964         3.7194         2.1833
 82  7.064         3.7321         2.1909
 83  7.164         3.7447         2.2005
 84  7.264         3.7571         2.2078
 85  7.364         3.7695         2.2188
 86  7.464         3.7820         2.2347
 87  7.564         3.7946         2.2498
 88  7.664         3.8071         2.2588
 89  7.764         3.8193         2.2617
 90  7.864         3.8310         2.2558
 91  7.964         3.8422         2.2499
 92  8.064         3.8540         2.2812
 93  8.164         3.8670         2.3376
 94  8.264         3.8799         2.3458
 95  8.364         3.8921         2.3330
 96  8.464         3.9041         2.3407
 97  8.564         3.9163         2.3589
 98  8.664         3.9286         2.3749
 99  8.764         3.9414         2.4041
100  8.864         3.9546         2.4328
101  8.964         3.9683         2.4575
102  9.064         3.9822         2.4810
103  9.164         3.9964         2.5037
104  9.264         4.0110         2.5313
105  9.364         4.0263         2.5652
106  9.464         4.0422         2.5981
107  9.564         4.0588         2.6326
108  9.664         4.0761         2.6681
109  9.764         4.0942         2.7048
110  9.864         4.1131         2.7432
111  9.964         4.1329         2.7816
112 10.064         4.1536         2.8204
113 10.164         4.1751         2.8597
114 10.264         4.1976         2.8999
115 10.364         4.2210         2.9411
116 10.464         4.2454         2.9839
117 10.564         4.2710         3.0290
118 10.664         4.2979         3.0754
119 10.764         4.3251         3.1093
120 10.864         4.3490         3.0778
121 10.964         4.3729         3.1018
122 11.064         4.3985         3.1562
123 11.164         4.4251         3.1988
124 11.264         4.4523         3.2355
125 11.364         4.4795         3.2627
126 11.464         4.5068         3.2910
127 11.564         4.5338         3.3148
128 11.664         4.5607         3.3380
129 11.764         4.5873         3.3627
130 11.864         4.6140         3.3886
131 11.964         4.6405         3.4131
132 12.064         4.6669         3.4366
133 12.164         4.6932         3.4627
134 12.264         4.7197         3.4916
135 12.364         4.7464         3.5233
136 12.464         4.7737         3.5579
137 12.564         4.8014         3.5927
138 12.664         4.8295         3.6258
139 12.764         4.8578         3.6573
140 12.864         4.8861         3.6869
141 12.964         4.9145         3.7151
142 13.064         4.9430         3.7458
143 13.164         4.9715         3.7754
144 13.264         5.0000         3.8025


#AGE= 5.000 BINS=143 Power-law IMF: x=-2.350
# N  sdss_r       Log10(N)       Log10(dN)
  1 -0.948         0.0566         0.0566
  2 -0.848         0.3058        -0.0540
  3 -0.748         0.4534        -0.0870
  4 -0.648         0.5567        -0.1176
  5 -0.548         0.6401        -0.1174
  6 -0.448         0.7120        -0.1047
  7 -0.348         0.7767        -0.0820
  8 -0.248         0.8355        -0.0625
  9 -0.148         0.8904        -0.0350
 10 -0.048         0.9419        -0.0095
 11  0.052         0.9911         0.0214
 12  0.152         1.0380         0.0482
 13  0.252         1.0834         0.0802
 14  0.352         1.1272         0.1089
 15  0.452         1.1701         0.1435
 16  0.552         1.2126         0.1820
 17  0.652         1.2567         0.2412
 18  0.752         1.2944         0.2148
 19  0.852         1.3351         0.2872
 20  0.952         1.4834         0.9445
 21  1.052         1.5153         0.3663
 22  1.152         1.5431         0.3355
 23  1.252         1.5707         0.3600
 24  1.352         1.5982         0.3862
 25  1.452         1.6259         0.4165
 26  1.552         1.6537         0.4457
 27  1.652         1.6820         0.4817
 28  1.752         1.7105         0.5136
 29  1.852         1.7392         0.5458
 30  1.952         1.7687         0.5855
 31  2.052         1.7984         0.6193
 32  2.152         1.8284         0.6516
 33  2.252         1.8584         0.6833
 34  2.352         1.8886         0.7164
 35  2.452         1.9193         0.7527
 36  2.552         1.9495         0.7770
 37  2.652         1.9794         0.8023
 38  2.752         2.0093         0.8329
 39  2.852         2.0395         0.8658
 40  2.952         2.0698         0.8985
 41  3.052         2.3446         2.0157
 42  3.152         2.4820         1.9153
 43  3.252         2.5999         1.9760
 44  3.352         2.6562         1.7407
 45  3.452         2.7077         1.7562
 46  3.552         2.7611         1.8248
 47  3.652         2.8151         1.8830
 48  3.752         2.8597         1.8485
 49  3.852         2.9063         1.9141
 50  3.952         2.9580         2.0086
 51  4.052         3.0061         2.0261
 52  4.152         3.0522         2.0555
 53  4.252         3.0921         2.0353
 54  4.352         3.1270         2.0150
 55  4.452         3.1615         2.0440
 56  4.552         3.1934         2.0434
 57  4.652         3.2237         2.0522
 58  4.752         3.2528         2.0652
 59  4.852         3.2809         2.0782
 60  4.952         3.3080         2.0897
 61  5.052         3.3341         2.1000
 62  5.152         3.3594         2.1107
 63  5.252         3.3836         2.1187
 64  5.352         3.4070         2.1259
 65  5.452         3.4294         2.1322
 66  5.552         3.4513         2.1419
 67  5.652         3.4727         2.1549
 68  5.752         3.4939         2.1715
 69  5.852         3.5146         2.1823
 70  5.952         3.5346         2.1873
 71  6.052         3.5536         2.1871
 72  6.152         3.5717         2.1811
 73  6.252         3.5890         2.1805
 74  6.352         3.6057         2.1820
 75  6.452         3.6218         2.1827
 76  6.552         3.6373         2.1840
 77  6.652         3.6524         2.1844
 78  6.752         3.6670         2.1863
 79  6.852         3.6812         2.1901
 80  6.952         3.6951         2.1924
 81  7.052         3.7087         2.1980
 82  7.152         3.7222         2.2073
 83  7.252         3.7355         2.2157
 84  7.352         3.7486         2.2227
 85  7.452         3.7616         2.2287
 86  7.552         3.7743         2.2351
 87  7.652         3.7868         2.2414
 88  7.752         3.7992         2.2474
 89  7.852         3.8111         2.2446
 90  7.952         3.8232         2.2598
 91  8.052         3.8362         2.3073
 92  8.152         3.8498         2.3376
 93  8.252         3.8628         2.3316
 94  8.352         3.8755         2.3357
 95  8.452         3.8882         2.3470
 96  8.552         3.9007         2.3556
 97  8.652         3.9136         2.3788
 98  8.752         3.9269         2.4071
 99  8.852         3.9406         2.4336
100  8.952         3.9548         2.4611
101  9.052         3.9692         2.4833
102  9.152         3.9839         2.5055
103  9.252         3.9991         2.5354
104  9.352         4.0149         2.5694
105  9.452         4.0313         2.5997
106  9.552         4.0469         2.5929
107  9.652         4.0633         2.6321
108  9.752         4.0809         2.6814
109  9.852         4.0998         2.7281
110  9.952         4.1198         2.7736
111 10.052         4.1410         2.8181
112 10.152         4.1632         2.8620
113 10.252         4.1866         2.9056
114 10.352         4.2110         2.9493
115 10.452         4.2366         2.9934
116 10.552         4.2633         3.0383
117 10.652         4.2912         3.0852
118 10.752         4.3197         3.1225
119 10.852         4.3456         3.1097
120 10.952         4.3708         3.1220
121 11.052         4.3968         3.1600
122 11.152         4.4238         3.2044
123 11.252         4.4512         3.2374
124 11.352         4.4788         3.2678
125 11.452         4.5060         3.2891
126 11.552         4.5329         3.3120
127 11.652         4.5597         3.3375
128 11.752         4.5865         3.3631
129 11.852         4.6132         3.3888
130 11.952         4.6399         3.4142
131 12.052         4.6663         3.4373
132 12.152         4.6926         3.4625
133 12.252         4.7191         3.4908
134 12.352         4.7459         3.5224
135 12.452         4.7731         3.5573
136 12.552         4.8009         3.5925
137 12.652         4.8290         3.6260
138 12.752         4.8573         3.6578
139 12.852         4.8857         3.6875
140 12.952         4.9142         3.7159
141 13.052         4.9428         3.7472
142 13.152         4.9714         3.7768
143 13.252         5.0000         3.8038


#AGE= 6.000 BINS=141 Power-law IMF: x=-2.350
# N  sdss_r       Log10(N)       Log10(dN)
  1 -0.819        -0.1254        -0.1254
  2 -0.719         0.1590        -0.1593
  3 -0.619         0.3191        -0.1920
  4 -0.519         0.4321        -0.2079
  5 -0.419         0.5237        -0.1971
  6 -0.319         0.6033        -0.1728
  7 -0.219         0.6739        -0.1499
  8 -0.119         0.7375        -0.1278
  9 -0.019         0.7958        -0.1057
 10  0.081         0.8506        -0.0753
 11  0.181         0.9027        -0.0439
 12  0.281         0.9527        -0.0112
 13  0.381         1.0004         0.0174
 14  0.481         1.0462         0.0472
 15  0.581         1.0912         0.0839
 16  0.681         1.1394         0.1607
 17  0.781         1.1792         0.1219
 18  0.881         1.2180         0.1492
 19  0.981         1.3758         0.8596
 20  1.081         1.4184         0.3895
 21  1.181         1.4465         0.2439
 22  1.281         1.4752         0.2810
 23  1.381         1.5040         0.3100
 24  1.481         1.5327         0.3397
 25  1.581         1.5618         0.3724
 26  1.681         1.5911         0.4057
 27  1.781         1.6209         0.4422
 28  1.881         1.6508         0.4749
 29  1.981         1.6811         0.5089
 30  2.081         1.7120         0.5496
 31  2.181         1.7429         0.5795
 32  2.281         1.7750         0.6272
 33  2.381         1.8072         0.6621
 34  2.481         1.8396         0.6957
 35  2.581         1.8720         0.7292
 36  2.681         1.9047         0.7643
 37  2.781         1.9374         0.7989
 38  2.881         1.9706         0.8373
 39  2.981         2.0043         0.8767
 40  3.081         2.0385         0.9184
 41  3.181         2.2103         1.7244
 42  3.281         2.4304         2.0298
 43  3.381         2.5725         2.0181
 44  3.481         2.6438         1.8239
 45  3.581         2.7079         1.8456
 46  3.681         2.7655         1.8594
 47  3.781         2.8164         1.8607
 48  3.881         2.8641         1.8809
 49  3.981         2.9116         1.9267
 50  4.081         2.9613         1.9955
 51  4.181         3.0091         2.0275
 52  4.281         3.0544         2.0502
 53  4.381         3.0966         2.0633
 54  4.481         3.1331         2.0391
 55  4.581         3.1676         2.0502
 56  4.681         3.2007         2.0659
 57  4.781         3.2323         2.0797
 58  4.881         3.2627         2.0920
 59  4.981         3.2918         2.1040
 60  5.081         3.3197         2.1139
 61  5.181         3.3466         2.1244
 62  5.281         3.3723         2.1326
 63  5.381         3.3970         2.1392
 64  5.481         3.4209         2.1491
 65  5.581         3.4442         2.1620
 66  5.681         3.4671         2.1791
 67  5.781         3.4896         2.1915
 68  5.881         3.5112         2.1984
 69  5.981         3.5319         2.1996
 70  6.081         3.5516         2.1968
 71  6.181         3.5703         2.1950
 72  6.281         3.5882         2.1965
 73  6.381         3.6056         2.1994
 74  6.481         3.6225         2.2039
 75  6.581         3.6389         2.2072
 76  6.681         3.6547         2.2068
 77  6.781         3.6699         2.2078
 78  6.881         3.6848         2.2117
 79  6.981         3.6993         2.2151
 80  7.081         3.7134         2.2188
 81  7.181         3.7272         2.2212
 82  7.281         3.7406         2.2256
 83  7.381         3.7540         2.2340
 84  7.481         3.7671         2.2411
 85  7.581         3.7801         2.2502
 86  7.681         3.7931         2.2623
 87  7.781         3.8060         2.2736
 88  7.881         3.8190         2.2892
 89  7.981         3.8322         2.3055
 90  8.081         3.8454         2.3221
 91  8.181         3.8587         2.3407
 92  8.281         3.8720         2.3516
 93  8.381         3.8851         2.3563
 94  8.481         3.8981         2.3684
 95  8.581         3.9113         2.3874
 96  8.681         3.9247         2.4061
 97  8.781         3.9386         2.4366
 98  8.881         3.9529         2.4655
 99  8.981         3.9676         2.4888
100  9.081         3.9825         2.5103
101  9.181         3.9978         2.5359
102  9.281         4.0137         2.5695
103  9.381         4.0300         2.5980
104  9.481         4.0450         2.5743
105  9.581         4.0625         2.6606
106  9.681         4.0830         2.7459
107  9.781         4.1049         2.7964
108  9.881         4.1264         2.8109
109  9.981         4.1475         2.8228
110 10.081         4.1686         2.8445
111 10.181         4.1900         2.8717
112 10.281         4.2120         2.9056
113 10.381         4.2350         2.9474
114 10.481         4.2594         2.9984
115 10.581         4.2860         3.0599
116 10.681         4.3156         3.1341
117 10.781         4.3448         3.1577
118 10.881         4.3705         3.1297
119 10.981         4.3969         3.1678
120 11.081         4.4237         3.1998
121 11.181         4.4511         3.2387
122 11.281         4.4788         3.2690
123 11.381         4.5065         3.2973
124 11.481         4.5338         3.3182
125 11.581         4.5606         3.3378
126 11.681         4.5873         3.3636
127 11.781         4.6141         3.3900
128 11.881         4.6407         3.4158
129 11.981         4.6673         3.4400
130 12.081         4.6937         3.4643
131 12.181         4.7201         3.4918
132 12.281         4.7468         3.5227
133 12.381         4.7740         3.5561
134 12.481         4.8014         3.5884
135 12.581         4.8291         3.6203
136 12.681         4.8571         3.6518
137 12.781         4.8852         3.6830
138 12.881         4.9136         3.7149
139 12.981         4.9424         3.7491
140 13.081         4.9713         3.7797
141 13.181         5.0000         3.8063


#AGE= 7.000 BINS=140 Power-law IMF: x=-2.350
# N  sdss_r       Log10(N)       Log10(dN)
  1 -0.835        -0.0314        -0.0314
  2 -0.735         0.2192        -0.1390
  3 -0.635         0.3665        -0.1746
  4 -0.535         0.4710        -0.1987
  5 -0.435         0.5537        -0.2071
  6 -0.335         0.6258        -0.1897
  7 -0.235         0.6897        -0.1740
  8 -0.135         0.7494        -0.1421
  9 -0.035         0.8043        -0.1207
 10  0.065         0.8558        -0.0963
 11  0.165         0.9046        -0.0690
 12  0.265         0.9514        -0.0391
 13  0.365         0.9969        -0.0049
 14  0.465         1.0410         0.0250
 15  0.565         1.0840         0.0586
 16  0.665         1.1290         0.1221
 17  0.765         1.1727         0.1539
 18  0.865         1.2109         0.1360
 19  0.965         1.2485         0.1673
 20  1.065         1.4076         0.8944
 21  1.165         1.4418         0.3212
 22  1.265         1.4684         0.2414
 23  1.365         1.4959         0.2842
 24  1.465         1.5238         0.3172
 25  1.565         1.5517         0.3466
 26  1.665         1.5800         0.3790
 27  1.765         1.6085         0.4124
 28  1.865         1.6377         0.4511
 29  1.965         1.6672         0.4838
 30  2.065         1.6974         0.5243
 31  2.165         1.7279         0.5591
 32  2.265         1.7591         0.6000
 33  2.365         1.7908         0.6382
 34  2.465         1.8233         0.6814
 35  2.565         1.8570         0.7304
 36  2.665         1.8922         0.7830
 37  2.765         1.9303         0.8547
 38  2.865         1.9710         0.9230
 39  2.965         2.0113         0.9592
 40  3.065         2.0500         0.9802
 41  3.165         2.0870         0.9997
 42  3.265         2.1237         1.0317
 43  3.365         2.3736         2.0147
 44  3.465         2.5594         2.1010
 45  3.565         2.6365         1.8479
 46  3.665         2.7053         1.8708
 47  3.765         2.7681         1.8978
 48  3.865         2.8264         1.9247
 49  3.965         2.8778         1.9258
 50  4.065         2.9247         1.9352
 51  4.165         2.9794         2.0520
 52  4.265         3.0273         2.0469
 53  4.365         3.0714         2.0555
 54  4.465         3.1115         2.0570
 55  4.565         3.1495         2.0726
 56  4.665         3.1856         2.0871
 57  4.765         3.2199         2.1005
 58  4.865         3.2526         2.1130
 59  4.965         3.2838         2.1256
 60  5.065         3.3137         2.1369
 61  5.165         3.3424         2.1470
 62  5.265         3.3697         2.1548
 63  5.365         3.3959         2.1640
 64  5.465         3.4213         2.1758
 65  5.565         3.4461         2.1906
 66  5.665         3.4705         2.2071
 67  5.765         3.4941         2.2188
 68  5.865         3.5168         2.2237
 69  5.965         3.5384         2.2235
 70  6.065         3.5589         2.2218
 71  6.165         3.5785         2.2232
 72  6.265         3.5973         2.2258
 73  6.365         3.6156         2.2305
 74  6.465         3.6334         2.2361
 75  6.565         3.6504         2.2369
 76  6.665         3.6669         2.2381
 77  6.765         3.6829         2.2390
 78  6.865         3.6983         2.2416
 79  6.965         3.7133         2.2441
 80  7.065         3.7278         2.2452
 81  7.165         3.7419         2.2448
 82  7.265         3.7557         2.2514
 83  7.365         3.7693         2.2598
 84  7.465         3.7829         2.2698
 85  7.565         3.7965         2.2875
 86  7.665         3.8103         2.3032
 87  7.765         3.8238         2.3097
 88  7.865         3.8371         2.3166
 89  7.965         3.8504         2.3311
 90  8.065         3.8638         2.3455
 91  8.165         3.8773         2.3635
 92  8.265         3.8910         2.3844
 93  8.365         3.9047         2.3953
 94  8.465         3.9180         2.3975
 95  8.565         3.9313         2.4126
 96  8.665         3.9451         2.4401
 97  8.765         3.9593         2.4656
 98  8.865         3.9740         2.4956
 99  8.965         3.9890         2.5192
100  9.065         4.0042         2.5411
101  9.165         4.0197         2.5666
102  9.265         4.0359         2.5973
103  9.365         4.0528         2.6347
104  9.465         4.0694         2.6448
105  9.565         4.0858         2.6527
106  9.665         4.1050         2.7420
107  9.765         4.1266         2.8126
108  9.865         4.1492         2.8548
109  9.965         4.1714         2.8685
110 10.065         4.1933         2.8853
111 10.165         4.2154         2.9099
112 10.265         4.2378         2.9405
113 10.365         4.2611         2.9783
114 10.465         4.2856         3.0245
115 10.565         4.3118         3.0803
116 10.665         4.3406         3.1468
117 10.765         4.3716         3.2101
118 10.865         4.3980         3.1680
119 10.965         4.4245         3.1978
120 11.065         4.4518         3.2367
121 11.165         4.4795         3.2697
122 11.265         4.5074         3.3013
123 11.365         4.5352         3.3273
124 11.465         4.5626         3.3502
125 11.565         4.5896         3.3685
126 11.665         4.6163         3.3925
127 11.765         4.6430         3.4183
128 11.865         4.6696         3.4443
129 11.965         4.6962         3.4700
130 12.065         4.7228         3.4965
131 12.165         4.7495         3.5248
132 12.265         4.7763         3.5528
133 12.365         4.8031         3.5799
134 12.465         4.8300         3.6093
135 12.565         4.8573         3.6411
136 12.665         4.8849         3.6756
137 12.765         4.9133         3.7137
138 12.865         4.9421         3.7505
139 12.965         4.9712         3.7820
140 13.065         5.0000         3.8076


#AGE= 8.000 BINS=141 Power-law IMF: x=-2.350
# N  sdss_r       Log10(N)       Log10(dN)
  1 -0.739        -0.1659        -0.1659
  2 -0.639         0.1097        -0.2184
  3 -0.540         0.2666        -0.2517
  4 -0.440         0.3784        -0.2657
  5 -0.340         0.4681        -0.2610
  6 -0.239         0.5451        -0.2440
  7 -0.139         0.6135        -0.2229
  8 -0.040         0.6762        -0.1953
  9  0.060         0.7341        -0.1699
 10  0.160         0.7879        -0.1459
 11  0.261         0.8391        -0.1144
 12  0.361         0.8881        -0.0838
 13  0.460         0.9351        -0.0541
 14  0.560         0.9807        -0.0203
 15  0.660         1.0278         0.0398
 16  0.761         1.0797         0.1315
 17  0.861         1.1193         0.0588
 18  0.960         1.1548         0.0505
 19  1.060         1.2844         0.6959
 20  1.160         1.3591         0.5577
 21  1.261         1.3863         0.1708
 22  1.361         1.4134         0.1937
 23  1.460         1.4416         0.2399
 24  1.560         1.4699         0.2701
 25  1.660         1.4984         0.3019
 26  1.761         1.5271         0.3330
 27  1.861         1.5564         0.3706
 28  1.960         1.5859         0.4035
 29  2.060         1.6161         0.4430
 30  2.160         1.6464         0.4756
 31  2.261         1.6776         0.5174
 32  2.361         1.7092         0.5562
 33  2.460         1.7416         0.5976
 34  2.560         1.7748         0.6427
 35  2.660         1.8091         0.6889
 36  2.761         1.8466         0.7648
 37  2.861         1.8870         0.8351
 38  2.960         1.9271         0.8730
 39  3.060         1.9654         0.8911
 40  3.160         2.0017         0.9064
 41  3.261         2.0368         0.9270
 42  3.361         2.0718         0.9607
 43  3.460         2.1821         1.5330
 44  3.560         2.4671         2.1493
 45  3.660         2.5511         1.7965
 46  3.761         2.6237         1.8109
 47  3.861         2.6892         1.8352
 48  3.960         2.7487         1.8564
 49  4.060         2.8037         1.8786
 50  4.161         2.8573         1.9221
 51  4.261         2.9079         1.9497
 52  4.361         2.9572         1.9872
 53  4.460         3.0031         2.0051
 54  4.560         3.0451         2.0099
 55  4.661         3.0843         2.0200
 56  4.761         3.1213         2.0327
 57  4.861         3.1563         2.0463
 58  4.960         3.1897         2.0586
 59  5.060         3.2216         2.0714
 60  5.161         3.2519         2.0809
 61  5.261         3.2808         2.0893
 62  5.361         3.3086         2.1014
 63  5.460         3.3356         2.1152
 64  5.561         3.3620         2.1321
 65  5.660         3.3877         2.1472
 66  5.761         3.4124         2.1562
 67  5.861         3.4360         2.1586
 68  5.960         3.4583         2.1589
 69  6.061         3.4796         2.1591
 70  6.160         3.5000         2.1610
 71  6.261         3.5197         2.1660
 72  6.361         3.5388         2.1729
 73  6.460         3.5572         2.1765
 74  6.561         3.5750         2.1774
 75  6.660         3.5921         2.1783
 76  6.761         3.6085         2.1795
 77  6.861         3.6245         2.1807
 78  6.960         3.6399         2.1821
 79  7.061         3.6548         2.1824
 80  7.160         3.6693         2.1857
 81  7.261         3.6835         2.1930
 82  7.361         3.6976         2.2021
 83  7.460         3.7118         2.2188
 84  7.561         3.7260         2.2326
 85  7.660         3.7401         2.2435
 86  7.761         3.7540         2.2532
 87  7.861         3.7675         2.2541
 88  7.960         3.7809         2.2626
 89  8.061         3.7947         2.2901
 90  8.160         3.8087         2.3117
 91  8.261         3.8227         2.3223
 92  8.361         3.8366         2.3347
 93  8.460         3.8504         2.3462
 94  8.561         3.8641         2.3567
 95  8.660         3.8782         2.3827
 96  8.761         3.8928         2.4116
 97  8.861         3.9078         2.4378
 98  8.960         3.9231         2.4626
 99  9.061         3.9386         2.4847
100  9.160         3.9546         2.5112
101  9.261         3.9711         2.5429
102  9.361         3.9882         2.5763
103  9.460         4.0059         2.6056
104  9.561         4.0227         2.6036
105  9.661         4.0413         2.6626
106  9.761         4.0625         2.7410
107  9.861         4.0853         2.7942
108  9.960         4.1083         2.8212
109 10.061         4.1308         2.8343
110 10.161         4.1534         2.8569
111 10.261         4.1762         2.8858
112 10.361         4.1998         2.9221
113 10.460         4.2245         2.9673
114 10.561         4.2509         3.0226
115 10.661         4.2799         3.0894
116 10.761         4.3113         3.1544
117 10.861         4.3386         3.1237
118 10.960         4.3658         3.1499
119 11.061         4.3936         3.1851
120 11.161         4.4215         3.2164
121 11.261         4.4496         3.2464
122 11.361         4.4776         3.2725
123 11.460         4.5052         3.2949
124 11.561         4.5322         3.3123
125 11.661         4.5590         3.3359
126 11.761         4.5857         3.3607
127 11.861         4.6124         3.3880
128 11.960         4.6392         3.4159
129 12.061         4.6659         3.4417
130 12.161         4.6923         3.4639
131 12.261         4.7186         3.4871
132 12.361         4.7450         3.5158
133 12.460         4.7719         3.5502
134 12.561         4.7995         3.5892
135 12.661         4.8277         3.6265
136 12.761         4.8563         3.6604
137 12.861         4.8850         3.6907
138 12.960         4.9136         3.7184
139 13.061         4.9424         3.7497
140 13.161         4.9713         3.7793
141 13.261         5.0000         3.8062


#AGE= 9.000 BINS=139 Power-law IMF: x=-2.350
# N  sdss_r       Log10(N)       Log10(dN)
  1 -0.709        -0.1048        -0.1048
  2 -0.609         0.1625        -0.1750
  3 -0.509         0.3144        -0.2156
  4 -0.409         0.4224        -0.2350
  5 -0.309         0.5078        -0.2405
  6 -0.209         0.5824        -0.2193
  7 -0.109         0.6497        -0.1934
  8 -0.009         0.7105        -0.1736
  9  0.091         0.7668        -0.1482
 10  0.191         0.8195        -0.1223
 11  0.291         0.8699        -0.0904
 12  0.391         0.9175        -0.0660
 13  0.491         0.9643        -0.0272
 14  0.591         1.0092         0.0023
 15  0.691         1.0525         0.0297
 16  0.791         1.1029         0.1427
 17  0.891         1.1423         0.0800
 18  0.991         1.1805         0.1053
 19  1.091         1.2693         0.5367
 20  1.191         1.3828         0.7443
 21  1.291         1.4122         0.2276
 22  1.391         1.4390         0.2173
 23  1.491         1.4672         0.2648
 24  1.591         1.4955         0.2951
 25  1.691         1.5238         0.3247
 26  1.791         1.5526         0.3597
 27  1.891         1.5818         0.3940
 28  1.991         1.6113         0.4298
 29  2.091         1.6413         0.4648
 30  2.191         1.6717         0.5026
 31  2.291         1.7026         0.5394
 32  2.391         1.7342         0.5796
 33  2.491         1.7664         0.6205
 34  2.591         1.7995         0.6650
 35  2.691         1.8338         0.7145
 36  2.791         1.8710         0.7854
 37  2.891         1.9108         0.8527
 38  2.991         1.9507         0.8949
 39  3.091         1.9891         0.9167
 40  3.191         2.0259         0.9351
 41  3.291         2.0611         0.9526
 42  3.391         2.0957         0.9794
 43  3.491         2.1312         1.0263
 44  3.591         2.2988         1.8043
 45  3.691         2.5229         2.1283
 46  3.791         2.6073         1.8542
 47  3.891         2.6804         1.8704
 48  3.991         2.7465         1.8966
 49  4.091         2.8067         1.9185
 50  4.191         2.8614         1.9348
 51  4.291         2.9139         1.9700
 52  4.391         2.9655         2.0149
 53  4.491         3.0156         2.0529
 54  4.591         3.0609         2.0563
 55  4.691         3.1024         2.0622
 56  4.791         3.1413         2.0744
 57  4.891         3.1781         2.0880
 58  4.991         3.2131         2.1014
 59  5.091         3.2462         2.1122
 60  5.191         3.2777         2.1226
 61  5.291         3.3079         2.1349
 62  5.391         3.3370         2.1496
 63  5.491         3.3654         2.1665
 64  5.591         3.3930         2.1827
 65  5.691         3.4196         2.1935
 66  5.791         3.4449         2.1975
 67  5.891         3.4688         2.1975
 68  5.991         3.4916         2.1996
 69  6.091         3.5133         2.2017
 70  6.191         3.5342         2.2060
 71  6.291         3.5545         2.2130
 72  6.391         3.5741         2.2193
 73  6.491         3.5929         2.2212
 74  6.591         3.6111         2.2229
 75  6.691         3.6285         2.2232
 76  6.791         3.6453         2.2238
 77  6.891         3.6615         2.2248
 78  6.991         3.6771         2.2263
 79  7.091         3.6923         2.2293
 80  7.191         3.7072         2.2341
 81  7.291         3.7219         2.2433
 82  7.391         3.7364         2.2550
 83  7.491         3.7510         2.2699
 84  7.591         3.7657         2.2874
 85  7.691         3.7800         2.2908
 86  7.791         3.7939         2.2927
 87  7.891         3.8078         2.3042
 88  7.991         3.8216         2.3162
 89  8.091         3.8357         2.3419
 90  8.191         3.8503         2.3676
 91  8.291         3.8646         2.3756
 92  8.391         3.8787         2.3833
 93  8.491         3.8928         2.3989
 94  8.591         3.9070         2.4139
 95  8.691         3.9216         2.4407
 96  8.791         3.9367         2.4702
 97  8.891         3.9521         2.4941
 98  8.991         3.9678         2.5175
 99  9.091         3.9838         2.5418
100  9.191         4.0002         2.5710
101  9.291         4.0173         2.6036
102  9.391         4.0350         2.6348
103  9.491         4.0532         2.6669
104  9.591         4.0720         2.7005
105  9.691         4.0919         2.7412
106  9.791         4.1132         2.7930
107  9.891         4.1356         2.8369
108  9.991         4.1584         2.8677
109 10.091         4.1811         2.8884
110 10.191         4.2039         2.9123
111 10.291         4.2271         2.9434
112 10.391         4.2512         2.9830
113 10.491         4.2767         3.0328
114 10.591         4.3043         3.0941
115 10.691         4.3349         3.1684
116 10.791         4.3660         3.2048
117 10.891         4.3935         3.1808
118 10.991         4.4216         3.2189
119 11.091         4.4499         3.2495
120 11.191         4.4781         3.2774
121 11.291         4.5063         3.3042
122 11.391         4.5343         3.3305
123 11.491         4.5619         3.3501
124 11.591         4.5890         3.3707
125 11.691         4.6157         3.3926
126 11.791         4.6425         3.4182
127 11.891         4.6693         3.4465
128 11.991         4.6960         3.4710
129 12.091         4.7223         3.4917
130 12.191         4.7485         3.5165
131 12.291         4.7751         3.5481
132 12.391         4.8020         3.5815
133 12.491         4.8293         3.6135
134 12.591         4.8569         3.6459
135 12.691         4.8848         3.6788
136 12.791         4.9131         3.7141
137 12.891         4.9420         3.7509
138 12.991         4.9711         3.7825
139 13.091         5.0000         3.8084


#AGE=10.000 BINS=140 Power-law IMF: x=-2.350
# N  sdss_r       Log10(N)       Log10(dN)
  1 -0.652        -0.1763        -0.1763
  2 -0.553         0.0901        -0.2486
  3 -0.453         0.2449        -0.2780
  4 -0.353         0.3564        -0.2886
  5 -0.252         0.4445        -0.2917
  6 -0.152         0.5205        -0.2742
  7 -0.053         0.5876        -0.2566
  8  0.047         0.6490        -0.2309
  9  0.147         0.7060        -0.2037
 10  0.248         0.7590        -0.1810
 11  0.348         0.8099        -0.1461
 12  0.447         0.8590        -0.1128
 13  0.547         0.9059        -0.0832
 14  0.647         0.9511        -0.0540
 15  0.748         1.0046         0.0688
 16  0.848         1.0543         0.0879
 17  0.947         1.0932         0.0256
 18  1.047         1.1312         0.0546
 19  1.147         1.2031         0.3867
 20  1.248         1.3302         0.7345
 21  1.348         1.3610         0.1973
 22  1.447         1.3883         0.1717
 23  1.547         1.4160         0.2069
 24  1.647         1.4439         0.2391
 25  1.748         1.4722         0.2713
 26  1.848         1.5008         0.3056
 27  1.947         1.5297         0.3377
 28  2.047         1.5592         0.3769
 29  2.147         1.5889         0.4086
 30  2.248         1.6191         0.4475
 31  2.348         1.6498         0.4833
 32  2.447         1.6812         0.5244
 33  2.547         1.7131         0.5641
 34  2.647         1.7462         0.6108
 35  2.748         1.7811         0.6690
 36  2.848         1.8182         0.7312
 37  2.947         1.8583         0.8047
 38  3.047         1.8990         0.8503
 39  3.147         1.9380         0.8714
 40  3.248         1.9752         0.8897
 41  3.348         2.0107         0.9055
 42  3.447         2.0451         0.9270
 43  3.547         2.0799         0.9670
 44  3.647         2.1185         1.0479
 45  3.748         2.4253         2.1300
 46  3.848         2.5223         1.8239
 47  3.947         2.6014         1.8229
 48  4.047         2.6711         1.8417
 49  4.148         2.7341         1.8643
 50  4.248         2.7915         1.8848
 51  4.348         2.8460         1.9179
 52  4.447         2.8988         1.9569
 53  4.547         2.9505         2.0006
 54  4.648         2.9976         2.0101
 55  4.748         3.0406         2.0145
 56  4.848         3.0807         2.0260
 57  4.947         3.1185         2.0397
 58  5.047         3.1543         2.0521
 59  5.148         3.1882         2.0641
 60  5.248         3.2206         2.0778
 61  5.348         3.2519         2.0937
 62  5.447         3.2823         2.1118
 63  5.548         3.3117         2.1274
 64  5.647         3.3399         2.1386
 65  5.748         3.3666         2.1423
 66  5.848         3.3918         2.1431
 67  5.947         3.4158         2.1460
 68  6.048         3.4387         2.1487
 69  6.147         3.4607         2.1544
 70  6.248         3.4819         2.1609
 71  6.348         3.5025         2.1674
 72  6.447         3.5223         2.1714
 73  6.548         3.5413         2.1730
 74  6.647         3.5595         2.1744
 75  6.748         3.5771         2.1741
 76  6.848         3.5940         2.1761
 77  6.947         3.6103         2.1769
 78  7.048         3.6261         2.1794
 79  7.147         3.6415         2.1844
 80  7.248         3.6567         2.1929
 81  7.348         3.6718         2.2035
 82  7.447         3.6868         2.2199
 83  7.548         3.7018         2.2314
 84  7.647         3.7166         2.2416
 85  7.748         3.7310         2.2446
 86  7.848         3.7450         2.2472
 87  7.947         3.7592         2.2666
 88  8.047         3.7736         2.2859
 89  8.148         3.7882         2.3085
 90  8.248         3.8030         2.3287
 91  8.348         3.8176         2.3347
 92  8.447         3.8319         2.3446
 93  8.547         3.8465         2.3636
 94  8.648         3.8612         2.3835
 95  8.748         3.8764         2.4137
 96  8.848         3.8920         2.4398
 97  8.948         3.9078         2.4618
 98  9.047         3.9240         2.4860
 99  9.148         3.9406         2.5145
100  9.248         3.9577         2.5458
101  9.348         3.9755         2.5785
102  9.447         3.9938         2.6090
103  9.547         4.0128         2.6439
104  9.648         4.0325         2.6811
105  9.748         4.0526         2.7072
106  9.848         4.0731         2.7359
107  9.947         4.0944         2.7746
108 10.047         4.1164         2.8104
109 10.148         4.1392         2.8485
110 10.248         4.1630         2.8897
111 10.348         4.1880         2.9348
112 10.447         4.2143         2.9846
113 10.547         4.2425         3.0404
114 10.648         4.2729         3.1035
115 10.748         4.3052         3.1595
116 10.848         4.3337         3.1371
117 10.947         4.3628         3.1749
118 11.047         4.3914         3.1961
119 11.148         4.4201         3.2250
120 11.248         4.4486         3.2510
121 11.348         4.4768         3.2761
122 11.447         4.5046         3.2976
123 11.547         4.5321         3.3190
124 11.648         4.5591         3.3393
125 11.748         4.5859         3.3633
126 11.848         4.6127         3.3893
127 11.947         4.6393         3.4141
128 12.047         4.6659         3.4387
129 12.148         4.6924         3.4649
130 12.248         4.7187         3.4889
131 12.348         4.7451         3.5149
132 12.447         4.7718         3.5471
133 12.548         4.7992         3.5856
134 12.648         4.8273         3.6250
135 12.748         4.8559         3.6604
136 12.848         4.8847         3.6914
137 12.947         4.9134         3.7191
138 13.048         4.9423         3.7507
139 13.148         4.9712         3.7804
140 13.248         5.0000         3.8072


#AGE=11.000 BINS=141 Power-law IMF: x=-2.350
# N  sdss_r       Log10(N)       Log10(dN)
  1 -0.612        -0.2268        -0.2268
  2 -0.512         0.0411        -0.2959
  3 -0.412         0.1983        -0.3193
  4 -0.312         0.3056        -0.3538
  5 -0.212         0.3930        -0.3464
  6 -0.112         0.4682        -0.3303
  7 -0.012         0.5353        -0.3088
  8  0.088         0.5978        -0.2751
  9  0.188         0.6553        -0.2511
 10  0.288         0.7089        -0.2264
 11  0.388         0.7593        -0.2014
 12  0.488         0.8079        -0.1669
 13  0.588         0.8550        -0.1328
 14  0.688         0.9004        -0.1033
 15  0.788         0.9475        -0.0406
 16  0.888         0.9976         0.0347
 17  0.988         1.0371        -0.0229
 18  1.088         1.0745        -0.0092
 19  1.188         1.1128         0.0388
 20  1.288         1.2710         0.7556
 21  1.388         1.3094         0.2374
 22  1.488         1.3365         0.1183
 23  1.588         1.3644         0.1575
 24  1.688         1.3926         0.1920
 25  1.788         1.4212         0.2252
 26  1.888         1.4500         0.2570
 27  1.988         1.4793         0.2939
 28  2.088         1.5087         0.3254
 29  2.188         1.5387         0.3632
 30  2.288         1.5690         0.3973
 31  2.388         1.5998         0.4355
 32  2.488         1.6313         0.4754
 33  2.588         1.6635         0.5185
 34  2.688         1.6969         0.5655
 35  2.788         1.7320         0.6225
 36  2.888         1.7705         0.6995
 37  2.988         1.8121         0.7726
 38  3.088         1.8536         0.8128
 39  3.188         1.8932         0.8338
 40  3.288         1.9308         0.8493
 41  3.388         1.9664         0.8620
 42  3.488         2.0006         0.8806
 43  3.588         2.0347         0.9127
 44  3.688         2.0711         0.9757
 45  3.788         2.2109         1.6506
 46  3.888         2.4327         2.0347
 47  3.988         2.5202         1.7812
 48  4.088         2.5947         1.7925
 49  4.188         2.6618         1.8178
 50  4.288         2.7230         1.8417
 51  4.388         2.7791         1.8623
 52  4.488         2.8330         1.9000
 53  4.588         2.8856         1.9431
 54  4.688         2.9352         1.9678
 55  4.788         2.9799         1.9711
 56  4.888         3.0214         1.9810
 57  4.988         3.0602         1.9923
 58  5.088         3.0970         2.0066
 59  5.188         3.1321         2.0220
 60  5.288         3.1658         2.0390
 61  5.388         3.1985         2.0581
 62  5.488         3.2300         2.0747
 63  5.588         3.2601         2.0861
 64  5.688         3.2886         2.0915
 65  5.788         3.3154         2.0923
 66  5.888         3.3408         2.0951
 67  5.988         3.3650         2.1001
 68  6.088         3.3883         2.1053
 69  6.188         3.4107         2.1117
 70  6.288         3.4323         2.1196
 71  6.388         3.4532         2.1239
 72  6.488         3.4732         2.1272
 73  6.588         3.4924         2.1284
 74  6.688         3.5109         2.1305
 75  6.788         3.5286         2.1310
 76  6.888         3.5457         2.1325
 77  6.988         3.5622         2.1334
 78  7.088         3.5783         2.1381
 79  7.188         3.5940         2.1449
 80  7.288         3.6095         2.1554
 81  7.388         3.6250         2.1676
 82  7.488         3.6404         2.1823
 83  7.588         3.6556         2.1925
 84  7.688         3.6704         2.1975
 85  7.788         3.6850         2.2039
 86  7.888         3.6993         2.2102
 87  7.988         3.7140         2.2336
 88  8.088         3.7288         2.2564
 89  8.188         3.7439         2.2755
 90  8.288         3.7589         2.2922
 91  8.388         3.7737         2.2976
 92  8.488         3.7884         2.3099
 93  8.588         3.8033         2.3315
 94  8.688         3.8185         2.3550
 95  8.788         3.8342         2.3855
 96  8.888         3.8502         2.4091
 97  8.988         3.8665         2.4318
 98  9.088         3.8831         2.4562
 99  9.188         3.9002         2.4876
100  9.288         3.9180         2.5205
101  9.388         3.9363         2.5527
102  9.488         3.9552         2.5843
103  9.588         3.9748         2.6201
104  9.688         3.9951         2.6545
105  9.788         4.0157         2.6815
106  9.888         4.0369         2.7153
107  9.988         4.0590         2.7536
108 10.088         4.0818         2.7910
109 10.188         4.1055         2.8304
110 10.288         4.1301         2.8723
111 10.388         4.1560         2.9171
112 10.488         4.1831         2.9656
113 10.588         4.2119         3.0187
114 10.688         4.2427         3.0792
115 10.788         4.2744         3.1215
116 10.888         4.3036         3.1171
117 10.988         4.3327         3.1442
118 11.088         4.3618         3.1725
119 11.188         4.3906         3.1991
120 11.288         4.4192         3.2230
121 11.388         4.4474         3.2462
122 11.488         4.4753         3.2689
123 11.588         4.5026         3.2882
124 11.688         4.5297         3.3102
125 11.788         4.5565         3.3343
126 11.888         4.5833         3.3606
127 11.988         4.6101         3.3868
128 12.088         4.6366         3.4079
129 12.188         4.6626         3.4283
130 12.288         4.6889         3.4576
131 12.388         4.7157         3.4926
132 12.488         4.7429         3.5252
133 12.588         4.7704         3.5584
134 12.688         4.7983         3.5925
135 12.788         4.8268         3.6304
136 12.888         4.8558         3.6661
137 12.988         4.8849         3.6964
138 13.088         4.9138         3.7218
139 13.188         4.9426         3.7499
140 13.288         4.9713         3.7781
141 13.388         5.0000         3.8052


#AGE=12.000 BINS=138 Power-law IMF: x=-2.350
# N  sdss_r       Log10(N)       Log10(dN)
  1 -0.526        -0.2146        -0.2146
  2 -0.426         0.0629        -0.2631
  3 -0.326         0.2266        -0.2762
  4 -0.226         0.3401        -0.2982
  5 -0.126         0.4326        -0.2846
  6 -0.026         0.5139        -0.2540
  7  0.074         0.5847        -0.2376
  8  0.174         0.6486        -0.2153
  9  0.274         0.7079        -0.1865
 10  0.374         0.7633        -0.1581
 11  0.474         0.8160        -0.1258
 12  0.574         0.8665        -0.0929
 13  0.674         0.9149        -0.0620
 14  0.774         0.9720         0.0628
 15  0.874         1.0221         0.0590
 16  0.974         1.0677         0.0665
 17  1.074         1.1072         0.0455
 18  1.174         1.1457         0.0747
 19  1.274         1.2405         0.5332
 20  1.374         1.3438         0.6692
 21  1.474         1.3784         0.2627
 22  1.574         1.4057         0.1913
 23  1.674         1.4337         0.2286
 24  1.774         1.4622         0.2653
 25  1.874         1.4911         0.2996
 26  1.974         1.5202         0.3316
 27  2.074         1.5496         0.3662
 28  2.174         1.5793         0.3996
 29  2.274         1.6096         0.4375
 30  2.374         1.6401         0.4716
 31  2.474         1.6715         0.5160
 32  2.574         1.7032         0.5496
 33  2.674         1.7365         0.6050
 34  2.774         1.7704         0.6460
 35  2.874         1.8073         0.7188
 36  2.974         1.8481         0.8000
 37  3.074         1.8906         0.8605
 38  3.174         1.9311         0.8809
 39  3.274         1.9697         0.8992
 40  3.374         2.0062         0.9128
 41  3.474         2.0408         0.9242
 42  3.574         2.0743         0.9460
 43  3.674         2.1081         0.9817
 44  3.774         2.1449         1.0552
 45  3.874         2.2730         1.6803
 46  3.974         2.4908         2.0866
 47  4.074         2.5796         1.8469
 48  4.174         2.6554         1.8594
 49  4.274         2.7233         1.8841
 50  4.374         2.7848         1.9057
 51  4.474         2.8413         1.9270
 52  4.574         2.8954         1.9646
 53  4.674         2.9482         2.0070
 54  4.774         2.9976         2.0287
 55  4.874         3.0422         2.0315
 56  4.974         3.0835         2.0414
 57  5.074         3.1225         2.0570
 58  5.174         3.1598         2.0745
 59  5.274         3.1956         2.0941
 60  5.374         3.2301         2.1135
 61  5.474         3.2632         2.1289
 62  5.574         3.2947         2.1386
 63  5.674         3.3243         2.1428
 64  5.774         3.3520         2.1441
 65  5.874         3.3784         2.1485
 66  5.974         3.4036         2.1542
 67  6.074         3.4277         2.1603
 68  6.174         3.4510         2.1683
 69  6.274         3.4734         2.1758
 70  6.374         3.4949         2.1793
 71  6.474         3.5157         2.1840
 72  6.574         3.5355         2.1863
 73  6.674         3.5546         2.1875
 74  6.774         3.5729         2.1886
 75  6.874         3.5905         2.1891
 76  6.974         3.6075         2.1913
 77  7.074         3.6240         2.1956
 78  7.174         3.6402         2.2031
 79  7.274         3.6561         2.2134
 80  7.374         3.6720         2.2260
 81  7.474         3.6877         2.2382
 82  7.574         3.7032         2.2495
 83  7.674         3.7184         2.2548
 84  7.774         3.7333         2.2605
 85  7.874         3.7480         2.2711
 86  7.974         3.7628         2.2883
 87  8.074         3.7781         2.3163
 88  8.174         3.7935         2.3347
 89  8.274         3.8089         2.3513
 90  8.374         3.8240         2.3596
 91  8.474         3.8389         2.3670
 92  8.574         3.8541         2.3900
 93  8.674         3.8696         2.4139
 94  8.774         3.8855         2.4424
 95  8.874         3.9018         2.4673
 96  8.974         3.9183         2.4904
 97  9.074         3.9352         2.5158
 98  9.174         3.9525         2.5446
 99  9.274         3.9704         2.5773
100  9.374         3.9890         2.6108
101  9.474         4.0082         2.6430
102  9.574         4.0280         2.6775
103  9.674         4.0485         2.7131
104  9.774         4.0698         2.7493
105  9.874         4.0918         2.7861
106  9.974         4.1144         2.8193
107 10.074         4.1376         2.8525
108 10.174         4.1614         2.8886
109 10.274         4.1860         2.9282
110 10.374         4.2118         2.9717
111 10.474         4.2386         3.0165
112 10.574         4.2666         3.0621
113 10.674         4.2969         3.1252
114 10.774         4.3291         3.1837
115 10.874         4.3585         3.1731
116 10.974         4.3885         3.2139
117 11.074         4.4180         3.2350
118 11.174         4.4471         3.2590
119 11.274         4.4759         3.2828
120 11.374         4.5044         3.3074
121 11.474         4.5325         3.3291
122 11.574         4.5600         3.3487
123 11.674         4.5872         3.3701
124 11.774         4.6141         3.3931
125 11.874         4.6410         3.4198
126 11.974         4.6677         3.4432
127 12.074         4.6942         3.4650
128 12.174         4.7205         3.4908
129 12.274         4.7468         3.5151
130 12.374         4.7731         3.5431
131 12.474         4.8001         3.5789
132 12.574         4.8278         3.6187
133 12.674         4.8560         3.6552
134 12.774         4.8845         3.6876
135 12.874         4.9131         3.7176
136 12.974         4.9421         3.7514
137 13.074         4.9711         3.7821
138 13.174         5.0000         3.8085


#AGE=13.000 BINS=139 Power-law IMF: x=-2.350
# N  sdss_r       Log10(N)       Log10(dN)
  1 -0.506        -0.2416        -0.2416
  2 -0.406         0.0348        -0.2923
  3 -0.306         0.1965        -0.3110
  4 -0.206         0.3079        -0.3375
  5 -0.106         0.3979        -0.3297
  6 -0.006         0.4768        -0.3029
  7  0.094         0.5462        -0.2845
  8  0.194         0.6088        -0.2632
  9  0.294         0.6680        -0.2269
 10  0.394         0.7226        -0.2053
 11  0.494         0.7741        -0.1773
 12  0.594         0.8236        -0.1439
 13  0.694         0.8718        -0.1064
 14  0.794         0.9147        -0.1125
 15  0.894         0.9653         0.0066
 16  0.994         1.0130         0.0303
 17  1.094         1.0532         0.0001
 18  1.194         1.0926         0.0309
 19  1.294         1.1244        -0.0279
 20  1.394         1.2871         0.7818
 21  1.494         1.3292         0.2949
 22  1.594         1.3582         0.1694
 23  1.694         1.3862         0.1810
 24  1.794         1.4149         0.2208
 25  1.894         1.4439         0.2545
 26  1.994         1.4731         0.2861
 27  2.094         1.5026         0.3192
 28  2.194         1.5324         0.3541
 29  2.294         1.5625         0.3882
 30  2.394         1.5931         0.4257
 31  2.494         1.6244         0.4669
 32  2.594         1.6561         0.5037
 33  2.694         1.6891         0.5528
 34  2.794         1.7227         0.5952
 35  2.894         1.7591         0.6641
 36  2.994         1.7990         0.7424
 37  3.094         1.8416         0.8122
 38  3.194         1.8824         0.8345
 39  3.294         1.9213         0.8542
 40  3.394         1.9580         0.8677
 41  3.494         1.9929         0.8804
 42  3.594         2.0264         0.8971
 43  3.694         2.0595         0.9253
 44  3.794         2.0942         0.9789
 45  3.894         2.1362         1.1014
 46  3.994         2.3825         2.0188
 47  4.094         2.4907         1.8344
 48  4.194         2.5746         1.8192
 49  4.294         2.6477         1.8378
 50  4.394         2.7135         1.8616
 51  4.494         2.7728         1.8788
 52  4.594         2.8287         1.9105
 53  4.694         2.8823         1.9469
 54  4.794         2.9342         1.9862
 55  4.894         2.9813         1.9929
 56  4.994         3.0246         2.0024
 57  5.094         3.0655         2.0183
 58  5.194         3.1045         2.0386
 59  5.294         3.1420         2.0600
 60  5.394         3.1779         2.0768
 61  5.494         3.2119         2.0888
 62  5.594         3.2439         2.0965
 63  5.694         3.2739         2.0977
 64  5.794         3.3022         2.1016
 65  5.894         3.3291         2.1077
 66  5.994         3.3548         2.1152
 67  6.094         3.3796         2.1226
 68  6.194         3.4034         2.1305
 69  6.294         3.4263         2.1371
 70  6.394         3.4483         2.1415
 71  6.494         3.4694         2.1452
 72  6.594         3.4896         2.1479
 73  6.694         3.5090         2.1493
 74  6.794         3.5276         2.1499
 75  6.894         3.5454         2.1505
 76  6.994         3.5627         2.1534
 77  7.094         3.5795         2.1595
 78  7.194         3.5961         2.1682
 79  7.294         3.6124         2.1799
 80  7.394         3.6286         2.1916
 81  7.494         3.6446         2.2035
 82  7.594         3.6604         2.2129
 83  7.694         3.6758         2.2194
 84  7.794         3.6909         2.2245
 85  7.894         3.7060         2.2381
 86  7.994         3.7211         2.2561
 87  8.094         3.7368         2.2868
 88  8.194         3.7526         2.3047
 89  8.294         3.7682         2.3176
 90  8.394         3.7837         2.3267
 91  8.494         3.7989         2.3361
 92  8.594         3.8144         2.3604
 93  8.694         3.8303         2.3851
 94  8.794         3.8466         2.4135
 95  8.894         3.8632         2.4371
 96  8.994         3.8801         2.4614
 97  9.094         3.8974         2.4890
 98  9.194         3.9152         2.5176
 99  9.294         3.9335         2.5497
100  9.394         3.9524         2.5826
101  9.494         3.9720         2.6161
102  9.594         3.9923         2.6516
103  9.694         4.0133         2.6875
104  9.794         4.0350         2.7238
105  9.894         4.0575         2.7600
106  9.994         4.0806         2.7954
107 10.094         4.1045         2.8324
108 10.194         4.1291         2.8698
109 10.294         4.1542         2.9040
110 10.394         4.1796         2.9346
111 10.494         4.2061         2.9785
112 10.594         4.2347         3.0391
113 10.694         4.2664         3.1127
114 10.794         4.2980         3.1442
115 10.894         4.3281         3.1551
116 10.994         4.3585         3.1882
117 11.094         4.3881         3.2065
118 11.194         4.4175         3.2334
119 11.294         4.4465         3.2567
120 11.394         4.4750         3.2789
121 11.494         4.5031         3.2996
122 11.594         4.5307         3.3203
123 11.694         4.5579         3.3413
124 11.794         4.5850         3.3654
125 11.894         4.6118         3.3902
126 11.994         4.6387         3.4160
127 12.094         4.6651         3.4368
128 12.194         4.6912         3.4561
129 12.294         4.7174         3.4861
130 12.394         4.7441         3.5188
131 12.494         4.7711         3.5509
132 12.594         4.7985         3.5859
133 12.694         4.8267         3.6250
134 12.794         4.8555         3.6626
135 12.894         4.8845         3.6944
136 12.994         4.9133         3.7212
137 13.094         4.9423         3.7514
138 13.194         4.9712         3.7805
139 13.294         5.0000         3.8073
