#NUMBER OF AGES=15
#----------------------------------------------------       
#MIX-LEN  Y      Z          Zeff        [Fe/H] [a/Fe]       
# 1.9380  0.2467 1.0499E-03 1.0499E-03  -1.20   0.00        
#----------------------------------------------------       
#**PHOTOMETRIC SYSTEM**: SDSS (AB)                          
#----------------------------------------------------       
#AGE= 0.010 BINS=133 Power-law IMF: x=-2.350
# N  sdss_r       Log10(N)       Log10(dN)
  1 -1.901            NaN         0.0000
  2 -1.801            NaN         0.0000
  3 -1.701            NaN         0.8945
  4 -1.601            NaN         0.8945
  5 -1.501            NaN         0.8736
  6 -1.401         0.8326         1.1225
  7 -1.301         1.4805         1.3698
  8 -1.201         1.7388         1.3903
  9 -1.101         1.9010         1.3947
 10 -1.001         2.0162         1.3833
 11 -0.901         2.0914         1.2931
 12 -0.801         2.1530         1.2743
 13 -0.701         2.1987         1.1983
 14 -0.601         2.2744         1.4787
 15 -0.501         2.3340         1.4416
 16 -0.401         2.3290         1.4416
 17 -0.301         2.3647         1.2616
 18 -0.201         2.4366         1.6200
 19 -0.101         2.5078         1.6874
 20 -0.001         2.5705         1.6993
 21  0.099         2.6222         1.6721
 22  0.199         2.6747         1.7312
 23  0.299         2.7254         1.7678
 24  0.399         2.7924         1.9475
 25  0.499         2.8494         1.9390
 26  0.599         2.8993         1.9349
 27  0.699         2.9456         1.9501
 28  0.799         2.9877         1.9541
 29  0.899         3.0261         1.9535
 30  0.999         3.0610         1.9484
 31  1.099         3.1051         2.0903
 32  1.199         3.1369         1.9846
 33  1.299         3.1651         1.9642
 34  1.399         3.1914         1.9598
 35  1.499         3.2174         1.9817
 36  1.599         3.2455         2.0426
 37  1.699         3.2798         2.1599
 38  1.799         3.4050         2.8040
 39  1.899         3.4335         2.2360
 40  1.999         3.4542         2.1229
 41  2.099         3.4997         2.4972
 42  2.199         3.5174         2.1188
 43  2.299         3.5345         2.1216
 44  2.399         3.5513         2.1283
 45  2.499         3.5678         2.1394
 46  2.599         3.5839         2.1452
 47  2.699         3.5996         2.1503
 48  2.799         3.6155         2.1714
 49  2.899         3.6322         2.2097
 50  2.999         3.6495         2.2412
 51  3.099         3.6701         2.3349
 52  3.199         3.6905         2.3516
 53  3.299         3.7078         2.2994
 54  3.399         3.7235         2.2735
 55  3.499         3.7383         2.2661
 56  3.599         3.7533         2.2841
 57  3.699         3.7662         2.2301
 58  3.799         3.7783         2.2168
 59  3.899         3.7904         2.2310
 60  3.999         3.8026         2.2455
 61  4.099         3.8149         2.2602
 62  4.199         3.8273         2.2757
 63  4.299         3.8397         2.2913
 64  4.399         3.8522         2.3054
 65  4.499         3.8647         2.3179
 66  4.599         3.8772         2.3289
 67  4.699         3.8896         2.3382
 68  4.799         3.9018         2.3458
 69  4.899         3.9139         2.3517
 70  4.999         3.9258         2.3565
 71  5.099         3.9375         2.3638
 72  5.199         3.9491         2.3716
 73  5.299         3.9607         2.3795
 74  5.399         3.9721         2.3875
 75  5.499         3.9835         2.3957
 76  5.599         3.9948         2.4041
 77  5.699         4.0060         2.4126
 78  5.799         4.0171         2.4198
 79  5.899         4.0281         2.4262
 80  5.999         4.0391         2.4344
 81  6.099         4.0500         2.4443
 82  6.199         4.0609         2.4561
 83  6.299         4.0719         2.4710
 84  6.399         4.0830         2.4836
 85  6.499         4.0941         2.4954
 86  6.599         4.1052         2.5095
 87  6.699         4.1156         2.4895
 88  6.799         4.1274         2.5538
 89  6.899         4.1355         2.4039
 90  6.999         4.1443         2.4480
 91  7.099         4.1527         2.4329
 92  7.199         4.1608         2.4300
 93  7.299         4.1690         2.4374
 94  7.399         4.1771         2.4454
 95  7.499         4.1855         2.4691
 96  7.599         4.1946         2.5101
 97  7.699         4.2049         2.5752
 98  7.799         4.2244         2.8671
 99  7.899         4.2742         3.3090
100  7.999         4.3226         3.3458
101  8.099         4.3674         3.3583
102  8.199         4.4098         3.3785
103  8.299         4.4465         3.3552
104  8.399         4.4784         3.3283
105  8.499         4.5063         3.3005
106  8.599         4.5308         3.2708
107  8.699         4.5528         3.2463
108  8.799         4.5730         3.2303
109  8.899         4.5921         3.2256
110  8.999         4.6108         3.2364
111  9.099         4.6301         3.2669
112  9.199         4.6508         3.3200
113  9.299         4.6706         3.3185
114  9.399         4.6860         3.2278
115  9.499         4.7026         3.2767
116  9.599         4.7186         3.2778
117  9.699         4.7342         3.2820
118  9.799         4.7495         3.2893
119  9.899         4.7647         3.2999
120  9.999         4.7798         3.3140
121 10.099         4.7950         3.3316
122 10.199         4.8104         3.3524
123 10.299         4.8261         3.3766
124 10.399         4.8422         3.4038
125 10.499         4.8588         3.4323
126 10.599         4.8754         3.4491
127 10.699         4.8920         3.4662
128 10.799         4.9088         3.4875
129 10.899         4.9259         3.5134
130 10.999         4.9436         3.5441
131 11.099         4.9620         3.5797
132 11.199         4.9810         3.6122
133 11.299         5.0000         3.6322


#AGE= 0.100 BINS=131 Power-law IMF: x=-2.350
# N  sdss_r       Log10(N)       Log10(dN)
  1 -1.591            NaN         3.6322
  2 -1.491            NaN         3.6322
  3 -1.391            NaN         3.6322
  4 -1.291            NaN         3.6322
  5 -1.191            NaN         3.6322
  6 -1.091            NaN         1.1696
  7 -0.991            NaN         1.3772
  8 -0.891         0.9554         1.3901
  9 -0.791         1.5213         1.3836
 10 -0.691         1.7368         1.3292
 11 -0.591         1.8459         1.1923
 12 -0.491         1.9796         1.4027
 13 -0.391         2.1609         1.6942
 14 -0.291         2.2644         1.5907
 15 -0.191         2.1041         1.5907
 16 -0.091         2.2144         1.5650
 17  0.009         2.3279         1.6899
 18  0.109         2.4213         1.7076
 19  0.209         2.4944         1.6845
 20  0.309         2.5656         1.7453
 21  0.409         2.6374         1.8205
 22  0.509         2.7221         1.9706
 23  0.609         2.7898         1.9489
 24  0.709         2.8475         1.9429
 25  0.809         2.9000         1.9562
 26  0.909         2.9458         1.9461
 27  1.009         2.9892         1.9678
 28  1.109         3.0295         1.9762
 29  1.209         3.0756         2.0788
 30  1.309         3.1119         2.0168
 31  1.409         3.1432         1.9854
 32  1.509         3.1720         1.9785
 33  1.609         3.2002         1.9988
 34  1.709         3.2305         2.0597
 35  1.809         3.2675         2.1788
 36  1.909         3.3816         2.7455
 37  2.009         3.4172         2.3124
 38  2.109         3.4399         2.1473
 39  2.209         3.4807         2.4334
 40  2.309         3.5029         2.2009
 41  2.409         3.5209         2.1300
 42  2.509         3.5384         2.1346
 43  2.609         3.5556         2.1436
 44  2.709         3.5724         2.1516
 45  2.809         3.5887         2.1542
 46  2.909         3.6050         2.1724
 47  3.009         3.6221         2.2087
 48  3.109         3.6398         2.2424
 49  3.209         3.6605         2.3267
 50  3.309         3.6808         2.3405
 51  3.409         3.6983         2.2955
 52  3.509         3.7142         2.2699
 53  3.609         3.7294         2.2656
 54  3.709         3.7447         2.2854
 55  3.809         3.7570         2.2010
 56  3.909         3.7693         2.2148
 57  4.009         3.7816         2.2288
 58  4.109         3.7940         2.2430
 59  4.209         3.8064         2.2576
 60  4.309         3.8190         2.2724
 61  4.409         3.8316         2.2882
 62  4.509         3.8443         2.3034
 63  4.609         3.8570         2.3169
 64  4.709         3.8696         2.3287
 65  4.809         3.8823         2.3388
 66  4.909         3.8947         2.3471
 67  5.009         3.9071         2.3536
 68  5.109         3.9192         2.3584
 69  5.209         3.9311         2.3650
 70  5.309         3.9430         2.3728
 71  5.409         3.9547         2.3806
 72  5.509         3.9663         2.3885
 73  5.609         3.9779         2.3966
 74  5.709         3.9893         2.4048
 75  5.809         4.0007         2.4131
 76  5.909         4.0120         2.4197
 77  6.009         4.0231         2.4263
 78  6.109         4.0341         2.4348
 79  6.209         4.0452         2.4452
 80  6.309         4.0563         2.4575
 81  6.409         4.0674         2.4705
 82  6.509         4.0785         2.4820
 83  6.609         4.0898         2.4980
 84  6.709         4.1010         2.5067
 85  6.809         4.1136         2.5705
 86  6.909         4.1224         2.4262
 87  7.009         4.1313         2.4358
 88  7.109         4.1405         2.4640
 89  7.209         4.1493         2.4476
 90  7.309         4.1578         2.4484
 91  7.409         4.1663         2.4529
 92  7.509         4.1747         2.4581
 93  7.609         4.1834         2.4821
 94  7.709         4.1930         2.5325
 95  7.809         4.2040         2.6024
 96  7.909         4.2152         2.6192
 97  8.009         4.2344         2.8709
 98  8.109         4.2819         3.2972
 99  8.209         4.3312         3.3617
100  8.309         4.3795         3.4017
101  8.409         4.4223         3.3954
102  8.509         4.4588         3.3643
103  8.609         4.4901         3.3325
104  8.709         4.5171         3.2982
105  8.809         4.5410         3.2683
106  8.909         4.5625         3.2473
107  9.009         4.5827         3.2402
108  9.109         4.6026         3.2531
109  9.209         4.6234         3.2929
110  9.309         4.6449         3.3295
111  9.409         4.6619         3.2462
112  9.509         4.6800         3.2920
113  9.609         4.6975         3.2939
114  9.709         4.7144         3.2937
115  9.809         4.7306         3.2963
116  9.909         4.7465         3.3021
117 10.009         4.7622         3.3112
118 10.109         4.7777         3.3238
119 10.209         4.7933         3.3399
120 10.309         4.8090         3.3594
121 10.409         4.8250         3.3823
122 10.509         4.8413         3.4085
123 10.609         4.8581         3.4372
124 10.709         4.8750         3.4561
125 10.809         4.8918         3.4730
126 10.909         4.9089         3.4935
127 11.009         4.9262         3.5180
128 11.109         4.9439         3.5465
129 11.209         4.9623         3.5793
130 11.309         4.9811         3.6091
131 11.409         5.0000         3.6286


#AGE= 1.000 BINS=136 Power-law IMF: x=-2.350
# N  sdss_r       Log10(N)       Log10(dN)
  1 -0.992         0.0721         0.0721
  2 -0.892         0.3795         0.0848
  3 -0.792         0.5594         0.0898
  4 -0.692         0.6880         0.0966
  5 -0.592         0.7880         0.1013
  6 -0.492         0.8696         0.1031
  7 -0.392         0.9379         0.1008
  8 -0.292         0.9964         0.0972
  9 -0.192         1.0470         0.0880
 10 -0.092         1.0917         0.0824
 11  0.008         1.1317         0.0764
 12  0.108         1.1676         0.0662
 13  0.208         1.2001         0.0584
 14  0.308         1.2300         0.0534
 15  0.408         1.2573         0.0415
 16  0.508         1.4009         0.8506
 17  0.608         1.4741         0.6644
 18  0.708         1.5663         0.8480
 19  0.808         1.6034         0.5162
 20  0.908         1.6363         0.5006
 21  1.008         1.6531         0.2316
 22  1.108         1.6591        -0.2046
 23  1.208         1.8522         1.4071
 24  1.308         2.0259         1.5441
 25  1.408         2.1444         1.5222
 26  1.508         2.2435         1.5532
 27  1.608         2.3320         1.5975
 28  1.708         2.4127         1.6425
 29  1.808         2.4879         1.6890
 30  1.908         2.5616         1.7552
 31  2.008         2.6426         1.8736
 32  2.108         2.7187         1.9248
 33  2.208         2.7778         1.8824
 34  2.308         2.8430         1.9868
 35  2.408         2.9018         2.0044
 36  2.508         2.9555         2.0212
 37  2.608         3.0049         2.0369
 38  2.708         3.0482         2.0254
 39  2.808         3.0953         2.1066
 40  2.908         3.1378         2.1073
 41  3.008         3.1769         2.1123
 42  3.108         3.2117         2.0978
 43  3.208         3.2434         2.0914
 44  3.308         3.2727         2.0867
 45  3.408         3.2998         2.0819
 46  3.508         3.3256         2.0868
 47  3.608         3.3481         2.0505
 48  3.708         3.3717         2.0962
 49  3.808         3.3952         2.1163
 50  3.908         3.4180         2.1275
 51  4.008         3.4402         2.1374
 52  4.108         3.4618         2.1469
 53  4.208         3.4832         2.1659
 54  4.308         3.5042         2.1770
 55  4.408         3.5246         2.1882
 56  4.508         3.5447         2.1985
 57  4.608         3.5639         2.2011
 58  4.708         3.5841         2.2417
 59  4.808         3.6050         2.2758
 60  4.908         3.6251         2.2802
 61  5.008         3.6445         2.2848
 62  5.108         3.6632         2.2895
 63  5.208         3.6814         2.2943
 64  5.308         3.6991         2.2993
 65  5.408         3.7162         2.3044
 66  5.508         3.7329         2.3097
 67  5.608         3.7492         2.3151
 68  5.708         3.7651         2.3207
 69  5.808         3.7807         2.3264
 70  5.908         3.7959         2.3323
 71  6.008         3.8107         2.3383
 72  6.108         3.8253         2.3445
 73  6.208         3.8396         2.3496
 74  6.308         3.8536         2.3544
 75  6.408         3.8673         2.3601
 76  6.508         3.8808         2.3667
 77  6.608         3.8941         2.3734
 78  6.708         3.9072         2.3788
 79  6.808         3.9200         2.3828
 80  6.908         3.9325         2.3865
 81  7.008         3.9448         2.3921
 82  7.108         3.9570         2.3981
 83  7.208         3.9689         2.4013
 84  7.308         3.9806         2.4036
 85  7.408         3.9922         2.4135
 86  7.508         4.0039         2.4277
 87  7.608         4.0154         2.4356
 88  7.708         4.0272         2.4532
 89  7.808         4.0392         2.4755
 90  7.908         4.0517         2.5033
 91  8.008         4.0644         2.5255
 92  8.108         4.0773         2.5425
 93  8.208         4.0905         2.5686
 94  8.308         4.1042         2.5964
 95  8.408         4.1185         2.6273
 96  8.508         4.1333         2.6596
 97  8.608         4.1484         2.6823
 98  8.708         4.1637         2.7024
 99  8.808         4.1814         2.7824
100  8.908         4.2008         2.8410
101  9.008         4.2215         2.8902
102  9.108         4.2426         2.9174
103  9.208         4.2634         2.9330
104  9.308         4.2845         2.9605
105  9.408         4.3065         3.0009
106  9.508         4.3298         3.0483
107  9.608         4.3513         3.0342
108  9.708         4.3738         3.0769
109  9.808         4.3992         3.1543
110  9.908         4.4263         3.2082
111 10.008         4.4542         3.2478
112 10.108         4.4814         3.2651
113 10.208         4.5085         3.2901
114 10.308         4.5355         3.3161
115 10.408         4.5622         3.3377
116 10.508         4.5884         3.3548
117 10.608         4.6137         3.3673
118 10.708         4.6381         3.3760
119 10.808         4.6619         3.3882
120 10.908         4.6851         3.4010
121 11.008         4.7077         3.4138
122 11.108         4.7299         3.4264
123 11.208         4.7516         3.4390
124 11.308         4.7728         3.4514
125 11.408         4.7936         3.4627
126 11.508         4.8139         3.4738
127 11.608         4.8338         3.4852
128 11.708         4.8533         3.4970
129 11.808         4.8726         3.5093
130 11.908         4.8915         3.5214
131 12.008         4.9101         3.5319
132 12.108         4.9284         3.5441
133 12.208         4.9465         3.5584
134 12.308         4.9645         3.5717
135 12.408         4.9822         3.5853
136 12.508         5.0000         3.6027


#AGE= 2.000 BINS=158 Power-law IMF: x=-2.350
# N  sdss_r       Log10(N)       Log10(dN)
  1 -2.856        -0.5506        -0.5506
  2 -2.756        -0.2402        -0.5321
  3 -2.656        -0.0527        -0.5079
  4 -2.556         0.0853        -0.4800
  5 -2.456         0.1952        -0.4552
  6 -2.356         0.2879        -0.4281
  7 -2.256         0.3685        -0.4031
  8 -2.156         0.4407        -0.3739
  9 -2.056         0.5062        -0.3480
 10 -1.956         0.5661        -0.3232
 11 -1.856         0.6171        -0.3384
 12 -1.756         0.6671        -0.2972
 13 -1.656         0.7169        -0.2477
 14 -1.556         0.7652        -0.2128
 15 -1.456         0.8113        -0.1853
 16 -1.356         0.8549        -0.1657
 17 -1.256         0.9484         0.2356
 18 -1.156         0.9970         0.0221
 19 -1.056         1.0349        -0.0436
 20 -0.956         1.0706        -0.0319
 21 -0.856         1.1064         0.0053
 22 -0.756         1.2066         0.5203
 23 -0.656         1.2371         0.0678
 24 -0.556         1.2654         0.0661
 25 -0.456         1.2917         0.0600
 26 -0.356         1.3174         0.0772
 27 -0.256         1.3445         0.1266
 28 -0.156         1.3732         0.1786
 29 -0.056         1.4021         0.2111
 30  0.044         1.4311         0.2418
 31  0.144         1.4600         0.2690
 32  0.244         1.4890         0.2979
 33  0.344         1.5178         0.3258
 34  0.444         1.5469         0.3577
 35  0.544         1.5760         0.3878
 36  0.644         1.6055         0.4232
 37  0.744         1.6352         0.4562
 38  0.844         1.6651         0.4870
 39  0.944         1.6954         0.5250
 40  1.044         1.7260         0.5586
 41  1.144         1.7561         0.5813
 42  1.244         1.7856         0.6029
 43  1.344         1.8143         0.6206
 44  1.444         1.9285         1.2926
 45  1.544         2.0294         1.3460
 46  1.644         2.1314         1.4521
 47  1.744         2.1787         1.1923
 48  1.844         2.2299         1.2760
 49  1.944         2.2868         1.3760
 50  2.044         2.3497         1.4793
 51  2.144         2.4112         1.5323
 52  2.244         2.4744         1.6058
 53  2.344         2.5394         1.6828
 54  2.444         2.6033         1.7390
 55  2.544         2.6654         1.7903
 56  2.644         2.7248         1.8311
 57  2.744         2.7808         1.8642
 58  2.844         2.8344         1.8991
 59  2.944         2.8845         1.9215
 60  3.044         2.9316         1.9440
 61  3.144         2.9752         1.9549
 62  3.244         3.0141         1.9474
 63  3.344         3.0502         1.9510
 64  3.444         3.0833         1.9488
 65  3.544         3.1153         1.9669
 66  3.644         3.1469         1.9933
 67  3.744         3.1780         2.0175
 68  3.844         3.2079         2.0314
 69  3.944         3.2366         2.0419
 70  4.044         3.2644         2.0563
 71  4.144         3.2917         2.0768
 72  4.244         3.3185         2.0953
 73  4.344         3.3444         2.1075
 74  4.444         3.3693         2.1155
 75  4.544         3.3933         2.1233
 76  4.644         3.4165         2.1339
 77  4.744         3.4393         2.1470
 78  4.844         3.4617         2.1637
 79  4.944         3.4843         2.1879
 80  5.044         3.5065         2.2052
 81  5.144         3.5277         2.2047
 82  5.244         3.5480         2.2094
 83  5.344         3.5682         2.2240
 84  5.444         3.5882         2.2419
 85  5.544         3.6079         2.2560
 86  5.644         3.6273         2.2669
 87  5.744         3.6462         2.2751
 88  5.844         3.6648         2.2875
 89  5.944         3.6830         2.2962
 90  6.044         3.7005         2.2980
 91  6.144         3.7173         2.2945
 92  6.244         3.7334         2.2942
 93  6.344         3.7490         2.2991
 94  6.444         3.7644         2.3062
 95  6.544         3.7795         2.3117
 96  6.644         3.7942         2.3173
 97  6.744         3.8087         2.3233
 98  6.844         3.8228         2.3277
 99  6.944         3.8365         2.3303
100  7.044         3.8500         2.3349
101  7.144         3.8633         2.3411
102  7.244         3.8762         2.3429
103  7.344         3.8888         2.3474
104  7.444         3.9015         2.3603
105  7.544         3.9141         2.3706
106  7.644         3.9267         2.3832
107  7.744         3.9395         2.4019
108  7.844         3.9528         2.4320
109  7.944         3.9664         2.4546
110  8.044         3.9802         2.4763
111  8.144         3.9945         2.5062
112  8.244         4.0090         2.5231
113  8.344         4.0221         2.4967
114  8.444         4.0374         2.5756
115  8.544         4.0537         2.6217
116  8.644         4.0704         2.6471
117  8.744         4.0883         2.6937
118  8.844         4.1088         2.7722
119  8.944         4.1312         2.8323
120  9.044         4.1540         2.8636
121  9.144         4.1758         2.8646
122  9.244         4.1968         2.8709
123  9.344         4.2188         2.9120
124  9.444         4.2441         2.9980
125  9.544         4.2712         3.0530
126  9.644         4.2933         2.9892
127  9.744         4.3176         3.0522
128  9.844         4.3439         3.1128
129  9.944         4.3714         3.1593
130 10.044         4.3992         3.1924
131 10.144         4.4274         3.2252
132 10.244         4.4550         3.2443
133 10.344         4.4817         3.2577
134 10.444         4.5079         3.2760
135 10.544         4.5336         3.2925
136 10.644         4.5587         3.3072
137 10.744         4.5831         3.3204
138 10.844         4.6069         3.3341
139 10.944         4.6301         3.3477
140 11.044         4.6529         3.3610
141 11.144         4.6752         3.3739
142 11.244         4.6970         3.3865
143 11.344         4.7183         3.3985
144 11.444         4.7391         3.4098
145 11.544         4.7595         3.4212
146 11.644         4.7795         3.4331
147 11.744         4.7992         3.4453
148 11.844         4.8185         3.4579
149 11.944         4.8375         3.4690
150 12.044         4.8562         3.4804
151 12.144         4.8746         3.4934
152 12.244         4.8929         3.5077
153 12.344         4.9109         3.5200
154 12.444         4.9288         3.5344
155 12.544         4.9467         3.5517
156 12.644         4.9645         3.5686
157 12.744         4.9823         3.5852
158 12.844         5.0000         3.6025


#AGE= 3.000 BINS=157 Power-law IMF: x=-2.350
# N  sdss_r       Log10(N)       Log10(dN)
  1 -2.823        -0.6402        -0.6402
  2 -2.723        -0.3249        -0.6122
  3 -2.623        -0.1389        -0.5966
  4 -2.523        -0.0027        -0.5727
  5 -2.423         0.1085        -0.5375
  6 -2.323         0.2004        -0.5192
  7 -2.223         0.2813        -0.4885
  8 -2.123         0.3542        -0.4570
  9 -2.023         0.4199        -0.4327
 10 -1.923         0.4805        -0.4049
 11 -1.823         0.5367        -0.3790
 12 -1.723         0.5898        -0.3491
 13 -1.623         0.6382        -0.3390
 14 -1.523         0.6821        -0.3347
 15 -1.423         0.7273        -0.2773
 16 -1.323         0.7719        -0.2384
 17 -1.223         0.8152        -0.2080
 18 -1.123         0.8534        -0.2218
 19 -1.023         0.9489         0.2442
 20 -0.923         0.9912        -0.0409
 21 -0.823         1.0279        -0.0635
 22 -0.723         1.0624        -0.0541
 23 -0.623         1.0974        -0.0148
 24 -0.523         1.2013         0.5295
 25 -0.423         1.2305         0.0434
 26 -0.323         1.2585         0.0531
 27 -0.223         1.2854         0.0641
 28 -0.123         1.3104         0.0578
 29 -0.023         1.3369         0.1098
 30  0.077         1.3650         0.1628
 31  0.177         1.3939         0.2018
 32  0.277         1.4230         0.2343
 33  0.377         1.4521         0.2641
 34  0.477         1.4811         0.2915
 35  0.577         1.5103         0.3231
 36  0.677         1.5394         0.3516
 37  0.777         1.5688         0.3850
 38  0.877         1.5985         0.4186
 39  0.977         1.6286         0.4539
 40  1.077         1.6593         0.4935
 41  1.177         1.6907         0.5345
 42  1.277         1.7222         0.5671
 43  1.377         1.7539         0.6006
 44  1.477         1.7864         0.6446
 45  1.577         1.8198         0.6892
 46  1.677         1.8519         0.7042
 47  1.777         1.8829         0.7214
 48  1.877         2.0429         1.5317
 49  1.977         2.1450         1.4661
 50  2.077         2.2037         1.3059
 51  2.177         2.2645         1.3804
 52  2.277         2.3277         1.4593
 53  2.377         2.3919         1.5302
 54  2.477         2.4562         1.5948
 55  2.577         2.5195         1.6521
 56  2.677         2.5815         1.7051
 57  2.777         2.6422         1.7575
 58  2.877         2.7010         1.8037
 59  2.977         2.7587         1.8532
 60  3.077         2.8088         1.8464
 61  3.177         2.8575         1.8831
 62  3.277         2.9033         1.9042
 63  3.377         2.9461         1.9180
 64  3.477         2.9858         1.9271
 65  3.577         3.0242         1.9515
 66  3.677         3.0616         1.9787
 67  3.777         3.0972         1.9930
 68  3.877         3.1313         2.0093
 69  3.977         3.1646         2.0323
 70  4.077         3.1971         2.0551
 71  4.177         3.2288         2.0759
 72  4.277         3.2591         2.0882
 73  4.377         3.2880         2.0969
 74  4.477         3.3156         2.1054
 75  4.577         3.3425         2.1203
 76  4.677         3.3687         2.1364
 77  4.777         3.3945         2.1552
 78  4.877         3.4199         2.1754
 79  4.977         3.4451         2.1946
 80  5.077         3.4692         2.2017
 81  5.177         3.4923         2.2063
 82  5.277         3.5149         2.2204
 83  5.377         3.5374         2.2402
 84  5.477         3.5591         2.2486
 85  5.577         3.5804         2.2587
 86  5.677         3.6011         2.2692
 87  5.777         3.6213         2.2800
 88  5.877         3.6411         2.2899
 89  5.977         3.6603         2.2966
 90  6.077         3.6790         2.3036
 91  6.177         3.6972         2.3088
 92  6.277         3.7148         2.3145
 93  6.377         3.7318         2.3171
 94  6.477         3.7482         2.3171
 95  6.577         3.7642         2.3210
 96  6.677         3.7799         2.3299
 97  6.777         3.7952         2.3364
 98  6.877         3.8101         2.3384
 99  6.977         3.8247         2.3418
100  7.077         3.8389         2.3487
101  7.177         3.8529         2.3518
102  7.277         3.8665         2.3550
103  7.377         3.8799         2.3652
104  7.477         3.8933         2.3755
105  7.577         3.9066         2.3866
106  7.677         3.9200         2.4002
107  7.777         3.9337         2.4279
108  7.877         3.9479         2.4534
109  7.977         3.9626         2.4852
110  8.077         3.9762         2.4664
111  8.177         3.9892         2.4568
112  8.277         4.0047         2.5512
113  8.377         4.0210         2.5877
114  8.477         4.0378         2.6147
115  8.577         4.0550         2.6453
116  8.677         4.0728         2.6757
117  8.777         4.0925         2.7392
118  8.877         4.1147         2.8132
119  8.977         4.1382         2.8594
120  9.077         4.1612         2.8740
121  9.177         4.1825         2.8634
122  9.277         4.2038         2.8824
123  9.377         4.2277         2.9573
124  9.477         4.2592         3.1040
125  9.577         4.2851         3.0481
126  9.677         4.3094         3.0435
127  9.777         4.3353         3.0994
128  9.877         4.3626         3.1467
129  9.977         4.3906         3.1866
130 10.077         4.4187         3.2153
131 10.177         4.4464         3.2369
132 10.277         4.4736         3.2571
133 10.377         4.5001         3.2727
134 10.477         4.5261         3.2896
135 10.577         4.5515         3.3056
136 10.677         4.5763         3.3210
137 10.777         4.6006         3.3369
138 10.877         4.6244         3.3519
139 10.977         4.6477         3.3658
140 11.077         4.6705         3.3785
141 11.177         4.6927         3.3901
142 11.277         4.7143         3.4012
143 11.377         4.7355         3.4127
144 11.477         4.7562         3.4247
145 11.577         4.7766         3.4372
146 11.677         4.7966         3.4503
147 11.777         4.8163         3.4633
148 11.877         4.8357         3.4750
149 11.977         4.8547         3.4872
150 12.077         4.8735         3.5002
151 12.177         4.8920         3.5132
152 12.277         4.9103         3.5247
153 12.377         4.9284         3.5387
154 12.477         4.9464         3.5555
155 12.577         4.9643         3.5712
156 12.677         4.9822         3.5872
157 12.777         5.0000         3.6045


#AGE= 4.000 BINS=155 Power-law IMF: x=-2.350
# N  sdss_r       Log10(N)       Log10(dN)
  1 -2.866        -0.6772        -0.6772
  2 -2.766        -0.3669        -0.6589
  3 -2.666        -0.1801        -0.6366
  4 -2.566        -0.0418        -0.6061
  5 -2.466         0.0669        -0.5880
  6 -2.366         0.1587        -0.5611
  7 -2.266         0.2409        -0.5226
  8 -2.166         0.3119        -0.5097
  9 -2.066         0.3782        -0.4706
 10 -1.966         0.4391        -0.4441
 11 -1.866         0.4953        -0.4204
 12 -1.766         0.5484        -0.3904
 13 -1.666         0.5987        -0.3627
 14 -1.566         0.6467        -0.3332
 15 -1.466         0.6912        -0.3203
 16 -1.366         0.7324        -0.3116
 17 -1.266         0.7741        -0.2638
 18 -1.166         0.8160        -0.2208
 19 -1.066         0.8568        -0.1908
 20 -0.966         0.8932        -0.2016
 21 -0.866         0.9804         0.2403
 22 -0.766         1.0227        -0.0094
 23 -0.666         1.0585        -0.0431
 24 -0.566         1.0920        -0.0380
 25 -0.466         1.1783         0.4345
 26 -0.366         1.2279         0.2604
 27 -0.266         1.2574         0.0758
 28 -0.166         1.2856         0.0827
 29 -0.066         1.3107         0.0612
 30  0.034         1.3367         0.1014
 31  0.134         1.3647         0.1601
 32  0.234         1.3937         0.2035
 33  0.334         1.4228         0.2348
 34  0.434         1.4520         0.2649
 35  0.534         1.4813         0.2952
 36  0.634         1.5106         0.3255
 37  0.734         1.5402         0.3588
 38  0.834         1.5696         0.3852
 39  0.934         1.5993         0.4193
 40  1.034         1.6293         0.4542
 41  1.134         1.6598         0.4920
 42  1.234         1.6909         0.5306
 43  1.334         1.7229         0.5740
 44  1.434         1.7556         0.6157
 45  1.534         1.7889         0.6569
 46  1.634         1.8235         0.7073
 47  1.734         1.8583         0.7457
 48  1.834         1.8918         0.7622
 49  1.934         1.9243         0.7822
 50  2.034         1.9569         0.8160
 51  2.134         2.0891         1.5081
 52  2.234         2.2001         1.5532
 53  2.334         2.2614         1.3812
 54  2.434         2.3245         1.4555
 55  2.534         2.3886         1.5257
 56  2.634         2.4527         1.5906
 57  2.734         2.5158         1.6463
 58  2.834         2.5773         1.6982
 59  2.934         2.6374         1.7486
 60  3.034         2.6955         1.7935
 61  3.134         2.7517         1.8356
 62  3.234         2.8064         1.8794
 63  3.334         2.8582         1.9098
 64  3.434         2.9063         1.9266
 65  3.534         2.9517         1.9480
 66  3.634         2.9944         1.9658
 67  3.734         3.0347         1.9822
 68  3.834         3.0736         2.0073
 69  3.934         3.1118         2.0361
 70  4.034         3.1489         2.0620
 71  4.134         3.1846         2.0818
 72  4.234         3.2186         2.0958
 73  4.334         3.2509         2.1065
 74  4.434         3.2821         2.1221
 75  4.534         3.3124         2.1411
 76  4.634         3.3419         2.1599
 77  4.734         3.3709         2.1803
 78  4.834         3.3992         2.1999
 79  4.934         3.4270         2.2188
 80  5.034         3.4535         2.2265
 81  5.134         3.4789         2.2323
 82  5.234         3.5036         2.2469
 83  5.334         3.5281         2.2675
 84  5.434         3.5519         2.2786
 85  5.534         3.5750         2.2892
 86  5.634         3.5975         2.3018
 87  5.734         3.6195         2.3128
 88  5.834         3.6410         2.3237
 89  5.934         3.6618         2.3321
 90  6.034         3.6820         2.3388
 91  6.134         3.7015         2.3447
 92  6.234         3.7204         2.3504
 93  6.334         3.7388         2.3552
 94  6.434         3.7565         2.3598
 95  6.534         3.7737         2.3621
 96  6.634         3.7903         2.3654
 97  6.734         3.8067         2.3733
 98  6.834         3.8226         2.3792
 99  6.934         3.8380         2.3810
100  7.034         3.8531         2.3868
101  7.134         3.8679         2.3930
102  7.234         3.8823         2.3955
103  7.334         3.8965         2.4038
104  7.434         3.9106         2.4159
105  7.534         3.9246         2.4239
106  7.634         3.9385         2.4388
107  7.734         3.9527         2.4587
108  7.834         3.9674         2.4891
109  7.934         3.9824         2.5144
110  8.034         3.9977         2.5375
111  8.134         4.0113         2.5002
112  8.234         4.0258         2.5407
113  8.334         4.0427         2.6245
114  8.434         4.0599         2.6487
115  8.534         4.0776         2.6792
116  8.634         4.0959         2.7115
117  8.734         4.1151         2.7502
118  8.834         4.1365         2.8194
119  8.934         4.1600         2.8808
120  9.034         4.1841         2.9174
121  9.134         4.2072         2.9214
122  9.234         4.2290         2.9185
123  9.334         4.2521         2.9672
124  9.434         4.2811         3.0911
125  9.534         4.3126         3.1576
126  9.634         4.3385         3.0999
127  9.734         4.3651         3.1391
128  9.834         4.3926         3.1812
129  9.934         4.4208         3.2196
130 10.034         4.4493         3.2524
131 10.134         4.4773         3.2725
132 10.234         4.5047         3.2914
133 10.334         4.5313         3.3047
134 10.434         4.5573         3.3208
135 10.534         4.5828         3.3401
136 10.634         4.6080         3.3586
137 10.734         4.6326         3.3739
138 10.834         4.6566         3.3865
139 10.934         4.6800         3.3995
140 11.034         4.7028         3.4128
141 11.134         4.7252         3.4260
142 11.234         4.7471         3.4394
143 11.334         4.7687         3.4527
144 11.434         4.7897         3.4653
145 11.534         4.8104         3.4776
146 11.634         4.8307         3.4901
147 11.734         4.8506         3.5027
148 11.834         4.8702         3.5153
149 11.934         4.8895         3.5266
150 12.034         4.9084         3.5384
151 12.134         4.9271         3.5516
152 12.234         4.9456         3.5659
153 12.334         4.9639         3.5781
154 12.434         4.9819         3.5922
155 12.534         5.0000         3.6099


#AGE= 5.000 BINS=155 Power-law IMF: x=-2.350
# N  sdss_r       Log10(N)       Log10(dN)
  1 -2.873        -0.7609        -0.7609
  2 -2.773        -0.4368        -0.7160
  3 -2.673        -0.2493        -0.7044
  4 -2.573        -0.1088        -0.6673
  5 -2.473         0.0049        -0.6329
  6 -2.373         0.0964        -0.6247
  7 -2.273         0.1773        -0.5924
  8 -2.173         0.2499        -0.5626
  9 -2.073         0.3158        -0.5357
 10 -1.973         0.3758        -0.5137
 11 -1.873         0.4330        -0.4754
 12 -1.773         0.4858        -0.4558
 13 -1.673         0.5364        -0.4220
 14 -1.573         0.5848        -0.3925
 15 -1.473         0.6312        -0.3632
 16 -1.373         0.6738        -0.3551
 17 -1.273         0.7141        -0.3391
 18 -1.173         0.7547        -0.2943
 19 -1.073         0.7954        -0.2532
 20 -0.973         0.8354        -0.2194
 21 -0.873         0.8727        -0.2129
 22 -0.773         0.9523         0.1762
 23 -0.673         0.9955        -0.0283
 24 -0.573         1.0312        -0.0706
 25 -0.473         1.0649        -0.0630
 26 -0.373         1.1109         0.1135
 27 -0.273         1.1983         0.4592
 28 -0.173         1.2286         0.0570
 29 -0.073         1.2576         0.0681
 30  0.027         1.2836         0.0473
 31  0.127         1.3094         0.0708
 32  0.227         1.3371         0.1275
 33  0.327         1.3661         0.1761
 34  0.427         1.3955         0.2112
 35  0.527         1.4250         0.2424
 36  0.627         1.4546         0.2739
 37  0.727         1.4843         0.3039
 38  0.827         1.5141         0.3356
 39  0.927         1.5440         0.3675
 40  1.027         1.5739         0.3967
 41  1.127         1.6042         0.4326
 42  1.227         1.6347         0.4669
 43  1.327         1.6658         0.5045
 44  1.427         1.6977         0.5489
 45  1.527         1.7307         0.5950
 46  1.627         1.7640         0.6314
 47  1.727         1.7985         0.6816
 48  1.827         1.8342         0.7308
 49  1.927         1.8682         0.7450
 50  2.027         1.9007         0.7589
 51  2.127         1.9325         0.7817
 52  2.227         1.9648         0.8201
 53  2.327         2.0056         0.9584
 54  2.427         2.1847         1.7136
 55  2.527         2.2489         1.3868
 56  2.627         2.3140         1.4575
 57  2.727         2.3796         1.5265
 58  2.827         2.4452         1.5922
 59  2.927         2.5098         1.6501
 60  3.027         2.5727         1.7023
 61  3.127         2.6337         1.7510
 62  3.227         2.6922         1.7931
 63  3.327         2.7486         1.8336
 64  3.427         2.8026         1.8708
 65  3.527         2.8533         1.8952
 66  3.627         2.9009         1.9170
 67  3.727         2.9469         1.9493
 68  3.827         2.9916         1.9822
 69  3.927         3.0348         2.0104
 70  4.027         3.0758         2.0305
 71  4.127         3.1146         2.0474
 72  4.227         3.1517         2.0639
 73  4.327         3.1872         2.0824
 74  4.427         3.2217         2.1042
 75  4.527         3.2553         2.1271
 76  4.627         3.2878         2.1466
 77  4.727         3.3194         2.1651
 78  4.827         3.3502         2.1863
 79  4.927         3.3801         2.2028
 80  5.027         3.4086         2.2112
 81  5.127         3.4358         2.2195
 82  5.227         3.4626         2.2389
 83  5.327         3.4889         2.2589
 84  5.427         3.5144         2.2697
 85  5.527         3.5391         2.2814
 86  5.627         3.5632         2.2951
 87  5.727         3.5866         2.3063
 88  5.827         3.6093         2.3178
 89  5.927         3.6314         2.3263
 90  6.027         3.6527         2.3336
 91  6.127         3.6734         2.3408
 92  6.227         3.6934         2.3469
 93  6.327         3.7128         2.3519
 94  6.427         3.7314         2.3549
 95  6.527         3.7495         2.3598
 96  6.627         3.7670         2.3650
 97  6.727         3.7842         2.3720
 98  6.827         3.8009         2.3775
 99  6.927         3.8170         2.3791
100  7.027         3.8328         2.3859
101  7.127         3.8483         2.3918
102  7.227         3.8634         2.3962
103  7.327         3.8782         2.4043
104  7.427         3.8929         2.4150
105  7.527         3.9074         2.4239
106  7.627         3.9219         2.4388
107  7.727         3.9367         2.4606
108  7.827         3.9519         2.4906
109  7.927         3.9674         2.5117
110  8.027         3.9831         2.5334
111  8.127         3.9994         2.5663
112  8.227         4.0150         2.5623
113  8.327         4.0297         2.5513
114  8.427         4.0475         2.6516
115  8.527         4.0658         2.6818
116  8.627         4.0847         2.7140
117  8.727         4.1046         2.7558
118  8.827         4.1267         2.8209
119  8.927         4.1502         2.8725
120  9.027         4.1740         2.9016
121  9.127         4.1966         2.9017
122  9.227         4.2190         2.9190
123  9.327         4.2438         2.9882
124  9.427         4.2756         3.1241
125  9.527         4.3068         3.1476
126  9.627         4.3344         3.1238
127  9.727         4.3619         3.1512
128  9.827         4.3902         3.1892
129  9.927         4.4191         3.2278
130 10.027         4.4478         3.2537
131 10.127         4.4760         3.2751
132 10.227         4.5034         3.2886
133 10.327         4.5300         3.3047
134 10.427         4.5561         3.3224
135 10.527         4.5817         3.3393
136 10.627         4.6068         3.3564
137 10.727         4.6314         3.3725
138 10.827         4.6555         3.3862
139 10.927         4.6789         3.3987
140 11.027         4.7017         3.4117
141 11.127         4.7241         3.4250
142 11.227         4.7460         3.4386
143 11.327         4.7676         3.4524
144 11.427         4.7887         3.4654
145 11.527         4.8095         3.4782
146 11.627         4.8298         3.4910
147 11.727         4.8499         3.5038
148 11.827         4.8696         3.5165
149 11.927         4.8889         3.5281
150 12.027         4.9080         3.5403
151 12.127         4.9267         3.5537
152 12.227         4.9454         3.5679
153 12.327         4.9637         3.5800
154 12.427         4.9819         3.5943
155 12.527         5.0000         3.6120


#AGE= 6.000 BINS=158 Power-law IMF: x=-2.350
# N  sdss_r       Log10(N)       Log10(dN)
  1 -2.896        -0.8676        -0.8676
  2 -2.796        -0.5422        -0.8202
  3 -2.696        -0.3523        -0.8031
  4 -2.596        -0.2119        -0.7707
  5 -2.496        -0.1005        -0.7458
  6 -2.396        -0.0062        -0.7159
  7 -2.296         0.0746        -0.6952
  8 -2.196         0.1485        -0.6569
  9 -2.096         0.2131        -0.6465
 10 -1.996         0.2748        -0.6034
 11 -1.896         0.3314        -0.5816
 12 -1.796         0.3849        -0.5509
 13 -1.696         0.4353        -0.5249
 14 -1.596         0.4834        -0.4965
 15 -1.496         0.5294        -0.4681
 16 -1.396         0.5744        -0.4329
 17 -1.296         0.6163        -0.4201
 18 -1.196         0.6557        -0.4058
 19 -1.096         0.6953        -0.3637
 20 -0.996         0.7354        -0.3199
 21 -0.896         0.7743        -0.2921
 22 -0.796         0.8102        -0.2911
 23 -0.696         0.8851         0.0851
 24 -0.596         0.9288        -0.0897
 25 -0.496         0.9651        -0.1310
 26 -0.396         0.9994        -0.1211
 27 -0.296         1.0282        -0.1635
 28 -0.196         1.1302         0.4508
 29 -0.096         1.1616         0.0049
 30  0.004         1.1909         0.0060
 31  0.104         1.2184         0.0061
 32  0.204         1.2438        -0.0021
 33  0.304         1.2713         0.0594
 34  0.404         1.3002         0.1092
 35  0.504         1.3299         0.1501
 36  0.604         1.3596         0.1802
 37  0.704         1.3895         0.2115
 38  0.804         1.4196         0.2467
 39  0.904         1.4497         0.2742
 40  1.004         1.4799         0.3075
 41  1.104         1.5101         0.3374
 42  1.204         1.5407         0.3736
 43  1.304         1.5714         0.4053
 44  1.404         1.6027         0.4457
 45  1.504         1.6347         0.4858
 46  1.604         1.6675         0.5291
 47  1.704         1.7013         0.5761
 48  1.804         1.7360         0.6212
 49  1.904         1.7722         0.6749
 50  2.004         1.8073         0.6974
 51  2.104         1.8407         0.7106
 52  2.204         1.8731         0.7298
 53  2.304         1.9053         0.7583
 54  2.404         1.9395         0.8191
 55  2.504         2.0047         1.1490
 56  2.604         2.1409         1.5711
 57  2.704         2.2054         1.3453
 58  2.804         2.2703         1.4127
 59  2.904         2.3350         1.4759
 60  3.004         2.3987         1.5338
 61  3.104         2.4609         1.5865
 62  3.204         2.5217         1.6374
 63  3.304         2.5811         1.6879
 64  3.404         2.6391         1.7357
 65  3.504         2.6964         1.7889
 66  3.604         2.7530         1.8401
 67  3.704         2.8064         1.8700
 68  3.804         2.8568         1.8963
 69  3.904         2.9046         1.9227
 70  4.004         2.9497         1.9436
 71  4.104         2.9922         1.9617
 72  4.204         3.0327         1.9824
 73  4.304         3.0717         2.0052
 74  4.404         3.1095         2.0302
 75  4.504         3.1461         2.0542
 76  4.604         3.1815         2.0749
 77  4.704         3.2157         2.0944
 78  4.804         3.2488         2.1154
 79  4.904         3.2808         2.1321
 80  5.004         3.3113         2.1424
 81  5.104         3.3405         2.1532
 82  5.204         3.3693         2.1764
 83  5.304         3.3975         2.1960
 84  5.404         3.4247         2.2077
 85  5.504         3.4510         2.2202
 86  5.604         3.4765         2.2332
 87  5.704         3.5014         2.2466
 88  5.804         3.5255         2.2586
 89  5.904         3.5489         2.2686
 90  6.004         3.5715         2.2763
 91  6.104         3.5933         2.2834
 92  6.204         3.6144         2.2903
 93  6.304         3.6348         2.2967
 94  6.404         3.6545         2.3001
 95  6.504         3.6734         2.3045
 96  6.604         3.6918         2.3101
 97  6.704         3.7098         2.3183
 98  6.804         3.7273         2.3236
 99  6.904         3.7442         2.3253
100  7.004         3.7607         2.3316
101  7.104         3.7768         2.3384
102  7.204         3.7926         2.3448
103  7.304         3.8081         2.3526
104  7.404         3.8234         2.3621
105  7.504         3.8384         2.3700
106  7.604         3.8534         2.3835
107  7.704         3.8686         2.4069
108  7.804         3.8843         2.4336
109  7.904         3.9003         2.4578
110  8.004         3.9164         2.4797
111  8.104         3.9328         2.5004
112  8.204         3.9498         2.5341
113  8.304         3.9666         2.5453
114  8.404         3.9823         2.5328
115  8.504         4.0011         2.6284
116  8.604         4.0204         2.6580
117  8.704         4.0407         2.6999
118  8.804         4.0622         2.7467
119  8.904         4.0846         2.7867
120  9.004         4.1081         2.8296
121  9.104         4.1326         2.8720
122  9.204         4.1580         2.9118
123  9.304         4.1836         2.9420
124  9.404         4.2124         3.0196
125  9.504         4.2449         3.1022
126  9.604         4.2742         3.0889
127  9.704         4.3029         3.1085
128  9.804         4.3318         3.1402
129  9.904         4.3610         3.1745
130 10.004         4.3903         3.2046
131 10.104         4.4189         3.2231
132 10.204         4.4467         3.2390
133 10.304         4.4734         3.2500
134 10.404         4.4997         3.2679
135 10.504         4.5255         3.2864
136 10.604         4.5507         3.3021
137 10.704         4.5754         3.3176
138 10.804         4.5995         3.3316
139 10.904         4.6230         3.3445
140 11.004         4.6459         3.3576
141 11.104         4.6684         3.3711
142 11.204         4.6904         3.3850
143 11.304         4.7120         3.3982
144 11.404         4.7332         3.4110
145 11.504         4.7540         3.4241
146 11.604         4.7745         3.4374
147 11.704         4.7946         3.4510
148 11.804         4.8145         3.4639
149 11.904         4.8340         3.4765
150 12.004         4.8532         3.4896
151 12.104         4.8722         3.5031
152 12.204         4.8909         3.5155
153 12.304         4.9093         3.5279
154 12.404         4.9276         3.5428
155 12.504         4.9458         3.5598
156 12.604         4.9639         3.5754
157 12.704         4.9820         3.5916
158 12.804         5.0000         3.6089


#AGE= 7.000 BINS=157 Power-law IMF: x=-2.350
# N  sdss_r       Log10(N)       Log10(dN)
  1 -2.908        -0.0576        -0.0576
  2 -2.808         0.0041        -0.8738
  3 -2.708         0.0623        -0.8395
  4 -2.608         0.1162        -0.8168
  5 -2.508         0.1683        -0.7787
  6 -2.408         0.2159        -0.7676
  7 -2.308         0.2622        -0.7330
  8 -2.208         0.3065        -0.7068
  9 -2.108         0.3470        -0.7031
 10 -2.008         0.3898        -0.6383
 11 -1.908         0.4293        -0.6309
 12 -1.808         0.4683        -0.5982
 13 -1.708         0.5066        -0.5668
 14 -1.608         0.5439        -0.5407
 15 -1.508         0.5804        -0.5129
 16 -1.408         0.6172        -0.4734
 17 -1.308         0.6528        -0.4518
 18 -1.208         0.6864        -0.4411
 19 -1.108         0.7199        -0.4098
 20 -1.008         0.7535        -0.3737
 21 -0.908         0.7876        -0.3350
 22 -0.808         0.8212        -0.3063
 23 -0.708         0.8568        -0.2472
 24 -0.608         0.9210         0.0585
 25 -0.508         0.9566        -0.1470
 26 -0.408         0.9892        -0.1520
 27 -0.308         1.0195        -0.1520
 28 -0.208         1.0552        -0.0473
 29 -0.108         1.1410         0.3948
 30 -0.008         1.1707        -0.0093
 31  0.092         1.1992         0.0016
 32  0.192         1.2256        -0.0038
 33  0.292         1.2505        -0.0026
 34  0.392         1.2771         0.0496
 35  0.492         1.3051         0.1008
 36  0.592         1.3337         0.1390
 37  0.692         1.3628         0.1737
 38  0.792         1.3920         0.2047
 39  0.892         1.4215         0.2392
 40  0.992         1.4511         0.2707
 41  1.092         1.4807         0.2987
 42  1.192         1.5107         0.3348
 43  1.292         1.5408         0.3664
 44  1.392         1.5711         0.4003
 45  1.492         1.6020         0.4383
 46  1.592         1.6334         0.4780
 47  1.692         1.6660         0.5250
 48  1.792         1.6997         0.5721
 49  1.892         1.7339         0.6136
 50  1.992         1.7699         0.6703
 51  2.092         1.8050         0.6959
 52  2.192         1.8386         0.7103
 53  2.292         1.8712         0.7301
 54  2.392         1.9034         0.7569
 55  2.492         1.9367         0.8048
 56  2.592         1.9792         0.9485
 57  2.692         2.0916         1.4496
 58  2.792         2.1737         1.4104
 59  2.892         2.2403         1.3929
 60  2.992         2.3078         1.4661
 61  3.092         2.3755         1.5346
 62  3.192         2.4427         1.5992
 63  3.292         2.5086         1.6576
 64  3.392         2.5727         1.7097
 65  3.492         2.6344         1.7563
 66  3.592         2.6936         1.7993
 67  3.692         2.7511         1.8445
 68  3.792         2.8055         1.8764
 69  3.892         2.8561         1.8974
 70  3.992         2.9039         1.9219
 71  4.092         2.9500         1.9531
 72  4.192         2.9938         1.9754
 73  4.292         3.0358         2.0003
 74  4.392         3.0763         2.0266
 75  4.492         3.1155         2.0512
 76  4.592         3.1530         2.0712
 77  4.692         3.1893         2.0933
 78  4.792         3.2246         2.1164
 79  4.892         3.2584         2.1332
 80  4.992         3.2907         2.1452
 81  5.092         3.3216         2.1593
 82  5.192         3.3522         2.1851
 83  5.292         3.3820         2.2037
 84  5.392         3.4107         2.2161
 85  5.492         3.4384         2.2297
 86  5.592         3.4653         2.2439
 87  5.692         3.4915         2.2578
 88  5.792         3.5168         2.2703
 89  5.892         3.5413         2.2811
 90  5.992         3.5650         2.2892
 91  6.092         3.5878         2.2973
 92  6.192         3.6098         2.3040
 93  6.292         3.6312         2.3114
 94  6.392         3.6517         2.3156
 95  6.492         3.6714         2.3196
 96  6.592         3.6906         2.3251
 97  6.692         3.7094         2.3361
 98  6.792         3.7275         2.3389
 99  6.892         3.7450         2.3417
100  6.992         3.7620         2.3476
101  7.092         3.7788         2.3568
102  7.192         3.7951         2.3623
103  7.292         3.8112         2.3722
104  7.392         3.8270         2.3802
105  7.492         3.8426         2.3885
106  7.592         3.8580         2.4007
107  7.692         3.8737         2.4237
108  7.792         3.8898         2.4507
109  7.892         3.9063         2.4774
110  7.992         3.9228         2.4950
111  8.092         3.9396         2.5190
112  8.192         3.9568         2.5458
113  8.292         3.9748         2.5841
114  8.392         3.9918         2.5757
115  8.492         4.0093         2.6050
116  8.592         4.0293         2.6828
117  8.692         4.0498         2.7138
118  8.792         4.0718         2.7649
119  8.892         4.0950         2.8124
120  8.992         4.1187         2.8433
121  9.092         4.1421         2.8613
122  9.192         4.1662         2.8991
123  9.292         4.1929         2.9679
124  9.392         4.2239         3.0619
125  9.492         4.2565         3.1156
126  9.592         4.2873         3.1225
127  9.692         4.3170         3.1381
128  9.792         4.3465         3.1641
129  9.892         4.3763         3.1978
130  9.992         4.4060         3.2262
131 10.092         4.4349         3.2439
132 10.192         4.4630         3.2589
133 10.292         4.4900         3.2713
134 10.392         4.5165         3.2874
135 10.492         4.5424         3.3058
136 10.592         4.5677         3.3206
137 10.692         4.5924         3.3350
138 10.792         4.6165         3.3489
139 10.892         4.6401         3.3624
140 10.992         4.6631         3.3758
141 11.092         4.6856         3.3891
142 11.192         4.7076         3.4013
143 11.292         4.7291         3.4136
144 11.392         4.7502         3.4268
145 11.492         4.7710         3.4411
146 11.592         4.7916         3.4562
147 11.692         4.8118         3.4705
148 11.792         4.8318         3.4842
149 11.892         4.8515         3.4974
150 11.992         4.8708         3.5101
151 12.092         4.8898         3.5215
152 12.192         4.9085         3.5338
153 12.292         4.9271         3.5482
154 12.392         4.9455         3.5641
155 12.492         4.9638         3.5781
156 12.592         4.9819         3.5935
157 12.692         5.0000         3.6110


#AGE= 8.000 BINS=155 Power-law IMF: x=-2.350
# N  sdss_r       Log10(N)       Log10(dN)
  1 -2.852        -0.8536        -0.8536
  2 -2.752        -0.5489        -0.8462
  3 -2.652        -0.3605        -0.8140
  4 -2.552        -0.2223        -0.7868
  5 -2.452        -0.1128        -0.7646
  6 -2.352        -0.0197        -0.7345
  7 -2.252         0.0632        -0.6968
  8 -2.152         0.1371        -0.6682
  9 -2.052         0.2027        -0.6506
 10 -1.952         0.2615        -0.6361
 11 -1.852         0.3178        -0.5976
 12 -1.752         0.3717        -0.5612
 13 -1.652         0.4230        -0.5296
 14 -1.552         0.4712        -0.5074
 15 -1.452         0.5174        -0.4784
 16 -1.352         0.5624        -0.4449
 17 -1.252         0.6056        -0.4186
 18 -1.152         0.6467        -0.3968
 19 -1.052         0.6852        -0.3869
 20 -0.952         0.7248        -0.3343
 21 -0.852         0.7643        -0.2973
 22 -0.752         0.8029        -0.2668
 23 -0.652         0.8421        -0.2222
 24 -0.552         0.9074         0.0527
 25 -0.452         0.9510        -0.0695
 26 -0.352         0.9870        -0.1122
 27 -0.252         1.0211        -0.1003
 28 -0.152         1.0513        -0.1223
 29 -0.052         1.1498         0.4574
 30  0.048         1.1829         0.0478
 31  0.148         1.2133         0.0433
 32  0.248         1.2423         0.0532
 33  0.348         1.2682         0.0304
 34  0.448         1.2960         0.0891
 35  0.548         1.3251         0.1362
 36  0.648         1.3551         0.1799
 37  0.748         1.3854         0.2137
 38  0.848         1.4159         0.2469
 39  0.948         1.4468         0.2842
 40  1.048         1.4775         0.3117
 41  1.148         1.5086         0.3472
 42  1.248         1.5397         0.3797
 43  1.348         1.5709         0.4110
 44  1.448         1.6023         0.4465
 45  1.548         1.6341         0.4830
 46  1.648         1.6665         0.5231
 47  1.748         1.6997         0.5663
 48  1.848         1.7341         0.6162
 49  1.948         1.7693         0.6600
 50  2.048         1.8061         0.7161
 51  2.148         1.8433         0.7576
 52  2.248         1.8788         0.7741
 53  2.348         1.9131         0.7930
 54  2.448         1.9462         0.8123
 55  2.548         1.9792         0.8436
 56  2.648         2.0146         0.9074
 57  2.748         2.0615         1.0717
 58  2.848         2.1712         1.5199
 59  2.948         2.2474         1.4544
 60  3.048         2.3144         1.4693
 61  3.148         2.3801         1.5275
 62  3.248         2.4459         1.5936
 63  3.348         2.5103         1.6496
 64  3.448         2.5725         1.6979
 65  3.548         2.6324         1.7426
 66  3.648         2.6897         1.7816
 67  3.748         2.7455         1.8269
 68  3.848         2.8004         1.8753
 69  3.948         2.8524         1.9041
 70  4.048         2.9019         1.9345
 71  4.148         2.9493         1.9640
 72  4.248         2.9951         1.9954
 73  4.348         3.0387         2.0190
 74  4.448         3.0805         2.0434
 75  4.548         3.1206         2.0653
 76  4.648         3.1592         2.0895
 77  4.748         3.1968         2.1151
 78  4.848         3.2328         2.1339
 79  4.948         3.2672         2.1488
 80  5.048         3.3003         2.1657
 81  5.148         3.3329         2.1915
 82  5.248         3.3646         2.2129
 83  5.348         3.3950         2.2251
 84  5.448         3.4243         2.2392
 85  5.548         3.4528         2.2545
 86  5.648         3.4804         2.2706
 87  5.748         3.5072         2.2848
 88  5.848         3.5332         2.2959
 89  5.948         3.5581         2.3045
 90  6.048         3.5821         2.3138
 91  6.148         3.6054         2.3221
 92  6.248         3.6278         2.3288
 93  6.348         3.6494         2.3358
 94  6.448         3.6701         2.3391
 95  6.548         3.6901         2.3427
 96  6.648         3.7098         2.3563
 97  6.748         3.7288         2.3599
 98  6.848         3.7471         2.3627
 99  6.948         3.7648         2.3677
100  7.048         3.7823         2.3769
101  7.148         3.7993         2.3845
102  7.248         3.8160         2.3927
103  7.348         3.8324         2.4008
104  7.448         3.8485         2.4091
105  7.548         3.8644         2.4207
106  7.648         3.8804         2.4380
107  7.748         3.8968         2.4662
108  7.848         3.9135         2.4909
109  7.948         3.9305         2.5137
110  8.048         3.9476         2.5348
111  8.148         3.9650         2.5593
112  8.248         3.9828         2.5871
113  8.348         4.0018         2.6316
114  8.448         4.0191         2.6120
115  8.548         4.0380         2.6667
116  8.648         4.0588         2.7289
117  8.748         4.0804         2.7669
118  8.848         4.1036         2.8187
119  8.948         4.1279         2.8649
120  9.048         4.1526         2.8944
121  9.148         4.1762         2.9004
122  9.248         4.2007         2.9394
123  9.348         4.2297         3.0401
124  9.448         4.2636         3.1395
125  9.548         4.2960         3.1521
126  9.648         4.3272         3.1676
127  9.748         4.3574         3.1856
128  9.848         4.3878         3.2169
129  9.948         4.4179         3.2444
130 10.048         4.4475         3.2662
131 10.148         4.4762         3.2815
132 10.248         4.5039         3.2945
133 10.348         4.5307         3.3078
134 10.448         4.5570         3.3268
135 10.548         4.5827         3.3415
136 10.648         4.6076         3.3543
137 10.748         4.6320         3.3684
138 10.848         4.6558         3.3826
139 10.948         4.6790         3.3957
140 11.048         4.7016         3.4072
141 11.148         4.7237         3.4184
142 11.248         4.7453         3.4315
143 11.348         4.7666         3.4467
144 11.448         4.7876         3.4625
145 11.548         4.8084         3.4771
146 11.648         4.8288         3.4911
147 11.748         4.8489         3.5044
148 11.848         4.8687         3.5170
149 11.948         4.8881         3.5291
150 12.048         4.9073         3.5420
151 12.148         4.9262         3.5560
152 12.248         4.9449         3.5704
153 12.348         4.9634         3.5829
154 12.448         4.9817         3.5977
155 12.548         5.0000         3.6155


#AGE= 9.000 BINS=157 Power-law IMF: x=-2.350
# N  sdss_r       Log10(N)       Log10(dN)
  1 -2.868        -0.8534        -0.8534
  2 -2.768        -0.5775        -0.9051
  3 -2.668        -0.4060        -0.8924
  4 -2.568        -0.2683        -0.8342
  5 -2.468        -0.1591        -0.8121
  6 -2.368        -0.0702        -0.8026
  7 -2.268         0.0110        -0.7576
  8 -2.168         0.0827        -0.7349
  9 -2.068         0.1496        -0.6958
 10 -1.968         0.2078        -0.6934
 11 -1.868         0.2647        -0.6465
 12 -1.768         0.3180        -0.6196
 13 -1.668         0.3677        -0.5984
 14 -1.568         0.4155        -0.5661
 15 -1.468         0.4618        -0.5337
 16 -1.368         0.5072        -0.4956
 17 -1.268         0.5494        -0.4840
 18 -1.168         0.5921        -0.4369
 19 -1.068         0.6311        -0.4350
 20 -0.968         0.6692        -0.4068
 21 -0.868         0.7082        -0.3570
 22 -0.768         0.7466        -0.3262
 23 -0.668         0.7845        -0.2935
 24 -0.568         0.8235        -0.2430
 25 -0.468         0.8895         0.0387
 26 -0.368         0.9302        -0.1175
 27 -0.268         0.9656        -0.1416
 28 -0.168         0.9991        -0.1295
 29 -0.068         1.0377        -0.0335
 30  0.032         1.1270         0.3965
 31  0.132         1.1594         0.0159
 32  0.232         1.1897         0.0188
 33  0.332         1.2178         0.0135
 34  0.432         1.2447         0.0231
 35  0.532         1.2724         0.0635
 36  0.632         1.3016         0.1149
 37  0.732         1.3316         0.1558
 38  0.832         1.3619         0.1911
 39  0.932         1.3926         0.2268
 40  1.032         1.4233         0.2565
 41  1.132         1.4544         0.2943
 42  1.232         1.4854         0.3238
 43  1.332         1.5166         0.3572
 44  1.432         1.5479         0.3901
 45  1.532         1.5794         0.4250
 46  1.632         1.6112         0.4592
 47  1.732         1.6434         0.4978
 48  1.832         1.6764         0.5411
 49  1.932         1.7107         0.5914
 50  2.032         1.7462         0.6404
 51  2.132         1.7834         0.6981
 52  2.232         1.8207         0.7357
 53  2.332         1.8562         0.7512
 54  2.432         1.8903         0.7678
 55  2.532         1.9229         0.7830
 56  2.632         1.9549         0.8064
 57  2.732         1.9878         0.8506
 58  2.832         2.0268         0.9611
 59  2.932         2.0995         1.2872
 60  3.032         2.1900         1.4642
 61  3.132         2.2577         1.4172
 62  3.232         2.3226         1.4650
 63  3.332         2.3869         1.5253
 64  3.432         2.4504         1.5842
 65  3.532         2.5128         1.6392
 66  3.632         2.5734         1.6881
 67  3.732         2.6321         1.7341
 68  3.832         2.6894         1.7814
 69  3.932         2.7459         1.8326
 70  4.032         2.8001         1.8694
 71  4.132         2.8513         1.8973
 72  4.232         2.9001         1.9264
 73  4.332         2.9469         1.9566
 74  4.432         2.9917         1.9833
 75  4.532         3.0345         2.0068
 76  4.632         3.0757         2.0319
 77  4.732         3.1155         2.0583
 78  4.832         3.1538         2.0799
 79  4.932         3.1903         2.0968
 80  5.032         3.2255         2.1167
 81  5.132         3.2602         2.1457
 82  5.232         3.2938         2.1657
 83  5.332         3.3259         2.1787
 84  5.432         3.3567         2.1913
 85  5.532         3.3866         2.2096
 86  5.632         3.4157         2.2271
 87  5.732         3.4438         2.2418
 88  5.832         3.4710         2.2538
 89  5.932         3.4971         2.2637
 90  6.032         3.5223         2.2725
 91  6.132         3.5466         2.2817
 92  6.232         3.5699         2.2889
 93  6.332         3.5925         2.2970
 94  6.432         3.6141         2.3004
 95  6.532         3.6349         2.3040
 96  6.632         3.6553         2.3172
 97  6.732         3.6750         2.3229
 98  6.832         3.6940         2.3251
 99  6.932         3.7124         2.3307
100  7.032         3.7304         2.3394
101  7.132         3.7481         2.3488
102  7.232         3.7654         2.3562
103  7.332         3.7823         2.3652
104  7.432         3.7989         2.3721
105  7.532         3.8153         2.3833
106  7.632         3.8317         2.4025
107  7.732         3.8485         2.4275
108  7.832         3.8657         2.4553
109  7.932         3.8831         2.4753
110  8.032         3.9005         2.4969
111  8.132         3.9184         2.5231
112  8.232         3.9367         2.5519
113  8.332         3.9555         2.5831
114  8.432         3.9749         2.6163
115  8.532         3.9949         2.6475
116  8.632         4.0138         2.6436
117  8.732         4.0357         2.7278
118  8.832         4.0591         2.7776
119  8.932         4.0835         2.8205
120  9.032         4.1087         2.8607
121  9.132         4.1340         2.8859
122  9.232         4.1589         2.9052
123  9.332         4.1869         2.9826
124  9.432         4.2202         3.0883
125  9.532         4.2530         3.1147
126  9.632         4.2855         3.1430
127  9.732         4.3165         3.1557
128  9.832         4.3474         3.1841
129  9.932         4.3781         3.2117
130 10.032         4.4081         3.2329
131 10.132         4.4372         3.2491
132 10.232         4.4653         3.2614
133 10.332         4.4924         3.2749
134 10.432         4.5191         3.2934
135 10.532         4.5449         3.3069
136 10.632         4.5700         3.3195
137 10.732         4.5945         3.3332
138 10.832         4.6184         3.3464
139 10.932         4.6416         3.3583
140 11.032         4.6642         3.3695
141 11.132         4.6863         3.3826
142 11.232         4.7081         3.3973
143 11.332         4.7295         3.4107
144 11.432         4.7505         3.4244
145 11.532         4.7711         3.4387
146 11.632         4.7916         3.4537
147 11.732         4.8117         3.4684
148 11.832         4.8316         3.4825
149 11.932         4.8512         3.4961
150 12.032         4.8705         3.5090
151 12.132         4.8895         3.5208
152 12.232         4.9083         3.5338
153 12.332         4.9268         3.5487
154 12.432         4.9453         3.5649
155 12.532         4.9636         3.5794
156 12.632         4.9818         3.5952
157 12.732         5.0000         3.6127


#AGE=10.000 BINS=155 Power-law IMF: x=-2.350
# N  sdss_r       Log10(N)       Log10(dN)
  1 -2.859        -0.9286        -0.9286
  2 -2.759        -0.6066        -0.8875
  3 -2.659        -0.4258        -0.8937
  4 -2.559        -0.2866        -0.8485
  5 -2.459        -0.1726        -0.8093
  6 -2.359        -0.0784        -0.7881
  7 -2.259         0.0045        -0.7555
  8 -2.159         0.0805        -0.7138
  9 -2.059         0.1457        -0.7102
 10 -1.959         0.2062        -0.6798
 11 -1.859         0.2619        -0.6575
 12 -1.759         0.3159        -0.6160
 13 -1.659         0.3667        -0.5908
 14 -1.559         0.4154        -0.5592
 15 -1.459         0.4623        -0.5270
 16 -1.359         0.5064        -0.5094
 17 -1.259         0.5511        -0.4585
 18 -1.159         0.5932        -0.4414
 19 -1.059         0.6335        -0.4187
 20 -0.959         0.6718        -0.4013
 21 -0.859         0.7103        -0.3617
 22 -0.759         0.7492        -0.3173
 23 -0.659         0.7874        -0.2881
 24 -0.559         0.8257        -0.2470
 25 -0.459         0.8806        -0.0448
 26 -0.359         0.9322        -0.0190
 27 -0.259         0.9686        -0.1261
 28 -0.159         1.0029        -0.1165
 29 -0.059         1.0322        -0.1532
 30  0.041         1.1275         0.4218
 31  0.141         1.1626         0.0530
 32  0.241         1.1941         0.0389
 33  0.341         1.2241         0.0494
 34  0.441         1.2515         0.0379
 35  0.541         1.2784         0.0570
 36  0.641         1.3076         0.1200
 37  0.741         1.3375         0.1610
 38  0.841         1.3678         0.1955
 39  0.941         1.3986         0.2352
 40  1.041         1.4295         0.2657
 41  1.141         1.4608         0.3024
 42  1.241         1.4919         0.3315
 43  1.341         1.5233         0.3677
 44  1.441         1.5548         0.3992
 45  1.541         1.5866         0.4353
 46  1.641         1.6185         0.4692
 47  1.741         1.6507         0.5039
 48  1.841         1.6835         0.5451
 49  1.941         1.7171         0.5900
 50  2.041         1.7523         0.6438
 51  2.141         1.7887         0.6930
 52  2.241         1.8267         0.7503
 53  2.341         1.8637         0.7763
 54  2.441         1.8990         0.7903
 55  2.541         1.9327         0.8060
 56  2.641         1.9650         0.8210
 57  2.741         1.9970         0.8480
 58  2.841         2.0300         0.8945
 59  2.941         2.0694         1.0080
 60  3.041         2.1367         1.2937
 61  3.141         2.2206         1.4652
 62  3.241         2.2904         1.4618
 63  3.341         2.3559         1.5020
 64  3.441         2.4210         1.5650
 65  3.541         2.4854         1.6249
 66  3.641         2.5486         1.6797
 67  3.741         2.6100         1.7303
 68  3.841         2.6695         1.7765
 69  3.941         2.7272         1.8225
 70  4.041         2.7841         1.8731
 71  4.141         2.8378         1.9035
 72  4.241         2.8888         1.9333
 73  4.341         2.9376         1.9637
 74  4.441         2.9844         1.9940
 75  4.541         3.0295         2.0240
 76  4.641         3.0730         2.0515
 77  4.741         3.1147         2.0770
 78  4.841         3.1545         2.0966
 79  4.941         3.1928         2.1188
 80  5.041         3.2300         2.1447
 81  5.141         3.2664         2.1710
 82  5.241         3.3013         2.1892
 83  5.341         3.3346         2.2026
 84  5.441         3.3667         2.2193
 85  5.541         3.3978         2.2386
 86  5.641         3.4280         2.2550
 87  5.741         3.4573         2.2707
 88  5.841         3.4854         2.2825
 89  5.941         3.5123         2.2918
 90  6.041         3.5383         2.3027
 91  6.141         3.5633         2.3114
 92  6.241         3.5874         2.3185
 93  6.341         3.6106         2.3275
 94  6.441         3.6328         2.3301
 95  6.541         3.6542         2.3355
 96  6.641         3.6752         2.3505
 97  6.741         3.6954         2.3530
 98  6.841         3.7149         2.3569
 99  6.941         3.7339         2.3640
100  7.041         3.7524         2.3729
101  7.141         3.7705         2.3825
102  7.241         3.7883         2.3907
103  7.341         3.8056         2.3978
104  7.441         3.8226         2.4062
105  7.541         3.8394         2.4190
106  7.641         3.8563         2.4381
107  7.741         3.8736         2.4658
108  7.841         3.8912         2.4902
109  7.941         3.9090         2.5128
110  8.041         3.9269         2.5338
111  8.141         3.9451         2.5581
112  8.241         3.9640         2.5913
113  8.341         3.9834         2.6248
114  8.441         4.0032         2.6530
115  8.541         4.0237         2.6878
116  8.641         4.0434         2.6901
117  8.741         4.0656         2.7632
118  8.841         4.0895         2.8176
119  8.941         4.1140         2.8526
120  9.041         4.1394         2.8936
121  9.141         4.1655         2.9320
122  9.241         4.1917         2.9588
123  9.341         4.2206         3.0302
124  9.441         4.2536         3.1175
125  9.541         4.2867         3.1526
126  9.641         4.3200         3.1876
127  9.741         4.3517         3.2001
128  9.841         4.3830         3.2253
129  9.941         4.4141         3.2536
130 10.041         4.4444         3.2727
131 10.141         4.4737         3.2885
132 10.241         4.5018         3.2980
133 10.341         4.5292         3.3156
134 10.441         4.5560         3.3325
135 10.541         4.5818         3.3440
136 10.641         4.6070         3.3568
137 10.741         4.6314         3.3697
138 10.841         4.6552         3.3815
139 10.941         4.6783         3.3926
140 11.041         4.7008         3.4055
141 11.141         4.7229         3.4180
142 11.241         4.7445         3.4304
143 11.341         4.7658         3.4450
144 11.441         4.7868         3.4612
145 11.541         4.8076         3.4766
146 11.641         4.8280         3.4911
147 11.741         4.8482         3.5048
148 11.841         4.8680         3.5178
149 11.941         4.8875         3.5305
150 12.041         4.9068         3.5439
151 12.141         4.9258         3.5581
152 12.241         4.9446         3.5721
153 12.341         4.9632         3.5847
154 12.441         4.9816         3.5997
155 12.541         5.0000         3.6176


#AGE=11.000 BINS=156 Power-law IMF: x=-2.350
# N  sdss_r       Log10(N)       Log10(dN)
  1 -2.808        -0.9820        -0.9820
  2 -2.708        -0.6502        -0.9225
  3 -2.608        -0.4581        -0.9050
  4 -2.508        -0.3223        -0.8934
  5 -2.408        -0.2101        -0.8527
  6 -2.308        -0.1158        -0.8252
  7 -2.208        -0.0307        -0.7806
  8 -2.108         0.0428        -0.7645
  9 -2.008         0.1065        -0.7590
 10 -1.908         0.1685        -0.7077
 11 -1.808         0.2251        -0.6879
 12 -1.708         0.2801        -0.6439
 13 -1.608         0.3314        -0.6219
 14 -1.508         0.3802        -0.5938
 15 -1.408         0.4270        -0.5634
 16 -1.308         0.4715        -0.5400
 17 -1.208         0.5156        -0.4995
 18 -1.108         0.5583        -0.4702
 19 -1.008         0.5984        -0.4560
 20 -0.908         0.6369        -0.4351
 21 -0.808         0.6758        -0.3908
 22 -0.708         0.7150        -0.3498
 23 -0.608         0.7529        -0.3242
 24 -0.508         0.7894        -0.3042
 25 -0.408         0.8486        -0.0459
 26 -0.308         0.8975        -0.0758
 27 -0.208         0.9337        -0.1625
 28 -0.108         0.9686        -0.1436
 29 -0.008         1.0029        -0.1167
 30  0.092         1.0888         0.3427
 31  0.192         1.1272         0.0542
 32  0.292         1.1589         0.0066
 33  0.392         1.1895         0.0226
 34  0.492         1.2170         0.0040
 35  0.592         1.2448         0.0384
 36  0.692         1.2741         0.0882
 37  0.792         1.3043         0.1322
 38  0.892         1.3351         0.1697
 39  0.992         1.3662         0.2055
 40  1.092         1.3975         0.2400
 41  1.192         1.4288         0.2716
 42  1.292         1.4606         0.3088
 43  1.392         1.4923         0.3394
 44  1.492         1.5239         0.3712
 45  1.592         1.5561         0.4099
 46  1.692         1.5882         0.4409
 47  1.792         1.6207         0.4785
 48  1.892         1.6536         0.5168
 49  1.992         1.6874         0.5615
 50  2.092         1.7228         0.6165
 51  2.192         1.7593         0.6656
 52  2.292         1.7974         0.7219
 53  2.392         1.8351         0.7550
 54  2.492         1.8709         0.7691
 55  2.592         1.9050         0.7829
 56  2.692         1.9377         0.7979
 57  2.792         1.9696         0.8196
 58  2.892         2.0019         0.8585
 59  2.992         2.0380         0.9392
 60  3.092         2.0878         1.1226
 61  3.192         2.1688         1.3995
 62  3.292         2.2395         1.4163
 63  3.392         2.3061         1.4591
 64  3.492         2.3713         1.5152
 65  3.592         2.4353         1.5723
 66  3.692         2.4984         1.6298
 67  3.792         2.5600         1.6809
 68  3.892         2.6196         1.7277
 69  3.992         2.6770         1.7698
 70  4.092         2.7336         1.8210
 71  4.192         2.7884         1.8618
 72  4.292         2.8402         1.8912
 73  4.392         2.8900         1.9247
 74  4.492         2.9380         1.9583
 75  4.592         2.9845         1.9906
 76  4.692         3.0292         2.0198
 77  4.792         3.0717         2.0415
 78  4.892         3.1125         2.0649
 79  4.992         3.1521         2.0919
 80  5.092         3.1906         2.1199
 81  5.192         3.2277         2.1404
 82  5.292         3.2630         2.1561
 83  5.392         3.2970         2.1736
 84  5.492         3.3300         2.1943
 85  5.592         3.3619         2.2126
 86  5.692         3.3927         2.2267
 87  5.792         3.4222         2.2407
 88  5.892         3.4507         2.2525
 89  5.992         3.4780         2.2639
 90  6.092         3.5044         2.2739
 91  6.192         3.5296         2.2814
 92  6.292         3.5539         2.2906
 93  6.392         3.5773         2.2967
 94  6.492         3.5997         2.2999
 95  6.592         3.6215         2.3118
 96  6.692         3.6427         2.3214
 97  6.792         3.6631         2.3236
 98  6.892         3.6828         2.3296
 99  6.992         3.7020         2.3386
100  7.092         3.7208         2.3481
101  7.192         3.7392         2.3573
102  7.292         3.7571         2.3639
103  7.392         3.7747         2.3723
104  7.492         3.7920         2.3837
105  7.592         3.8093         2.4000
106  7.692         3.8268         2.4232
107  7.792         3.8447         2.4518
108  7.892         3.8628         2.4728
109  7.992         3.8810         2.4948
110  8.092         3.8995         2.5203
111  8.192         3.9183         2.5455
112  8.292         3.9379         2.5824
113  8.392         3.9580         2.6135
114  8.492         3.9786         2.6434
115  8.592         3.9995         2.6719
116  8.692         4.0208         2.7019
117  8.792         4.0442         2.7627
118  8.892         4.0684         2.8036
119  8.992         4.0935         2.8422
120  9.092         4.1195         2.8841
121  9.192         4.1463         2.9234
122  9.292         4.1741         2.9669
123  9.392         4.2058         3.0531
124  9.492         4.2387         3.1017
125  9.592         4.2729         3.1526
126  9.692         4.3061         3.1719
127  9.792         4.3380         3.1891
128  9.892         4.3697         3.2175
129  9.992         4.4008         3.2391
130 10.092         4.4308         3.2563
131 10.192         4.4597         3.2683
132 10.292         4.4877         3.2829
133 10.392         4.5149         3.2978
134 10.492         4.5414         3.3140
135 10.592         4.5671         3.3260
136 10.692         4.5919         3.3367
137 10.792         4.6160         3.3482
138 10.892         4.6394         3.3595
139 10.992         4.6622         3.3708
140 11.092         4.6844         3.3817
141 11.192         4.7062         3.3958
142 11.292         4.7276         3.4108
143 11.392         4.7487         3.4248
144 11.492         4.7695         3.4395
145 11.592         4.7901         3.4548
146 11.692         4.8104         3.4702
147 11.792         4.8305         3.4848
148 11.892         4.8502         3.4985
149 11.992         4.8697         3.5113
150 12.092         4.8888         3.5233
151 12.192         4.9077         3.5366
152 12.292         4.9264         3.5516
153 12.392         4.9450         3.5674
154 12.492         4.9634         3.5816
155 12.592         4.9817         3.5973
156 12.692         5.0000         3.6149


#AGE=12.000 BINS=154 Power-law IMF: x=-2.350
# N  sdss_r       Log10(N)       Log10(dN)
  1 -2.832        -0.9420        -0.9420
  2 -2.732        -0.6257        -0.9121
  3 -2.632        -0.4430        -0.9072
  4 -2.532        -0.3058        -0.8731
  5 -2.432        -0.2006        -0.8677
  6 -2.332        -0.1003        -0.7859
  7 -2.232        -0.0204        -0.7951
  8 -2.132         0.0521        -0.7613
  9 -2.032         0.1194        -0.7235
 10 -1.932         0.1798        -0.7064
 11 -1.832         0.2399        -0.6492
 12 -1.732         0.2934        -0.6423
 13 -1.632         0.3435        -0.6192
 14 -1.532         0.3918        -0.5860
 15 -1.432         0.4396        -0.5422
 16 -1.332         0.4843        -0.5260
 17 -1.232         0.5274        -0.4970
 18 -1.132         0.5702        -0.4578
 19 -1.032         0.6117        -0.4283
 20 -0.932         0.6505        -0.4172
 21 -0.832         0.6883        -0.3916
 22 -0.732         0.7265        -0.3474
 23 -0.632         0.7652        -0.3043
 24 -0.532         0.8022        -0.2862
 25 -0.432         0.8438        -0.1956
 26 -0.332         0.9032         0.0103
 27 -0.232         0.9442        -0.1017
 28 -0.132         0.9800        -0.1209
 29 -0.032         1.0143        -0.1061
 30  0.068         1.0504        -0.0474
 31  0.168         1.1366         0.3920
 32  0.268         1.1708         0.0504
 33  0.368         1.2027         0.0518
 34  0.468         1.2326         0.0560
 35  0.568         1.2603         0.0520
 36  0.668         1.2883         0.0832
 37  0.768         1.3181         0.1397
 38  0.868         1.3485         0.1788
 39  0.968         1.3796         0.2195
 40  1.068         1.4109         0.2527
 41  1.168         1.4423         0.2860
 42  1.268         1.4742         0.3236
 43  1.368         1.5060         0.3553
 44  1.468         1.5380         0.3887
 45  1.568         1.5700         0.4215
 46  1.668         1.6023         0.4581
 47  1.768         1.6347         0.4921
 48  1.868         1.6675         0.5285
 49  1.968         1.7007         0.5675
 50  2.068         1.7347         0.6112
 51  2.168         1.7704         0.6680
 52  2.268         1.8074         0.7190
 53  2.368         1.8461         0.7772
 54  2.468         1.8837         0.8021
 55  2.568         1.9195         0.8176
 56  2.668         1.9535         0.8305
 57  2.768         1.9859         0.8436
 58  2.868         2.0177         0.8658
 59  2.968         2.0499         0.9035
 60  3.068         2.0853         0.9795
 61  3.168         2.1315         1.1356
 62  3.268         2.2042         1.3923
 63  3.368         2.2733         1.4407
 64  3.468         2.3403         1.4951
 65  3.568         2.4049         1.5455
 66  3.668         2.4688         1.6049
 67  3.768         2.5315         1.6600
 68  3.868         2.5928         1.7125
 69  3.968         2.6524         1.7602
 70  4.068         2.7099         1.8036
 71  4.168         2.7668         1.8557
 72  4.268         2.8220         1.8988
 73  4.368         2.8745         1.9314
 74  4.468         2.9254         1.9686
 75  4.568         2.9745         2.0039
 76  4.668         3.0216         2.0329
 77  4.768         3.0665         2.0593
 78  4.868         3.1097         2.0855
 79  4.968         3.1515         2.1142
 80  5.068         3.1920         2.1422
 81  5.168         3.2309         2.1631
 82  5.268         3.2681         2.1821
 83  5.368         3.3038         2.2012
 84  5.468         3.3384         2.2222
 85  5.568         3.3717         2.2404
 86  5.668         3.4038         2.2567
 87  5.768         3.4346         2.2700
 88  5.868         3.4642         2.2822
 89  5.968         3.4927         2.2969
 90  6.068         3.5201         2.3065
 91  6.168         3.5464         2.3142
 92  6.268         3.5716         2.3237
 93  6.368         3.5960         2.3324
 94  6.468         3.6192         2.3351
 95  6.568         3.6417         2.3463
 96  6.668         3.6637         2.3576
 97  6.768         3.6848         2.3591
 98  6.868         3.7051         2.3661
 99  6.968         3.7250         2.3751
100  7.068         3.7444         2.3843
101  7.168         3.7634         2.3947
102  7.268         3.7818         2.4008
103  7.368         3.7998         2.4081
104  7.468         3.8175         2.4202
105  7.568         3.8352         2.4364
106  7.668         3.8531         2.4587
107  7.768         3.8713         2.4845
108  7.868         3.8898         2.5094
109  7.968         3.9083         2.5291
110  8.068         3.9271         2.5540
111  8.168         3.9463         2.5822
112  8.268         3.9661         2.6143
113  8.368         3.9865         2.6481
114  8.468         4.0073         2.6784
115  8.568         4.0287         2.7096
116  8.668         4.0501         2.7330
117  8.768         4.0734         2.7908
118  8.868         4.0980         2.8389
119  8.968         4.1231         2.8724
120  9.068         4.1490         2.9126
121  9.168         4.1761         2.9566
122  9.268         4.2040         2.9977
123  9.368         4.2353         3.0788
124  9.468         4.2679         3.1259
125  9.568         4.3022         3.1827
126  9.668         4.3364         3.2165
127  9.768         4.3692         3.2311
128  9.868         4.4014         3.2548
129  9.968         4.4330         3.2793
130 10.068         4.4635         3.2953
131 10.168         4.4930         3.3105
132 10.268         4.5214         3.3225
133 10.368         4.5490         3.3381
134 10.468         4.5759         3.3550
135 10.568         4.6018         3.3648
136 10.668         4.6269         3.3760
137 10.768         4.6513         3.3882
138 10.868         4.6749         3.3985
139 10.968         4.6977         3.4075
140 11.068         4.7201         3.4201
141 11.168         4.7419         3.4326
142 11.268         4.7634         3.4459
143 11.368         4.7845         3.4619
144 11.468         4.8055         3.4781
145 11.568         4.8261         3.4932
146 11.668         4.8465         3.5075
147 11.768         4.8665         3.5211
148 11.868         4.8863         3.5347
149 11.968         4.9058         3.5485
150 12.068         4.9251         3.5626
151 12.168         4.9441         3.5760
152 12.268         4.9628         3.5885
153 12.368         4.9814         3.6036
154 12.468         5.0000         3.6216


#AGE=13.000 BINS=155 Power-law IMF: x=-2.350
# N  sdss_r       Log10(N)       Log10(dN)
  1 -2.803        -1.0448        -1.0448
  2 -2.703        -0.6801        -0.9257
  3 -2.603        -0.4976        -0.9621
  4 -2.503        -0.3517        -0.8964
  5 -2.403        -0.2486        -0.9234
  6 -2.303        -0.1487        -0.8360
  7 -2.203        -0.0633        -0.8119
  8 -2.103         0.0076        -0.8142
  9 -2.003         0.0771        -0.7533
 10 -1.903         0.1368        -0.7547
 11 -1.803         0.1957        -0.7010
 12 -1.703         0.2474        -0.7026
 13 -1.603         0.2994        -0.6479
 14 -1.503         0.3485        -0.6221
 15 -1.403         0.3958        -0.5907
 16 -1.303         0.4420        -0.5545
 17 -1.203         0.4857        -0.5327
 18 -1.103         0.5286        -0.4985
 19 -1.003         0.5696        -0.4760
 20 -0.903         0.6092        -0.4498
 21 -0.803         0.6470        -0.4327
 22 -0.703         0.6857        -0.3834
 23 -0.603         0.7241        -0.3488
 24 -0.503         0.7606        -0.3322
 25 -0.403         0.7994        -0.2692
 26 -0.303         0.8586        -0.0363
 27 -0.203         0.9022        -0.1171
 28 -0.103         0.9384        -0.1593
 29 -0.003         0.9735        -0.1359
 30  0.097         1.0056        -0.1412
 31  0.197         1.0939         0.3585
 32  0.297         1.1291         0.0206
 33  0.397         1.1610         0.0105
 34  0.497         1.1914         0.0214
 35  0.597         1.2205         0.0324
 36  0.697         1.2483         0.0402
 37  0.797         1.2778         0.0964
 38  0.897         1.3085         0.1420
 39  0.997         1.3396         0.1798
 40  1.097         1.3712         0.2165
 41  1.197         1.4029         0.2514
 42  1.297         1.4348         0.2844
 43  1.397         1.4669         0.3195
 44  1.497         1.4991         0.3538
 45  1.597         1.5314         0.3865
 46  1.697         1.5639         0.4216
 47  1.797         1.5967         0.4584
 48  1.897         1.6295         0.4919
 49  1.997         1.6628         0.5307
 50  2.097         1.6968         0.5732
 51  2.197         1.7324         0.6282
 52  2.297         1.7694         0.6812
 53  2.397         1.8081         0.7393
 54  2.497         1.8466         0.7752
 55  2.597         1.8831         0.7892
 56  2.697         1.9179         0.8041
 57  2.797         1.9509         0.8152
 58  2.897         1.9829         0.8344
 59  2.997         2.0147         0.8636
 60  3.097         2.0481         0.9176
 61  3.197         2.0873         1.0240
 62  3.297         2.1437         1.2286
 63  3.397         2.2144         1.3914
 64  3.497         2.2796         1.4236
 65  3.597         2.3456         1.4947
 66  3.697         2.4097         1.5472
 67  3.797         2.4733         1.6074
 68  3.897         2.5356         1.6618
 69  3.997         2.5965         1.7129
 70  4.097         2.6552         1.7574
 71  4.197         2.7128         1.8070
 72  4.297         2.7699         1.8600
 73  4.397         2.8244         1.8960
 74  4.497         2.8769         1.9333
 75  4.597         2.9272         1.9667
 76  4.697         2.9752         1.9948
 77  4.797         3.0215         2.0263
 78  4.897         3.0662         2.0569
 79  4.997         3.1095         2.0860
 80  5.097         3.1511         2.1115
 81  5.197         3.1908         2.1322
 82  5.297         3.2289         2.1536
 83  5.397         3.2657         2.1759
 84  5.497         3.3011         2.1947
 85  5.597         3.3352         2.2131
 86  5.697         3.3679         2.2280
 87  5.797         3.3993         2.2432
 88  5.897         3.4294         2.2552
 89  5.997         3.4584         2.2682
 90  6.097         3.4863         2.2798
 91  6.197         3.5129         2.2874
 92  6.297         3.5386         2.2980
 93  6.397         3.5632         2.3043
 94  6.497         3.5867         2.3090
 95  6.597         3.6098         2.3230
 96  6.697         3.6321         2.3309
 97  6.797         3.6534         2.3349
 98  6.897         3.6741         2.3411
 99  6.997         3.6942         2.3508
100  7.097         3.7140         2.3623
101  7.197         3.7332         2.3696
102  7.297         3.7519         2.3766
103  7.397         3.7702         2.3859
104  7.497         3.7884         2.3998
105  7.597         3.8065         2.4181
106  7.697         3.8248         2.4415
107  7.797         3.8435         2.4682
108  7.897         3.8624         2.4901
109  7.997         3.8814         2.5126
110  8.097         3.9005         2.5349
111  8.197         3.9202         2.5683
112  8.297         3.9406         2.6021
113  8.397         3.9615         2.6334
114  8.497         3.9830         2.6654
115  8.597         4.0048         2.6950
116  8.697         4.0269         2.7238
117  8.797         4.0512         2.7863
118  8.897         4.0763         2.8265
119  8.997         4.1019         2.8586
120  9.097         4.1283         2.8998
121  9.197         4.1558         2.9436
122  9.297         4.1850         2.9980
123  9.397         4.2172         3.0705
124  9.497         4.2499         3.1111
125  9.597         4.2854         3.1799
126  9.697         4.3197         3.2003
127  9.797         4.3527         3.2166
128  9.897         4.3852         3.2437
129  9.997         4.4168         3.2630
130 10.097         4.4474         3.2799
131 10.197         4.4767         3.2910
132 10.297         4.5051         3.3067
133 10.397         4.5328         3.3239
134 10.497         4.5595         3.3350
135 10.597         4.5853         3.3462
136 10.697         4.6103         3.3573
137 10.797         4.6344         3.3677
138 10.897         4.6578         3.3779
139 10.997         4.6806         3.3882
140 11.097         4.7027         3.3982
141 11.197         4.7244         3.4126
142 11.297         4.7457         3.4270
143 11.397         4.7668         3.4414
144 11.497         4.7876         3.4571
145 11.597         4.8081         3.4733
146 11.697         4.8285         3.4885
147 11.797         4.8485         3.5026
148 11.897         4.8682         3.5155
149 11.997         4.8876         3.5281
150 12.097         4.9068         3.5417
151 12.197         4.9257         3.5566
152 12.297         4.9445         3.5715
153 12.397         4.9631         3.5852
154 12.497         4.9816         3.6007
155 12.597         5.0000         3.6184
