#NUMBER OF AGES=15
#----------------------------------------------------       
#MIX-LEN  Y      Z          Zeff        [Fe/H] [a/Fe]       
# 1.9380  0.2457 4.2491E-04 4.2491E-04  -1.60   0.00        
#----------------------------------------------------       
#**PHOTOMETRIC SYSTEM**: SDSS (AB)                          
#----------------------------------------------------       
#AGE= 0.010 BINS=127 Power-law IMF: x=-2.350
# N  sdss_r       Log10(N)       Log10(dN)
  1 -1.797            NaN         0.0000
  2 -1.697            NaN         0.0000
  3 -1.597            NaN         0.0000
  4 -1.497            NaN         0.0000
  5 -1.397            NaN         0.0000
  6 -1.297            NaN         0.0000
  7 -1.197            NaN         0.0000
  8 -1.097            NaN         0.2670
  9 -0.997            NaN         1.4996
 10 -0.897            NaN         1.5632
 11 -0.797            NaN         1.5563
 12 -0.697            NaN         1.5612
 13 -0.597         1.3054         1.5431
 14 -0.497         1.7239         1.5152
 15 -0.397         1.9138         1.4631
 16 -0.297         2.0525         1.4893
 17 -0.197         2.1664         1.5295
 18 -0.097         2.2609         1.5518
 19  0.003         2.3423         1.5750
 20  0.103         2.4165         1.6126
 21  0.203         2.4822         1.6294
 22  0.303         2.5417         1.6491
 23  0.403         2.6077         1.7569
 24  0.503         2.6745         1.8288
 25  0.603         2.7446         1.9174
 26  0.703         2.8114         1.9658
 27  0.803         2.8751         2.0102
 28  0.903         2.9406         2.0861
 29  1.003         3.0044         2.1405
 30  1.103         3.0495         2.0427
 31  1.203         3.0908         2.0487
 32  1.303         3.1273         2.0339
 33  1.403         3.1607         2.0296
 34  1.503         3.1916         2.0286
 35  1.603         3.2208         2.0340
 36  1.703         3.2492         2.0515
 37  1.803         3.2780         2.0854
 38  1.903         3.3820         2.7103
 39  2.003         3.4867         2.8174
 40  2.103         3.5286         2.4923
 41  2.203         3.5526         2.2841
 42  2.303         3.5715         2.2008
 43  2.403         3.5885         2.1705
 44  2.503         3.6051         2.1803
 45  2.603         3.6213         2.1848
 46  2.703         3.6372         2.1930
 47  2.803         3.6531         2.2079
 48  2.903         3.6688         2.2202
 49  3.003         3.6846         2.2361
 50  3.103         3.7005         2.2572
 51  3.203         3.7166         2.2785
 52  3.303         3.7328         2.2947
 53  3.403         3.7445         2.1694
 54  3.503         3.7560         2.1747
 55  3.603         3.7676         2.1898
 56  3.703         3.7794         2.2055
 57  3.803         3.7913         2.2217
 58  3.903         3.8032         2.2384
 59  4.003         3.8154         2.2556
 60  4.103         3.8277         2.2734
 61  4.203         3.8401         2.2917
 62  4.303         3.8528         2.3105
 63  4.403         3.8656         2.3298
 64  4.503         3.8787         2.3497
 65  4.603         3.8919         2.3701
 66  4.703         3.9054         2.3909
 67  4.803         3.9191         2.4124
 68  4.903         3.9331         2.4330
 69  5.003         3.9472         2.4510
 70  5.103         3.9613         2.4662
 71  5.203         3.9754         2.4787
 72  5.303         3.9894         2.4907
 73  5.403         4.0036         2.5129
 74  5.503         4.0176         2.5191
 75  5.603         4.0308         2.5052
 76  5.703         4.0427         2.4773
 77  5.803         4.0539         2.4583
 78  5.903         4.0647         2.4528
 79  6.003         4.0753         2.4614
 80  6.103         4.0863         2.4821
 81  6.203         4.0973         2.4949
 82  6.303         4.1082         2.5045
 83  6.403         4.1192         2.5168
 84  6.503         4.1303         2.5317
 85  6.603         4.1391         2.4394
 86  6.703         4.1457         2.3235
 87  6.803         4.1523         2.3327
 88  6.903         4.1592         2.3564
 89  7.003         4.1650         2.2929
 90  7.103         4.1677         1.9532
 91  7.203         4.1739         2.3288
 92  7.303         4.1820         2.4467
 93  7.403         4.1796         2.4467
 94  7.503         4.1847         2.2512
 95  7.603         4.1969         2.6408
 96  7.703         4.2274         3.0578
 97  7.803         4.2972         3.4693
 98  7.903         4.3583         3.4761
 99  8.003         4.4077         3.4391
100  8.103         4.4471         3.3847
101  8.203         4.4802         3.3458
102  8.303         4.5090         3.3176
103  8.403         4.5350         3.2982
104  8.503         4.5588         3.2868
105  8.603         4.5815         3.2884
106  8.703         4.6040         3.3072
107  8.803         4.6270         3.3396
108  8.903         4.6504         3.3697
109  9.003         4.6724         3.3654
110  9.103         4.6925         3.3487
111  9.203         4.7111         3.3324
112  9.303         4.7286         3.3259
113  9.403         4.7476         3.3797
114  9.503         4.7666         3.3973
115  9.603         4.7856         3.4168
116  9.703         4.8046         3.4365
117  9.803         4.8235         3.4527
118  9.903         4.8422         3.4678
119 10.003         4.8608         3.4819
120 10.103         4.8791         3.4951
121 10.203         4.8972         3.5073
122 10.303         4.9149         3.5184
123 10.403         4.9324         3.5283
124 10.503         4.9495         3.5365
125 10.603         4.9664         3.5473
126 10.703         4.9832         3.5617
127 10.803         5.0000         3.5798


#AGE= 0.100 BINS=125 Power-law IMF: x=-2.350
# N  sdss_r       Log10(N)       Log10(dN)
  1 -1.488            NaN         3.5798
  2 -1.388            NaN         3.5798
  3 -1.288            NaN         3.5798
  4 -1.188            NaN         3.5798
  5 -1.088            NaN         3.5798
  6 -0.988            NaN         3.5798
  7 -0.888            NaN         3.5798
  8 -0.788            NaN         3.5798
  9 -0.688            NaN         0.9737
 10 -0.588            NaN         0.8042
 11 -0.488            NaN         1.5327
 12 -0.388            NaN         1.5305
 13 -0.288            NaN         1.5084
 14 -0.188            NaN         1.4747
 15 -0.088         1.2173         1.5461
 16  0.012         1.7365         1.5800
 17  0.112         1.9730         1.5961
 18  0.212         2.1368         1.6340
 19  0.312         2.2601         1.6531
 20  0.412         2.3611         1.6781
 21  0.512         2.4559         1.7486
 22  0.612         2.5571         1.8749
 23  0.712         2.6508         1.9386
 24  0.812         2.7326         1.9674
 25  0.912         2.8094         2.0187
 26  1.012         2.8845         2.0858
 27  1.112         2.9606         2.1663
 28  1.212         3.0123         2.0628
 29  1.312         3.0590         2.0677
 30  1.412         3.1005         2.0604
 31  1.512         3.1377         2.0509
 32  1.612         3.1717         2.0488
 33  1.712         3.2039         2.0588
 34  1.812         3.2351         2.0756
 35  1.912         3.2668         2.1135
 36  2.012         3.3678         2.6848
 37  2.112         3.4737         2.8090
 38  2.212         3.5126         2.4458
 39  2.312         3.5375         2.2832
 40  2.412         3.5579         2.2206
 41  2.512         3.5761         2.1882
 42  2.612         3.5935         2.1864
 43  2.712         3.6105         2.1949
 44  2.812         3.6270         2.2001
 45  2.912         3.6435         2.2141
 46  3.012         3.6598         2.2265
 47  3.112         3.6761         2.2413
 48  3.212         3.6925         2.2615
 49  3.312         3.7091         2.2825
 50  3.412         3.7256         2.2982
 51  3.512         3.7373         2.1624
 52  3.612         3.7491         2.1765
 53  3.712         3.7609         2.1911
 54  3.812         3.7729         2.2063
 55  3.912         3.7849         2.2221
 56  4.012         3.7971         2.2384
 57  4.112         3.8094         2.2553
 58  4.212         3.8218         2.2727
 59  4.312         3.8344         2.2907
 60  4.412         3.8472         2.3092
 61  4.512         3.8602         2.3283
 62  4.612         3.8733         2.3479
 63  4.712         3.8867         2.3681
 64  4.812         3.9003         2.3888
 65  4.912         3.9141         2.4100
 66  5.012         3.9281         2.4312
 67  5.112         3.9423         2.4497
 68  5.212         3.9566         2.4653
 69  5.312         3.9708         2.4778
 70  5.412         3.9848         2.4887
 71  5.512         3.9992         2.5098
 72  5.612         4.0132         2.5166
 73  5.712         4.0264         2.5031
 74  5.812         4.0385         2.4760
 75  5.912         4.0498         2.4581
 76  6.012         4.0607         2.4545
 77  6.112         4.0715         2.4653
 78  6.212         4.0827         2.4861
 79  6.312         4.0938         2.4965
 80  6.412         4.1049         2.5070
 81  6.512         4.1161         2.5203
 82  6.612         4.1273         2.5365
 83  6.712         4.1388         2.5535
 84  6.812         4.1471         2.4252
 85  6.912         4.1537         2.3346
 86  7.012         4.1604         2.3456
 87  7.112         4.1640         2.0805
 88  7.212         4.1680         2.1312
 89  7.312         4.1747         2.3570
 90  7.412         4.1828         2.4519
 91  7.512         4.1760         2.4519
 92  7.612         4.1877         2.6136
 93  7.712         4.2006         2.6663
 94  7.812         4.2164         2.7696
 95  7.912         4.2453         3.0535
 96  8.012         4.3225         3.5343
 97  8.112         4.3847         3.5097
 98  8.212         4.4296         3.4224
 99  8.312         4.4652         3.3606
100  8.412         4.4955         3.3245
101  8.512         4.5227         3.3063
102  8.612         4.5481         3.3022
103  8.712         4.5725         3.3096
104  8.812         4.5968         3.3322
105  8.912         4.6217         3.3679
106  9.012         4.6458         3.3789
107  9.112         4.6676         3.3559
108  9.212         4.6870         3.3281
109  9.312         4.7053         3.3222
110  9.412         4.7251         3.3723
111  9.512         4.7446         3.3870
112  9.612         4.7639         3.4034
113  9.712         4.7832         3.4215
114  9.812         4.8025         3.4410
115  9.912         4.8218         3.4580
116 10.012         4.8408         3.4732
117 10.112         4.8596         3.4873
118 10.212         4.8782         3.5002
119 10.312         4.8965         3.5121
120 10.412         4.9145         3.5227
121 10.512         4.9321         3.5319
122 10.612         4.9494         3.5391
123 10.712         4.9663         3.5490
124 10.812         4.9831         3.5630
125 10.912         5.0000         3.5812


#AGE= 1.000 BINS=131 Power-law IMF: x=-2.350
# N  sdss_r       Log10(N)       Log10(dN)
  1 -0.990         0.1366         0.1366
  2 -0.890         0.4462         0.1535
  3 -0.790         0.6315         0.1722
  4 -0.690         0.7634         0.1818
  5 -0.590         0.8656         0.1868
  6 -0.490         0.9490         0.1916
  7 -0.390         1.0199         0.1974
  8 -0.290         1.0810         0.1991
  9 -0.190         1.1344         0.1980
 10 -0.090         1.1823         0.2010
 11  0.010         1.2246         0.1919
 12  0.110         1.2627         0.1875
 13  0.210         1.2974         0.1830
 14  0.310         1.3291         0.1760
 15  0.410         1.4641         0.8911
 16  0.510         1.5342         0.7072
 17  0.610         1.5939         0.7028
 18  0.710         1.6196         0.3786
 19  0.810         1.6479         0.4485
 20  0.910         1.6801         0.5331
 21  1.010         1.7143         0.5938
 22  1.110         1.7396         0.4917
 23  1.210         1.7489         0.0750
 24  1.310         1.7498        -0.9218
 25  1.410         2.0109         1.6658
 26  1.510         2.1410         1.5542
 27  1.610         2.2494         1.5934
 28  1.710         2.3443         1.6373
 29  1.810         2.4287         1.6760
 30  1.910         2.5054         1.7143
 31  2.010         2.5950         1.8656
 32  2.110         2.6855         1.9599
 33  2.210         2.7590         1.9513
 34  2.310         2.8252         1.9754
 35  2.410         2.8889         2.0237
 36  2.510         2.9546         2.1024
 37  2.610         3.0120         2.1047
 38  2.710         3.0661         2.1350
 39  2.810         3.1180         2.1690
 40  2.910         3.1623         2.1491
 41  3.010         3.2047         2.1729
 42  3.110         3.2444         2.1866
 43  3.210         3.2809         2.1870
 44  3.310         3.3121         2.1534
 45  3.410         3.3404         2.1392
 46  3.510         3.3674         2.1481
 47  3.610         3.3929         2.1497
 48  3.710         3.4171         2.1496
 49  3.810         3.4410         2.1711
 50  3.910         3.4642         2.1801
 51  4.010         3.4865         2.1854
 52  4.110         3.5081         2.1932
 53  4.210         3.5291         2.2035
 54  4.310         3.5497         2.2167
 55  4.410         3.5702         2.2334
 56  4.510         3.5905         2.2492
 57  4.610         3.6103         2.2604
 58  4.710         3.6294         2.2631
 59  4.810         3.6474         2.2557
 60  4.910         3.6648         2.2602
 61  5.010         3.6824         2.2799
 62  5.110         3.7002         2.3034
 63  5.210         3.7181         2.3245
 64  5.310         3.7360         2.3436
 65  5.410         3.7540         2.3609
 66  5.510         3.7718         2.3764
 67  5.610         3.7895         2.3900
 68  5.710         3.8069         2.4018
 69  5.810         3.8240         2.4118
 70  5.910         3.8408         2.4197
 71  6.010         3.8572         2.4257
 72  6.110         3.8731         2.4294
 73  6.210         3.8885         2.4308
 74  6.310         3.9034         2.4305
 75  6.410         3.9180         2.4358
 76  6.510         3.9322         2.4413
 77  6.610         3.9462         2.4456
 78  6.710         3.9598         2.4504
 79  6.810         3.9731         2.4521
 80  6.910         3.9859         2.4506
 81  7.010         3.9986         2.4568
 82  7.110         4.0112         2.4689
 83  7.210         4.0238         2.4797
 84  7.310         4.0364         2.4927
 85  7.410         4.0489         2.4993
 86  7.510         4.0612         2.5075
 87  7.610         4.0735         2.5218
 88  7.710         4.0862         2.5439
 89  7.810         4.0991         2.5651
 90  7.910         4.1121         2.5843
 91  8.010         4.1253         2.6018
 92  8.110         4.1389         2.6257
 93  8.210         4.1528         2.6530
 94  8.310         4.1677         2.6936
 95  8.410         4.1834         2.7335
 96  8.510         4.1996         2.7651
 97  8.610         4.2182         2.8399
 98  8.710         4.2375         2.8747
 99  8.810         4.2556         2.8666
100  8.910         4.2757         2.9327
101  9.010         4.2981         2.9992
102  9.110         4.3220         3.0510
103  9.210         4.3467         3.0878
104  9.310         4.3712         3.1115
105  9.410         4.3935         3.0920
106  9.510         4.4194         3.1817
107  9.610         4.4464         3.2268
108  9.710         4.4740         3.2635
109  9.810         4.5025         3.3058
110  9.910         4.5314         3.3399
111 10.010         4.5599         3.3633
112 10.110         4.5876         3.3775
113 10.210         4.6148         3.3994
114 10.310         4.6418         3.4211
115 10.410         4.6683         3.4400
116 10.510         4.6941         3.4560
117 10.610         4.7192         3.4691
118 10.710         4.7435         3.4795
119 10.810         4.7674         3.4945
120 10.910         4.7907         3.5087
121 11.010         4.8133         3.5196
122 11.110         4.8352         3.5272
123 11.210         4.8563         3.5313
124 11.310         4.8764         3.5328
125 11.410         4.8958         3.5365
126 11.510         4.9146         3.5406
127 11.610         4.9328         3.5449
128 11.710         4.9503         3.5485
129 11.810         4.9671         3.5466
130 11.910         4.9835         3.5527
131 12.010         5.0000         3.5703


#AGE= 2.000 BINS=153 Power-law IMF: x=-2.350
# N  sdss_r       Log10(N)       Log10(dN)
  1 -2.859        -0.4795        -0.4795
  2 -2.759        -0.1748        -0.4722
  3 -2.659         0.0100        -0.4501
  4 -2.559         0.1467        -0.4220
  5 -2.459         0.2540        -0.4056
  6 -2.359         0.3412        -0.3992
  7 -2.259         0.4219        -0.3489
  8 -2.159         0.4941        -0.3202
  9 -2.059         0.5606        -0.2877
 10 -1.959         0.6216        -0.2609
 11 -1.859         0.6778        -0.2381
 12 -1.759         0.7302        -0.2143
 13 -1.659         0.8095         0.0319
 14 -1.559         0.8603        -0.0968
 15 -1.459         0.9040        -0.1150
 16 -1.359         0.9453        -0.0972
 17 -1.259         1.0173         0.2017
 18 -1.159         1.1249         0.4660
 19 -1.059         1.1568         0.0068
 20 -0.959         1.1873         0.0198
 21 -0.859         1.2157         0.0166
 22 -0.759         1.2434         0.0343
 23 -0.659         1.2728         0.0894
 24 -0.559         1.3026         0.1238
 25 -0.459         1.3323         0.1526
 26 -0.359         1.3619         0.1798
 27 -0.259         1.3913         0.2080
 28 -0.159         1.4207         0.2359
 29 -0.059         1.4499         0.2629
 30  0.041         1.4792         0.2939
 31  0.141         1.5086         0.3249
 32  0.241         1.5380         0.3536
 33  0.341         1.5676         0.3873
 34  0.441         1.5975         0.4201
 35  0.541         1.6267         0.4404
 36  0.641         1.6566         0.4789
 37  0.741         1.6861         0.5034
 38  0.841         1.7153         0.5292
 39  0.941         1.7451         0.5666
 40  1.041         1.7739         0.5801
 41  1.141         1.8027         0.6100
 42  1.241         1.8992         1.1989
 43  1.341         2.0075         1.3512
 44  1.441         2.0382         0.8717
 45  1.541         2.0697         0.9155
 46  1.641         2.1068         1.0190
 47  1.741         2.1507         1.1344
 48  1.841         2.2024         1.2521
 49  1.941         2.2613         1.3647
 50  2.041         2.3264         1.4698
 51  2.141         2.3956         1.5642
 52  2.241         2.4658         1.6395
 53  2.341         2.5364         1.7126
 54  2.441         2.6084         1.7923
 55  2.541         2.6789         1.8545
 56  2.641         2.7473         1.9110
 57  2.741         2.8126         1.9573
 58  2.841         2.8733         1.9886
 59  2.941         2.9289         2.0093
 60  3.041         2.9799         2.0239
 61  3.141         3.0246         2.0149
 62  3.241         3.0646         2.0098
 63  3.341         3.1020         2.0179
 64  3.441         3.1376         2.0339
 65  3.541         3.1710         2.0404
 66  3.641         3.2028         2.0511
 67  3.741         3.2340         2.0759
 68  3.841         3.2640         2.0884
 69  3.941         3.2927         2.0971
 70  4.041         3.3200         2.1053
 71  4.141         3.3465         2.1193
 72  4.241         3.3726         2.1390
 73  4.341         3.3985         2.1608
 74  4.441         3.4238         2.1757
 75  4.541         3.4482         2.1858
 76  4.641         3.4714         2.1888
 77  4.741         3.4941         2.1998
 78  4.841         3.5166         2.2208
 79  4.941         3.5393         2.2455
 80  5.041         3.5619         2.2676
 81  5.141         3.5839         2.2773
 82  5.241         3.6049         2.2794
 83  5.341         3.6252         2.2851
 84  5.441         3.6451         2.2942
 85  5.541         3.6645         2.3067
 86  5.641         3.6837         2.3198
 87  5.741         3.7026         2.3307
 88  5.841         3.7210         2.3401
 89  5.941         3.7391         2.3484
 90  6.041         3.7568         2.3576
 91  6.141         3.7740         2.3654
 92  6.241         3.7909         2.3723
 93  6.341         3.8075         2.3794
 94  6.441         3.8236         2.3848
 95  6.541         3.8393         2.3905
 96  6.641         3.8546         2.3944
 97  6.741         3.8695         2.3964
 98  6.841         3.8840         2.3995
 99  6.941         3.8980         2.4018
100  7.041         3.9118         2.4063
101  7.141         3.9257         2.4231
102  7.241         3.9395         2.4364
103  7.341         3.9532         2.4444
104  7.441         3.9666         2.4495
105  7.541         3.9799         2.4587
106  7.641         3.9934         2.4787
107  7.741         4.0071         2.5002
108  7.841         4.0211         2.5216
109  7.941         4.0353         2.5428
110  8.041         4.0497         2.5634
111  8.141         4.0643         2.5824
112  8.241         4.0805         2.6457
113  8.341         4.0992         2.7237
114  8.441         4.1185         2.7576
115  8.541         4.1365         2.7435
116  8.641         4.1536         2.7413
117  8.741         4.1721         2.7924
118  8.841         4.1917         2.8359
119  8.941         4.2123         2.8772
120  9.041         4.2345         2.9321
121  9.141         4.2596         3.0088
122  9.241         4.2898         3.1176
123  9.341         4.3194         3.1385
124  9.441         4.3444         3.0920
125  9.541         4.3713         3.1498
126  9.641         4.3986         3.1839
127  9.741         4.4269         3.2262
128  9.841         4.4557         3.2628
129  9.941         4.4840         3.2835
130 10.041         4.5120         3.3079
131 10.141         4.5396         3.3291
132 10.241         4.5667         3.3481
133 10.341         4.5934         3.3699
134 10.441         4.6198         3.3896
135 10.541         4.6456         3.4064
136 10.641         4.6707         3.4204
137 10.741         4.6951         3.4321
138 10.841         4.7190         3.4485
139 10.941         4.7424         3.4630
140 11.041         4.7652         3.4736
141 11.141         4.7872         3.4803
142 11.241         4.8082         3.4830
143 11.341         4.8284         3.4846
144 11.441         4.8478         3.4886
145 11.541         4.8666         3.4928
146 11.641         4.8847         3.4973
147 11.741         4.9023         3.5006
148 11.841         4.9192         3.5021
149 11.941         4.9358         3.5086
150 12.041         4.9522         3.5202
151 12.141         4.9683         3.5289
152 12.241         4.9841         3.5391
153 12.341         5.0000         3.5549


#AGE= 3.000 BINS=152 Power-law IMF: x=-2.350
# N  sdss_r       Log10(N)       Log10(dN)
  1 -2.826        -0.5664        -0.5664
  2 -2.726        -0.2539        -0.5437
  3 -2.626        -0.0659        -0.5202
  4 -2.526         0.0706        -0.4985
  5 -2.426         0.1789        -0.4775
  6 -2.326         0.2712        -0.4466
  7 -2.226         0.3518        -0.4193
  8 -2.126         0.4235        -0.3942
  9 -2.026         0.4885        -0.3684
 10 -1.926         0.5456        -0.3634
 11 -1.826         0.6009        -0.3215
 12 -1.726         0.6537        -0.2881
 13 -1.626         0.7036        -0.2604
 14 -1.526         0.7524        -0.2211
 15 -1.426         0.8212        -0.0134
 16 -1.326         0.8692        -0.1106
 17 -1.226         0.9109        -0.1274
 18 -1.126         0.9503        -0.1119
 19 -1.026         1.0466         0.3455
 20 -0.926         1.1224         0.3264
 21 -0.826         1.1534        -0.0072
 22 -0.726         1.1832         0.0049
 23 -0.626         1.2106        -0.0040
 24 -0.526         1.2391         0.0415
 25 -0.426         1.2686         0.0870
 26 -0.326         1.2985         0.1208
 27 -0.226         1.3284         0.1516
 28 -0.126         1.3581         0.1779
 29 -0.026         1.3879         0.2094
 30  0.074         1.4175         0.2368
 31  0.174         1.4472         0.2674
 32  0.274         1.4768         0.2961
 33  0.374         1.5066         0.3280
 34  0.474         1.5366         0.3606
 35  0.574         1.5670         0.3974
 36  0.674         1.5974         0.4277
 37  0.774         1.6286         0.4685
 38  0.874         1.6595         0.4962
 39  0.974         1.6906         0.5307
 40  1.074         1.7229         0.5784
 41  1.174         1.7565         0.6280
 42  1.274         1.7887         0.6423
 43  1.374         1.8193         0.6532
 44  1.474         1.8493         0.6738
 45  1.574         1.8814         0.7337
 46  1.674         2.0411         1.5291
 47  1.774         2.0867         1.0861
 48  1.874         2.1320         1.1274
 49  1.974         2.1821         1.2193
 50  2.074         2.2346         1.2907
 51  2.174         2.2915         1.3810
 52  2.274         2.3533         1.4760
 53  2.374         2.4186         1.5637
 54  2.474         2.4860         1.6436
 55  2.574         2.5545         1.7187
 56  2.674         2.6230         1.7872
 57  2.774         2.6900         1.8447
 58  2.874         2.7537         1.8892
 59  2.974         2.8121         1.9119
 60  3.074         2.8651         1.9247
 61  3.174         2.9139         1.9409
 62  3.274         2.9591         1.9536
 63  3.374         3.0012         1.9667
 64  3.474         3.0408         1.9808
 65  3.574         3.0791         2.0060
 66  3.674         3.1160         2.0276
 67  3.774         3.1514         2.0450
 68  3.874         3.1851         2.0570
 69  3.974         3.2175         2.0742
 70  4.074         3.2493         2.0986
 71  4.174         3.2809         2.1272
 72  4.274         3.3117         2.1477
 73  4.374         3.3413         2.1593
 74  4.474         3.3692         2.1637
 75  4.574         3.3959         2.1713
 76  4.674         3.4220         2.1869
 77  4.774         3.4479         2.2112
 78  4.874         3.4736         2.2338
 79  4.974         3.4992         2.2561
 80  5.074         3.5239         2.2664
 81  5.174         3.5473         2.2676
 82  5.274         3.5699         2.2755
 83  5.374         3.5921         2.2885
 84  5.474         3.6138         2.3023
 85  5.574         3.6351         2.3155
 86  5.674         3.6560         2.3267
 87  5.774         3.6764         2.3377
 88  5.874         3.6963         2.3483
 89  5.974         3.7158         2.3584
 90  6.074         3.7348         2.3665
 91  6.174         3.7534         2.3746
 92  6.274         3.7714         2.3820
 93  6.374         3.7891         2.3891
 94  6.474         3.8063         2.3949
 95  6.574         3.8230         2.4004
 96  6.674         3.8392         2.4035
 97  6.774         3.8550         2.4068
 98  6.874         3.8702         2.4088
 99  6.974         3.8851         2.4114
100  7.074         3.8999         2.4254
101  7.174         3.9147         2.4386
102  7.274         3.9293         2.4499
103  7.374         3.9437         2.4560
104  7.474         3.9578         2.4615
105  7.574         3.9719         2.4771
106  7.674         3.9863         2.5001
107  7.774         4.0009         2.5205
108  7.874         4.0156         2.5381
109  7.974         4.0308         2.5661
110  8.074         4.0478         2.6320
111  8.174         4.0664         2.6883
112  8.274         4.0853         2.7165
113  8.374         4.1035         2.7150
114  8.474         4.1207         2.7107
115  8.574         4.1383         2.7381
116  8.674         4.1568         2.7753
117  8.774         4.1766         2.8263
118  8.874         4.1971         2.8609
119  8.974         4.2185         2.9012
120  9.074         4.2422         2.9660
121  9.174         4.2703         3.0682
122  9.274         4.3066         3.2111
123  9.374         4.3332         3.1060
124  9.474         4.3610         3.1543
125  9.574         4.3888         3.1809
126  9.674         4.4172         3.2189
127  9.774         4.4461         3.2548
128  9.874         4.4750         3.2829
129  9.974         4.5033         3.3034
130 10.074         4.5308         3.3195
131 10.174         4.5579         3.3387
132 10.274         4.5846         3.3606
133 10.374         4.6111         3.3827
134 10.474         4.6371         3.4019
135 10.574         4.6626         3.4179
136 10.674         4.6874         3.4328
137 10.774         4.7119         3.4515
138 10.874         4.7360         3.4667
139 10.974         4.7593         3.4778
140 11.074         4.7818         3.4848
141 11.174         4.8033         3.4886
142 11.274         4.8242         3.4956
143 11.374         4.8444         3.5019
144 11.474         4.8639         3.5063
145 11.574         4.8827         3.5091
146 11.674         4.9007         3.5089
147 11.774         4.9180         3.5103
148 11.874         4.9349         3.5167
149 11.974         4.9516         3.5277
150 12.074         4.9679         3.5342
151 12.174         4.9839         3.5438
152 12.274         5.0000         3.5600


#AGE= 4.000 BINS=153 Power-law IMF: x=-2.350
# N  sdss_r       Log10(N)       Log10(dN)
  1 -2.835        -0.6488        -0.6488
  2 -2.735        -0.3455        -0.6443
  3 -2.635        -0.1571        -0.6107
  4 -2.535        -0.0206        -0.5897
  5 -2.435         0.0889        -0.5631
  6 -2.335         0.1801        -0.5425
  7 -2.235         0.2600        -0.5146
  8 -2.135         0.3315        -0.4874
  9 -2.035         0.3976        -0.4528
 10 -1.935         0.4580        -0.4279
 11 -1.835         0.5134        -0.4086
 12 -1.735         0.5637        -0.3978
 13 -1.635         0.6133        -0.3536
 14 -1.535         0.6610        -0.3214
 15 -1.435         0.7063        -0.2976
 16 -1.335         0.7597        -0.1769
 17 -1.235         0.8166        -0.0947
 18 -1.135         0.8590        -0.1726
 19 -1.035         0.8982        -0.1648
 20 -0.935         0.9358        -0.1465
 21 -0.835         1.0645         0.4736
 22 -0.735         1.0971        -0.0435
 23 -0.635         1.1278        -0.0374
 24 -0.535         1.1566        -0.0374
 25 -0.435         1.1842        -0.0250
 26 -0.335         1.2139         0.0334
 27 -0.235         1.2440         0.0697
 28 -0.135         1.2739         0.0970
 29 -0.035         1.3040         0.1303
 30  0.065         1.3341         0.1596
 31  0.165         1.3641         0.1884
 32  0.265         1.3940         0.2178
 33  0.365         1.4241         0.2490
 34  0.465         1.4542         0.2808
 35  0.565         1.4844         0.3109
 36  0.665         1.5148         0.3452
 37  0.765         1.5456         0.3806
 38  0.865         1.5763         0.4113
 39  0.965         1.6077         0.4513
 40  1.065         1.6394         0.4864
 41  1.165         1.6717         0.5277
 42  1.265         1.7055         0.5793
 43  1.365         1.7399         0.6219
 44  1.465         1.7728         0.6351
 45  1.565         1.8042         0.6483
 46  1.665         1.8347         0.6655
 47  1.765         1.8651         0.6962
 48  1.865         1.8989         0.7734
 49  1.965         2.0439         1.4968
 50  2.065         2.0971         1.1590
 51  2.165         2.1505         1.2136
 52  2.265         2.2081         1.3022
 53  2.365         2.2687         1.3841
 54  2.465         2.3324         1.4669
 55  2.565         2.3980         1.5446
 56  2.665         2.4638         1.6119
 57  2.765         2.5291         1.6738
 58  2.865         2.5933         1.7313
 59  2.965         2.6556         1.7819
 60  3.065         2.7165         1.8334
 61  3.165         2.7733         1.8615
 62  3.265         2.8247         1.8727
 63  3.365         2.8727         1.8922
 64  3.465         2.9187         1.9207
 65  3.565         2.9619         1.9383
 66  3.665         3.0026         1.9539
 67  3.765         3.0420         1.9804
 68  3.865         3.0803         2.0066
 69  3.965         3.1179         2.0372
 70  4.065         3.1548         2.0656
 71  4.165         3.1905         2.0879
 72  4.265         3.2247         2.1030
 73  4.365         3.2570         2.1123
 74  4.465         3.2878         2.1231
 75  4.565         3.3176         2.1394
 76  4.665         3.3470         2.1634
 77  4.765         3.3761         2.1878
 78  4.865         3.4045         2.2055
 79  4.965         3.4322         2.2235
 80  5.065         3.4587         2.2311
 81  5.165         3.4840         2.2359
 82  5.265         3.5085         2.2480
 83  5.365         3.5325         2.2636
 84  5.465         3.5560         2.2783
 85  5.565         3.5790         2.2915
 86  5.665         3.6014         2.3028
 87  5.765         3.6234         2.3151
 88  5.865         3.6447         2.3266
 89  5.965         3.6656         2.3372
 90  6.065         3.6860         2.3464
 91  6.165         3.7058         2.3548
 92  6.265         3.7251         2.3628
 93  6.365         3.7438         2.3697
 94  6.465         3.7620         2.3763
 95  6.565         3.7798         2.3826
 96  6.665         3.7970         2.3871
 97  6.765         3.8137         2.3884
 98  6.865         3.8298         2.3924
 99  6.965         3.8455         2.3959
100  7.065         3.8611         2.4084
101  7.165         3.8767         2.4251
102  7.265         3.8921         2.4325
103  7.365         3.9071         2.4377
104  7.465         3.9218         2.4455
105  7.565         3.9367         2.4633
106  7.665         3.9518         2.4859
107  7.765         3.9671         2.5054
108  7.865         3.9824         2.5238
109  7.965         3.9980         2.5435
110  8.065         4.0150         2.6006
111  8.165         4.0341         2.6684
112  8.265         4.0541         2.7071
113  8.365         4.0736         2.7150
114  8.465         4.0917         2.7042
115  8.565         4.1100         2.7243
116  8.665         4.1291         2.7621
117  8.765         4.1496         2.8137
118  8.865         4.1711         2.8557
119  8.965         4.1932         2.8878
120  9.065         4.2171         2.9471
121  9.165         4.2457         3.0498
122  9.265         4.2830         3.1979
123  9.365         4.3118         3.1194
124  9.465         4.3409         3.1534
125  9.565         4.3697         3.1770
126  9.665         4.3989         3.2112
127  9.765         4.4283         3.2440
128  9.865         4.4574         3.2690
129  9.965         4.4857         3.2863
130 10.065         4.5132         3.3011
131 10.165         4.5403         3.3221
132 10.265         4.5671         3.3436
133 10.365         4.5934         3.3628
134 10.465         4.6193         3.3814
135 10.565         4.6448         3.4007
136 10.665         4.6697         3.4172
137 10.765         4.6941         3.4305
138 10.865         4.7179         3.4459
139 10.965         4.7414         3.4618
140 11.065         4.7642         3.4732
141 11.165         4.7862         3.4800
142 11.265         4.8072         3.4820
143 11.365         4.8274         3.4845
144 11.465         4.8469         3.4887
145 11.565         4.8657         3.4932
146 11.665         4.8839         3.4981
147 11.765         4.9015         3.5005
148 11.865         4.9186         3.5031
149 11.965         4.9352         3.5110
150 12.065         4.9517         3.5235
151 12.165         4.9680         3.5320
152 12.265         4.9840         3.5430
153 12.365         5.0000         3.5589


#AGE= 5.000 BINS=153 Power-law IMF: x=-2.350
# N  sdss_r       Log10(N)       Log10(dN)
  1 -2.839        -0.7105        -0.7105
  2 -2.739        -0.4025        -0.6966
  3 -2.639        -0.2139        -0.6671
  4 -2.539        -0.0782        -0.6494
  5 -2.439         0.0288        -0.6318
  6 -2.339         0.1229        -0.5875
  7 -2.239         0.2031        -0.5704
  8 -2.139         0.2746        -0.5437
  9 -2.039         0.3389        -0.5229
 10 -1.939         0.3996        -0.4850
 11 -1.839         0.4554        -0.4630
 12 -1.739         0.5088        -0.4276
 13 -1.639         0.5564        -0.4278
 14 -1.539         0.6034        -0.3859
 15 -1.439         0.6492        -0.3502
 16 -1.339         0.6928        -0.3268
 17 -1.239         0.7452        -0.1994
 18 -1.139         0.7982        -0.1418
 19 -1.039         0.8394        -0.2038
 20 -0.939         0.8779        -0.1932
 21 -0.839         0.9157        -0.1633
 22 -0.739         1.0370         0.4238
 23 -0.639         1.0703        -0.0618
 24 -0.539         1.1020        -0.0503
 25 -0.439         1.1311        -0.0571
 26 -0.339         1.1594        -0.0415
 27 -0.239         1.1891         0.0099
 28 -0.139         1.2194         0.0479
 29 -0.039         1.2498         0.0807
 30  0.061         1.2803         0.1104
 31  0.161         1.3107         0.1409
 32  0.261         1.3411         0.1707
 33  0.361         1.3715         0.2016
 34  0.461         1.4018         0.2312
 35  0.561         1.4322         0.2617
 36  0.661         1.4629         0.2971
 37  0.761         1.4936         0.3272
 38  0.861         1.5243         0.3596
 39  0.961         1.5555         0.3962
 40  1.061         1.5870         0.4308
 41  1.161         1.6191         0.4722
 42  1.261         1.6514         0.5063
 43  1.361         1.6847         0.5537
 44  1.461         1.7199         0.6106
 45  1.561         1.7543         0.6363
 46  1.661         1.7871         0.6484
 47  1.761         1.8186         0.6634
 48  1.861         1.8493         0.6841
 49  1.961         1.8801         0.7151
 50  2.061         1.9145         0.7958
 51  2.161         2.0339         1.4149
 52  2.261         2.0943         1.2081
 53  2.361         2.1511         1.2395
 54  2.461         2.2108         1.3190
 55  2.561         2.2733         1.4004
 56  2.661         2.3381         1.4802
 57  2.761         2.4039         1.5516
 58  2.861         2.4690         1.6129
 59  2.961         2.5329         1.6690
 60  3.061         2.5950         1.7196
 61  3.161         2.6553         1.7677
 62  3.261         2.7147         1.8216
 63  3.361         2.7708         1.8540
 64  3.461         2.8224         1.8723
 65  3.561         2.8708         1.8934
 66  3.661         2.9174         1.9249
 67  3.761         2.9625         1.9563
 68  3.861         3.0058         1.9829
 69  3.961         3.0474         2.0080
 70  4.061         3.0872         2.0300
 71  4.161         3.1251         2.0478
 72  4.261         3.1615         2.0658
 73  4.361         3.1963         2.0834
 74  4.461         3.2301         2.1045
 75  4.561         3.2633         2.1294
 76  4.661         3.2958         2.1538
 77  4.761         3.3273         2.1727
 78  4.861         3.3577         2.1873
 79  4.961         3.3871         2.2031
 80  5.061         3.4152         2.2117
 81  5.161         3.4421         2.2221
 82  5.261         3.4684         2.2372
 83  5.361         3.4941         2.2539
 84  5.461         3.5193         2.2692
 85  5.561         3.5437         2.2818
 86  5.661         3.5675         2.2947
 87  5.761         3.5908         2.3074
 88  5.861         3.6135         2.3203
 89  5.961         3.6356         2.3314
 90  6.061         3.6570         2.3405
 91  6.161         3.6779         2.3499
 92  6.261         3.6983         2.3583
 93  6.361         3.7180         2.3659
 94  6.461         3.7372         2.3730
 95  6.561         3.7558         2.3791
 96  6.661         3.7739         2.3840
 97  6.761         3.7913         2.3860
 98  6.861         3.8082         2.3904
 99  6.961         3.8247         2.3946
100  7.061         3.8411         2.4093
101  7.161         3.8573         2.4229
102  7.261         3.8733         2.4307
103  7.361         3.8889         2.4360
104  7.461         3.9042         2.4449
105  7.561         3.9197         2.4651
106  7.661         3.9355         2.4867
107  7.761         3.9513         2.5055
108  7.861         3.9673         2.5260
109  7.961         3.9836         2.5477
110  8.061         3.9998         2.5638
111  8.161         4.0170         2.6080
112  8.261         4.0372         2.6947
113  8.361         4.0590         2.7476
114  8.461         4.0800         2.7554
115  8.561         4.0992         2.7343
116  8.661         4.1190         2.7673
117  8.761         4.1401         2.8155
118  8.861         4.1618         2.8500
119  8.961         4.1842         2.8861
120  9.061         4.2090         2.9533
121  9.161         4.2392         3.0661
122  9.261         4.2762         3.1887
123  9.361         4.3069         3.1405
124  9.461         4.3371         3.1650
125  9.561         4.3670         3.1902
126  9.661         4.3970         3.2208
127  9.761         4.4268         3.2482
128  9.861         4.4561         3.2713
129  9.961         4.4847         3.2891
130 10.061         4.5126         3.3060
131 10.161         4.5398         3.3227
132 10.261         4.5665         3.3418
133 10.361         4.5927         3.3603
134 10.461         4.6184         3.3785
135 10.561         4.6438         3.3977
136 10.661         4.6687         3.4158
137 10.761         4.6931         3.4304
138 10.861         4.7169         3.4441
139 10.961         4.7404         3.4606
140 11.061         4.7632         3.4727
141 11.161         4.7853         3.4799
142 11.261         4.8064         3.4823
143 11.361         4.8266         3.4855
144 11.461         4.8462         3.4901
145 11.561         4.8651         3.4948
146 11.661         4.8834         3.4997
147 11.761         4.9011         3.5015
148 11.861         4.9182         3.5047
149 11.961         4.9349         3.5130
150 12.061         4.9515         3.5254
151 12.161         4.9678         3.5336
152 12.261         4.9839         3.5447
153 12.361         5.0000         3.5607


#AGE= 6.000 BINS=153 Power-law IMF: x=-2.350
# N  sdss_r       Log10(N)       Log10(dN)
  1 -2.905        -0.7666        -0.7666
  2 -2.805        -0.4598        -0.7552
  3 -2.705        -0.2721        -0.7269
  4 -2.605        -0.1368        -0.7090
  5 -2.505        -0.0272        -0.6791
  6 -2.405         0.0663        -0.6467
  7 -2.305         0.1458        -0.6307
  8 -2.205         0.2178        -0.5982
  9 -2.105         0.2827        -0.5745
 10 -2.005         0.3425        -0.5486
 11 -1.905         0.3988        -0.5158
 12 -1.805         0.4509        -0.4958
 13 -1.705         0.5007        -0.4650
 14 -1.605         0.5482        -0.4361
 15 -1.505         0.5926        -0.4197
 16 -1.405         0.6362        -0.3837
 17 -1.305         0.6786        -0.3535
 18 -1.205         0.7219        -0.3003
 19 -1.105         0.7746        -0.1674
 20 -1.005         0.8186        -0.1982
 21 -0.905         0.8576        -0.2084
 22 -0.805         0.8943        -0.1972
 23 -0.705         0.9884         0.2781
 24 -0.605         1.0440         0.1236
 25 -0.505         1.0762        -0.0692
 26 -0.405         1.1075        -0.0510
 27 -0.305         1.1360        -0.0599
 28 -0.205         1.1650        -0.0252
 29 -0.105         1.1949         0.0183
 30 -0.005         1.2256         0.0588
 31  0.095         1.2562         0.0897
 32  0.195         1.2868         0.1196
 33  0.295         1.3175         0.1517
 34  0.395         1.3480         0.1782
 35  0.495         1.3785         0.2111
 36  0.595         1.4094         0.2457
 37  0.695         1.4402         0.2756
 38  0.795         1.4710         0.3061
 39  0.895         1.5019         0.3391
 40  0.995         1.5330         0.3726
 41  1.095         1.5646         0.4101
 42  1.195         1.5964         0.4461
 43  1.295         1.6288         0.4848
 44  1.395         1.6616         0.5232
 45  1.495         1.6951         0.5665
 46  1.595         1.7308         0.6283
 47  1.695         1.7657         0.6523
 48  1.795         1.7988         0.6654
 49  1.895         1.8308         0.6811
 50  1.995         1.8618         0.7012
 51  2.095         1.8924         0.7251
 52  2.195         1.9252         0.7870
 53  2.295         1.9755         1.0140
 54  2.395         2.0836         1.4270
 55  2.495         2.1403         1.2275
 56  2.595         2.2000         1.3086
 57  2.695         2.2624         1.3889
 58  2.795         2.3271         1.4683
 59  2.895         2.3926         1.5392
 60  2.995         2.4581         1.6043
 61  3.095         2.5229         1.6648
 62  3.195         2.5868         1.7226
 63  3.295         2.6490         1.7747
 64  3.395         2.7105         1.8313
 65  3.495         2.7694         1.8722
 66  3.595         2.8243         1.8988
 67  3.695         2.8753         1.9201
 68  3.795         2.9231         1.9406
 69  3.895         2.9681         1.9614
 70  3.995         3.0110         1.9845
 71  4.095         3.0520         2.0072
 72  4.195         3.0915         2.0299
 73  4.295         3.1296         2.0540
 74  4.395         3.1667         2.0806
 75  4.495         3.2031         2.1084
 76  4.595         3.2385         2.1319
 77  4.695         3.2726         2.1508
 78  4.795         3.3053         2.1656
 79  4.895         3.3369         2.1834
 80  4.995         3.3674         2.1978
 81  5.095         3.3965         2.2091
 82  5.195         3.4249         2.2266
 83  5.295         3.4526         2.2428
 84  5.395         3.4796         2.2592
 85  5.495         3.5059         2.2749
 86  5.595         3.5314         2.2877
 87  5.695         3.5562         2.3018
 88  5.795         3.5805         2.3150
 89  5.895         3.6041         2.3273
 90  5.995         3.6270         2.3387
 91  6.095         3.6493         2.3489
 92  6.195         3.6710         2.3578
 93  6.295         3.6920         2.3665
 94  6.395         3.7124         2.3747
 95  6.495         3.7323         2.3820
 96  6.595         3.7515         2.3877
 97  6.695         3.7700         2.3913
 98  6.795         3.7880         2.3953
 99  6.895         3.8054         2.3999
100  6.995         3.8225         2.4103
101  7.095         3.8395         2.4224
102  7.195         3.8562         2.4343
103  7.295         3.8726         2.4402
104  7.395         3.8886         2.4471
105  7.495         3.9046         2.4630
106  7.595         3.9208         2.4835
107  7.695         3.9371         2.5038
108  7.795         3.9535         2.5236
109  7.895         3.9701         2.5433
110  7.995         3.9868         2.5625
111  8.095         4.0039         2.5914
112  8.195         4.0217         2.6256
113  8.295         4.0414         2.6878
114  8.395         4.0639         2.7676
115  8.495         4.0866         2.7939
116  8.595         4.1071         2.7707
117  8.695         4.1279         2.7983
118  8.795         4.1501         2.8474
119  8.895         4.1739         2.8998
120  8.995         4.1987         2.9431
121  9.095         4.2248         2.9913
122  9.195         4.2563         3.1007
123  9.295         4.2926         3.1964
124  9.395         4.3240         3.1685
125  9.495         4.3551         3.1944
126  9.595         4.3858         3.2193
127  9.695         4.4164         3.2494
128  9.795         4.4465         3.2729
129  9.895         4.4760         3.2923
130  9.995         4.5044         3.3062
131 10.095         4.5322         3.3244
132 10.195         4.5594         3.3428
133 10.295         4.5860         3.3596
134 10.395         4.6120         3.3761
135 10.495         4.6375         3.3939
136 10.595         4.6626         3.4126
137 10.695         4.6873         3.4294
138 10.795         4.7114         3.4439
139 10.895         4.7351         3.4611
140 10.995         4.7584         3.4750
141 11.095         4.7809         3.4837
142 11.195         4.8024         3.4879
143 11.295         4.8233         3.4944
144 11.395         4.8435         3.5005
145 11.495         4.8630         3.5053
146 11.595         4.8817         3.5083
147 11.695         4.8998         3.5086
148 11.795         4.9172         3.5119
149 11.895         4.9342         3.5200
150 11.995         4.9511         3.5312
151 12.095         4.9675         3.5377
152 12.195         4.9838         3.5482
153 12.295         5.0000         3.5646


#AGE= 7.000 BINS=152 Power-law IMF: x=-2.350
# N  sdss_r       Log10(N)       Log10(dN)
  1 -2.918        -0.7640        -0.7640
  2 -2.818        -0.4697        -0.7777
  3 -2.718        -0.2892        -0.7576
  4 -2.618        -0.1484        -0.7061
  5 -2.518        -0.0412        -0.7011
  6 -2.418         0.0504        -0.6707
  7 -2.318         0.1288        -0.6533
  8 -2.218         0.2011        -0.6130
  9 -2.118         0.2627        -0.6163
 10 -2.018         0.3238        -0.5578
 11 -1.918         0.3798        -0.5376
 12 -1.818         0.4316        -0.5170
 13 -1.718         0.4818        -0.4807
 14 -1.618         0.5289        -0.4593
 15 -1.518         0.5727        -0.4453
 16 -1.418         0.6170        -0.3961
 17 -1.318         0.6597        -0.3683
 18 -1.218         0.7013        -0.3389
 19 -1.118         0.7463        -0.2606
 20 -1.018         0.7958        -0.1714
 21 -0.918         0.8361        -0.2169
 22 -0.818         0.8741        -0.2025
 23 -0.718         0.9093        -0.1989
 24 -0.618         1.0167         0.3571
 25 -0.518         1.0539        -0.0311
 26 -0.418         1.0865        -0.0550
 27 -0.318         1.1178        -0.0393
 28 -0.218         1.1473        -0.0360
 29 -0.118         1.1767        -0.0074
 30 -0.018         1.2071         0.0367
 31  0.082         1.2379         0.0734
 32  0.182         1.2688         0.1065
 33  0.282         1.2999         0.1389
 34  0.382         1.3309         0.1689
 35  0.482         1.3619         0.1998
 36  0.582         1.3929         0.2317
 37  0.682         1.4241         0.2648
 38  0.782         1.4554         0.2972
 39  0.882         1.4868         0.3304
 40  0.982         1.5183         0.3629
 41  1.082         1.5498         0.3958
 42  1.182         1.5817         0.4309
 43  1.282         1.6139         0.4680
 44  1.382         1.6467         0.5082
 45  1.482         1.6801         0.5499
 46  1.582         1.7142         0.5926
 47  1.682         1.7505         0.6545
 48  1.782         1.7866         0.6877
 49  1.882         1.8210         0.7028
 50  1.982         1.8540         0.7187
 51  2.082         1.8859         0.7361
 52  2.182         1.9169         0.7544
 53  2.282         1.9484         0.7939
 54  2.382         1.9851         0.8937
 55  2.482         2.0736         1.3393
 56  2.582         2.1435         1.3157
 57  2.682         2.2022         1.3044
 58  2.782         2.2653         1.3963
 59  2.882         2.3305         1.4746
 60  2.982         2.3970         1.5491
 61  3.082         2.4635         1.6156
 62  3.182         2.5290         1.6754
 63  3.282         2.5930         1.7294
 64  3.382         2.6548         1.7780
 65  3.482         2.7149         1.8264
 66  3.582         2.7728         1.8685
 67  3.682         2.8273         1.8989
 68  3.782         2.8779         1.9199
 69  3.882         2.9257         1.9431
 70  3.982         2.9713         1.9696
 71  4.082         3.0145         1.9910
 72  4.182         3.0561         2.0164
 73  4.282         3.0965         2.0458
 74  4.382         3.1359         2.0734
 75  4.482         3.1741         2.0995
 76  4.582         3.2110         2.1220
 77  4.682         3.2463         2.1392
 78  4.782         3.2803         2.1575
 79  4.882         3.3135         2.1795
 80  4.982         3.3454         2.1961
 81  5.082         3.3762         2.2120
 82  5.182         3.4063         2.2311
 83  5.282         3.4354         2.2475
 84  5.382         3.4638         2.2649
 85  5.482         3.4914         2.2810
 86  5.582         3.5182         2.2950
 87  5.682         3.5442         2.3097
 88  5.782         3.5696         2.3240
 89  5.882         3.5943         2.3369
 90  5.982         3.6183         2.3489
 91  6.082         3.6416         2.3592
 92  6.182         3.6642         2.3691
 93  6.282         3.6861         2.3786
 94  6.382         3.7074         2.3873
 95  6.482         3.7281         2.3949
 96  6.582         3.7481         2.4013
 97  6.682         3.7674         2.4049
 98  6.782         3.7860         2.4100
 99  6.882         3.8042         2.4162
100  6.982         3.8219         2.4241
101  7.082         3.8395         2.4374
102  7.182         3.8568         2.4500
103  7.282         3.8737         2.4536
104  7.382         3.8901         2.4613
105  7.482         3.9067         2.4800
106  7.582         3.9235         2.5011
107  7.682         3.9403         2.5206
108  7.782         3.9571         2.5367
109  7.882         3.9741         2.5576
110  7.982         3.9913         2.5810
111  8.082         4.0087         2.6033
112  8.182         4.0269         2.6383
113  8.282         4.0460         2.6816
114  8.382         4.0679         2.7592
115  8.482         4.0917         2.8190
116  8.582         4.1142         2.8170
117  8.682         4.1356         2.8173
118  8.782         4.1582         2.8629
119  8.882         4.1816         2.9016
120  8.982         4.2065         2.9528
121  9.082         4.2343         3.0271
122  9.182         4.2660         3.1127
123  9.282         4.3020         3.2027
124  9.382         4.3346         3.1941
125  9.482         4.3667         3.2194
126  9.582         4.3982         3.2428
127  9.682         4.4294         3.2707
128  9.782         4.4600         3.2930
129  9.882         4.4899         3.3119
130  9.982         4.5187         3.3264
131 10.082         4.5468         3.3434
132 10.182         4.5742         3.3616
133 10.282         4.6010         3.3773
134 10.382         4.6270         3.3923
135 10.482         4.6526         3.4094
136 10.582         4.6777         3.4273
137 10.682         4.7023         3.4438
138 10.782         4.7265         3.4602
139 10.882         4.7503         3.4769
140 10.982         4.7734         3.4887
141 11.082         4.7958         3.4967
142 11.182         4.8176         3.5074
143 11.282         4.8388         3.5156
144 11.382         4.8591         3.5202
145 11.482         4.8786         3.5212
146 11.582         4.8973         3.5217
147 11.682         4.9154         3.5253
148 11.782         4.9330         3.5326
149 11.882         4.9503         3.5410
150 11.982         4.9670         3.5447
151 12.082         4.9835         3.5545
152 12.182         5.0000         3.5716


#AGE= 8.000 BINS=154 Power-law IMF: x=-2.350
# N  sdss_r       Log10(N)       Log10(dN)
  1 -2.910        -0.8366        -0.8366
  2 -2.810        -0.5205        -0.8069
  3 -2.710        -0.3374        -0.8008
  4 -2.610        -0.1938        -0.7444
  5 -2.510        -0.0871        -0.7491
  6 -2.410         0.0085        -0.6954
  7 -2.310         0.0858        -0.7021
  8 -2.210         0.1577        -0.6588
  9 -2.110         0.2238        -0.6262
 10 -2.010         0.2835        -0.6082
 11 -1.910         0.3389        -0.5827
 12 -1.810         0.3917        -0.5499
 13 -1.710         0.4417        -0.5217
 14 -1.610         0.4891        -0.4960
 15 -1.510         0.5346        -0.4678
 16 -1.410         0.5786        -0.4373
 17 -1.310         0.6206        -0.4156
 18 -1.210         0.6618        -0.3810
 19 -1.110         0.7036        -0.3344
 20 -1.010         0.7522        -0.2229
 21 -0.910         0.7959        -0.2223
 22 -0.810         0.8348        -0.2329
 23 -0.710         0.8718        -0.2162
 24 -0.610         0.9062        -0.2124
 25 -0.510         1.0126         0.3499
 26 -0.410         1.0474        -0.0668
 27 -0.310         1.0798        -0.0629
 28 -0.210         1.1106        -0.0543
 29 -0.110         1.1398        -0.0471
 30 -0.010         1.1697        -0.0068
 31  0.090         1.2007         0.0381
 32  0.190         1.2319         0.0726
 33  0.290         1.2631         0.1043
 34  0.390         1.2943         0.1354
 35  0.490         1.3255         0.1656
 36  0.590         1.3566         0.1970
 37  0.690         1.3878         0.2279
 38  0.790         1.4191         0.2616
 39  0.890         1.4507         0.2971
 40  0.990         1.4824         0.3293
 41  1.090         1.5140         0.3602
 42  1.190         1.5458         0.3957
 43  1.290         1.5780         0.4310
 44  1.390         1.6103         0.4656
 45  1.490         1.6432         0.5073
 46  1.590         1.6769         0.5499
 47  1.690         1.7114         0.5934
 48  1.790         1.7476         0.6508
 49  1.890         1.7837         0.6855
 50  1.990         1.8183         0.7022
 51  2.090         1.8514         0.7173
 52  2.190         1.8834         0.7343
 53  2.290         1.9144         0.7534
 54  2.390         1.9457         0.7870
 55  2.490         1.9806         0.8692
 56  2.590         2.0364         1.1174
 57  2.690         2.1155         1.3372
 58  2.790         2.1753         1.2842
 59  2.890         2.2340         1.3363
 60  2.990         2.2966         1.4247
 61  3.090         2.3606         1.4969
 62  3.190         2.4248         1.5630
 63  3.290         2.4882         1.6209
 64  3.390         2.5500         1.6731
 65  3.490         2.6104         1.7240
 66  3.590         2.6693         1.7719
 67  3.690         2.7270         1.8223
 68  3.790         2.7826         1.8627
 69  3.890         2.8347         1.8880
 70  3.990         2.8838         1.9125
 71  4.090         2.9305         1.9391
 72  4.190         2.9750         1.9632
 73  4.290         3.0175         1.9875
 74  4.390         3.0586         2.0139
 75  4.490         3.0981         2.0372
 76  4.590         3.1359         2.0568
 77  4.690         3.1723         2.0779
 78  4.790         3.2080         2.1044
 79  4.890         3.2426         2.1276
 80  4.990         3.2762         2.1475
 81  5.090         3.3088         2.1677
 82  5.190         3.3403         2.1857
 83  5.290         3.3709         2.2036
 84  5.390         3.4007         2.2219
 85  5.490         3.4296         2.2386
 86  5.590         3.4576         2.2534
 87  5.690         3.4848         2.2687
 88  5.790         3.5113         2.2836
 89  5.890         3.5371         2.2968
 90  5.990         3.5620         2.3088
 91  6.090         3.5862         2.3203
 92  6.190         3.6097         2.3301
 93  6.290         3.6324         2.3406
 94  6.390         3.6545         2.3494
 95  6.490         3.6759         2.3576
 96  6.590         3.6965         2.3633
 97  6.690         3.7164         2.3672
 98  6.790         3.7357         2.3745
 99  6.890         3.7545         2.3804
100  6.990         3.7728         2.3899
101  7.090         3.7910         2.4038
102  7.190         3.8088         2.4124
103  7.290         3.8261         2.4174
104  7.390         3.8432         2.4289
105  7.490         3.8603         2.4474
106  7.590         3.8776         2.4689
107  7.690         3.8949         2.4875
108  7.790         3.9123         2.5051
109  7.890         3.9297         2.5256
110  7.990         3.9473         2.5461
111  8.090         3.9656         2.5793
112  8.190         3.9846         2.6177
113  8.290         4.0038         2.6390
114  8.390         4.0252         2.7071
115  8.490         4.0496         2.7875
116  8.590         4.0734         2.8005
117  8.690         4.0957         2.7939
118  8.790         4.1191         2.8388
119  8.890         4.1432         2.8769
120  8.990         4.1684         2.9198
121  9.090         4.1965         2.9933
122  9.190         4.2296         3.0949
123  9.290         4.2659         3.1693
124  9.390         4.2995         3.1721
125  9.490         4.3324         3.1949
126  9.590         4.3646         3.2197
127  9.690         4.3964         3.2440
128  9.790         4.4273         3.2652
129  9.890         4.4574         3.2834
130  9.990         4.4865         3.2974
131 10.090         4.5148         3.3150
132 10.190         4.5424         3.3322
133 10.290         4.5692         3.3461
134 10.390         4.5953         3.3605
135 10.490         4.6208         3.3778
136 10.590         4.6459         3.3945
137 10.690         4.6705         3.4109
138 10.790         4.6946         3.4279
139 10.890         4.7182         3.4415
140 10.990         4.7412         3.4533
141 11.090         4.7637         3.4666
142 11.190         4.7855         3.4752
143 11.290         4.8064         3.4789
144 11.390         4.8265         3.4819
145 11.490         4.8459         3.4865
146 11.590         4.8647         3.4918
147 11.690         4.8830         3.4974
148 11.790         4.9006         3.4998
149 11.890         4.9177         3.5048
150 11.990         4.9345         3.5145
151 12.090         4.9512         3.5272
152 12.190         4.9676         3.5359
153 12.290         4.9838         3.5477
154 12.390         5.0000         3.5638


#AGE= 9.000 BINS=152 Power-law IMF: x=-2.350
# N  sdss_r       Log10(N)       Log10(dN)
  1 -2.881        -0.8700        -0.8700
  2 -2.781        -0.5298        -0.7948
  3 -2.681        -0.3427        -0.7988
  4 -2.581        -0.1975        -0.7440
  5 -2.481        -0.0902        -0.7496
  6 -2.381         0.0031        -0.7106
  7 -2.281         0.0861        -0.6737
  8 -2.181         0.1593        -0.6499
  9 -2.081         0.2254        -0.6246
 10 -1.981         0.2826        -0.6264
 11 -1.881         0.3412        -0.5579
 12 -1.781         0.3929        -0.5566
 13 -1.681         0.4436        -0.5141
 14 -1.581         0.4911        -0.4939
 15 -1.481         0.5371        -0.4608
 16 -1.381         0.5802        -0.4444
 17 -1.281         0.6232        -0.4022
 18 -1.181         0.6643        -0.3801
 19 -1.081         0.7052        -0.3412
 20 -0.981         0.7520        -0.2391
 21 -0.881         0.7979        -0.2010
 22 -0.781         0.8379        -0.2169
 23 -0.681         0.8746        -0.2175
 24 -0.581         0.9119        -0.1716
 25 -0.481         1.0127         0.3287
 26 -0.381         1.0500        -0.0339
 27 -0.281         1.0831        -0.0516
 28 -0.181         1.1150        -0.0347
 29 -0.081         1.1448        -0.0340
 30  0.019         1.1745        -0.0044
 31  0.119         1.2054         0.0417
 32  0.219         1.2368         0.0805
 33  0.319         1.2682         0.1114
 34  0.419         1.2996         0.1432
 35  0.519         1.3311         0.1763
 36  0.619         1.3626         0.2068
 37  0.719         1.3940         0.2375
 38  0.819         1.4255         0.2711
 39  0.919         1.4574         0.3067
 40  1.019         1.4892         0.3379
 41  1.119         1.5211         0.3722
 42  1.219         1.5533         0.4067
 43  1.319         1.5854         0.4379
 44  1.419         1.6178         0.4756
 45  1.519         1.6508         0.5139
 46  1.619         1.6841         0.5533
 47  1.719         1.7183         0.5978
 48  1.819         1.7537         0.6467
 49  1.919         1.7907         0.7033
 50  2.019         1.8266         0.7262
 51  2.119         1.8611         0.7430
 52  2.219         1.8941         0.7590
 53  2.319         1.9259         0.7752
 54  2.419         1.9568         0.7939
 55  2.519         1.9882         0.8314
 56  2.619         2.0234         0.9142
 57  2.719         2.0765         1.1377
 58  2.819         2.1493         1.3376
 59  2.919         2.2096         1.3228
 60  3.019         2.2692         1.3767
 61  3.119         2.3305         1.4497
 62  3.219         2.3943         1.5305
 63  3.319         2.4586         1.5970
 64  3.419         2.5221         1.6557
 65  3.519         2.5843         1.7096
 66  3.619         2.6452         1.7615
 67  3.719         2.7048         1.8130
 68  3.819         2.7633         1.8638
 69  3.919         2.8195         1.9040
 70  4.019         2.8719         1.9272
 71  4.119         2.9207         1.9476
 72  4.219         2.9668         1.9696
 73  4.319         3.0106         1.9922
 74  4.419         3.0523         2.0147
 75  4.519         3.0923         2.0366
 76  4.619         3.1310         2.0614
 77  4.719         3.1689         2.0906
 78  4.819         3.2059         2.1185
 79  4.919         3.2420         2.1438
 80  5.019         3.2770         2.1658
 81  5.119         3.3109         2.1868
 82  5.219         3.3438         2.2058
 83  5.319         3.3757         2.2261
 84  5.419         3.4066         2.2445
 85  5.519         3.4366         2.2602
 86  5.619         3.4656         2.2763
 87  5.719         3.4938         2.2926
 88  5.819         3.5212         2.3074
 89  5.919         3.5478         2.3211
 90  6.019         3.5735         2.3334
 91  6.119         3.5984         2.3443
 92  6.219         3.6226         2.3554
 93  6.319         3.6459         2.3656
 94  6.419         3.6686         2.3749
 95  6.519         3.6905         2.3827
 96  6.619         3.7116         2.3876
 97  6.719         3.7320         2.3936
 98  6.819         3.7518         2.4008
 99  6.919         3.7711         2.4090
100  7.019         3.7900         2.4190
101  7.119         3.8086         2.4323
102  7.219         3.8268         2.4379
103  7.319         3.8445         2.4457
104  7.419         3.8621         2.4614
105  7.519         3.8798         2.4816
106  7.619         3.8976         2.5017
107  7.719         3.9154         2.5193
108  7.819         3.9332         2.5358
109  7.919         3.9512         2.5613
110  8.019         3.9694         2.5829
111  8.119         3.9882         2.6138
112  8.219         4.0080         2.6578
113  8.319         4.0283         2.6884
114  8.419         4.0493         2.7226
115  8.519         4.0717         2.7730
116  8.619         4.0973         2.8547
117  8.719         4.1227         2.8782
118  8.819         4.1470         2.8818
119  8.919         4.1723         2.9256
120  9.019         4.1986         2.9672
121  9.119         4.2281         3.0449
122  9.219         4.2623         3.1427
123  9.319         4.2987         3.2032
124  9.419         4.3332         3.2167
125  9.519         4.3667         3.2371
126  9.619         4.3994         3.2592
127  9.719         4.4313         3.2818
128  9.819         4.4625         3.3036
129  9.919         4.4926         3.3180
130 10.019         4.5217         3.3338
131 10.119         4.5501         3.3521
132 10.219         4.5777         3.3663
133 10.319         4.6044         3.3793
134 10.419         4.6304         3.3951
135 10.519         4.6559         3.4113
136 10.619         4.6808         3.4273
137 10.719         4.7052         3.4437
138 10.819         4.7291         3.4580
139 10.919         4.7526         3.4726
140 11.019         4.7754         3.4855
141 11.119         4.7976         3.4935
142 11.219         4.8190         3.5015
143 11.319         4.8398         3.5094
144 11.419         4.8598         3.5146
145 11.519         4.8791         3.5169
146 11.619         4.8976         3.5180
147 11.719         4.9155         3.5223
148 11.819         4.9331         3.5304
149 11.919         4.9503         3.5394
150 12.019         4.9670         3.5443
151 12.119         4.9835         3.5547
152 12.219         5.0000         3.5717


#AGE=10.000 BINS=153 Power-law IMF: x=-2.350
# N  sdss_r       Log10(N)       Log10(dN)
  1 -2.813        -0.8718        -0.8718
  2 -2.713        -0.5547        -0.8402
  3 -2.613        -0.3677        -0.8239
  4 -2.513        -0.2240        -0.7743
  5 -2.413        -0.1176        -0.7803
  6 -2.313        -0.0241        -0.7371
  7 -2.213         0.0572        -0.7103
  8 -2.113         0.1291        -0.6877
  9 -2.013         0.1924        -0.6749
 10 -1.913         0.2538        -0.6267
 11 -1.813         0.3100        -0.6053
 12 -1.713         0.3627        -0.5799
 13 -1.613         0.4138        -0.5403
 14 -1.513         0.4612        -0.5245
 15 -1.413         0.5076        -0.4864
 16 -1.313         0.5509        -0.4727
 17 -1.213         0.5933        -0.4378
 18 -1.113         0.6353        -0.3996
 19 -1.013         0.6766        -0.3660
 20 -0.913         0.7238        -0.2630
 21 -0.813         0.7680        -0.2469
 22 -0.713         0.8082        -0.2447
 23 -0.613         0.8454        -0.2412
 24 -0.513         0.8810        -0.2224
 25 -0.413         0.9797         0.2878
 26 -0.313         1.0195        -0.0379
 27 -0.213         1.0532        -0.0739
 28 -0.113         1.0856        -0.0584
 29 -0.013         1.1153        -0.0640
 30  0.087         1.1455        -0.0275
 31  0.187         1.1770         0.0229
 32  0.287         1.2085         0.0524
 33  0.387         1.2403         0.0896
 34  0.487         1.2721         0.1212
 35  0.587         1.3036         0.1485
 36  0.687         1.3354         0.1838
 37  0.787         1.3671         0.2149
 38  0.887         1.3989         0.2480
 39  0.987         1.4313         0.2868
 40  1.087         1.4633         0.3151
 41  1.187         1.4955         0.3500
 42  1.287         1.5280         0.3851
 43  1.387         1.5605         0.4191
 44  1.487         1.5932         0.4541
 45  1.587         1.6265         0.4936
 46  1.687         1.6601         0.5326
 47  1.787         1.6947         0.5784
 48  1.887         1.7303         0.6267
 49  1.987         1.7677         0.6842
 50  2.087         1.8045         0.7139
 51  2.187         1.8397         0.7311
 52  2.287         1.8734         0.7463
 53  2.387         1.9057         0.7614
 54  2.487         1.9370         0.7798
 55  2.587         1.9682         0.8090
 56  2.687         2.0017         0.8721
 57  2.787         2.0430         1.0009
 58  2.887         2.1070         1.2435
 59  2.987         2.1698         1.2988
 60  3.087         2.2294         1.3376
 61  3.187         2.2905         1.4086
 62  3.287         2.3521         1.4732
 63  3.387         2.4161         1.5532
 64  3.487         2.4801         1.6167
 65  3.587         2.5428         1.6711
 66  3.687         2.6039         1.7224
 67  3.787         2.6631         1.7682
 68  3.887         2.7210         1.8174
 69  3.987         2.7768         1.8581
 70  4.087         2.8294         1.8860
 71  4.187         2.8782         1.9047
 72  4.287         2.9239         1.9238
 73  4.387         2.9674         1.9466
 74  4.487         3.0091         1.9712
 75  4.587         3.0498         2.0005
 76  4.687         3.0897         2.0331
 77  4.787         3.1287         2.0625
 78  4.887         3.1667         2.0899
 79  4.987         3.2036         2.1148
 80  5.087         3.2394         2.1373
 81  5.187         3.2740         2.1589
 82  5.287         3.3077         2.1805
 83  5.387         3.3404         2.2009
 84  5.487         3.3720         2.2179
 85  5.587         3.4025         2.2347
 86  5.687         3.4321         2.2511
 87  5.787         3.4609         2.2673
 88  5.887         3.4888         2.2823
 89  5.987         3.5157         2.2948
 90  6.087         3.5417         2.3068
 91  6.187         3.5670         2.3185
 92  6.287         3.5914         2.3297
 93  6.387         3.6151         2.3394
 94  6.487         3.6380         2.3484
 95  6.587         3.6600         2.3538
 96  6.687         3.6812         2.3604
 97  6.787         3.7019         2.3688
 98  6.887         3.7219         2.3755
 99  6.987         3.7415         2.3863
100  7.087         3.7608         2.3983
101  7.187         3.7795         2.4060
102  7.287         3.7978         2.4126
103  7.387         3.8159         2.4277
104  7.487         3.8342         2.4484
105  7.587         3.8524         2.4666
106  7.687         3.8706         2.4836
107  7.787         3.8889         2.5032
108  7.887         3.9072         2.5248
109  7.987         3.9258         2.5479
110  8.087         3.9452         2.5843
111  8.187         3.9650         2.6144
112  8.287         3.9854         2.6464
113  8.387         4.0068         2.6898
114  8.487         4.0289         2.7246
115  8.587         4.0534         2.7924
116  8.687         4.0798         2.8505
117  8.787         4.1051         2.8572
118  8.887         4.1304         2.8842
119  8.987         4.1573         2.9356
120  9.087         4.1861         2.9926
121  9.187         4.2189         3.0816
122  9.287         4.2551         3.1581
123  9.387         4.2911         3.1917
124  9.487         4.3257         3.2093
125  9.587         4.3591         3.2289
126  9.687         4.3918         3.2521
127  9.787         4.4236         3.2727
128  9.887         4.4544         3.2891
129  9.987         4.4842         3.3060
130 10.087         4.5132         3.3232
131 10.187         4.5412         3.3366
132 10.287         4.5682         3.3496
133 10.387         4.5946         3.3653
134 10.487         4.6204         3.3808
135 10.587         4.6456         3.3960
136 10.687         4.6702         3.4109
137 10.787         4.6942         3.4258
138 10.887         4.7178         3.4405
139 10.987         4.7407         3.4517
140 11.087         4.7631         3.4638
141 11.187         4.7848         3.4736
142 11.287         4.8058         3.4785
143 11.387         4.8259         3.4817
144 11.487         4.8453         3.4864
145 11.587         4.8642         3.4920
146 11.687         4.8824         3.4979
147 11.787         4.9001         3.5007
148 11.887         4.9173         3.5065
149 11.987         4.9342         3.5167
150 12.087         4.9510         3.5290
151 12.187         4.9674         3.5375
152 12.287         4.9837         3.5495
153 12.387         5.0000         3.5656


#AGE=11.000 BINS=152 Power-law IMF: x=-2.350
# N  sdss_r       Log10(N)       Log10(dN)
  1 -2.925        -0.8730        -0.8730
  2 -2.825        -0.5614        -0.8522
  3 -2.725        -0.3746        -0.8309
  4 -2.625        -0.2352        -0.7966
  5 -2.525        -0.1279        -0.7876
  6 -2.425        -0.0309        -0.7296
  7 -2.325         0.0473        -0.7358
  8 -2.225         0.1214        -0.6830
  9 -2.125         0.1875        -0.6630
 10 -2.025         0.2485        -0.6336
 11 -1.925         0.3019        -0.6346
 12 -1.825         0.3549        -0.5853
 13 -1.725         0.4052        -0.5557
 14 -1.625         0.4524        -0.5345
 15 -1.525         0.5002        -0.4817
 16 -1.425         0.5443        -0.4716
 17 -1.325         0.5861        -0.4504
 18 -1.225         0.6270        -0.4195
 19 -1.125         0.6678        -0.3797
 20 -1.025         0.7072        -0.3549
 21 -0.925         0.7484        -0.2953
 22 -0.825         0.7937        -0.2099
 23 -0.725         0.8347        -0.2113
 24 -0.625         0.8725        -0.2056
 25 -0.525         0.9084        -0.1929
 26 -0.425         0.9463        -0.1316
 27 -0.325         1.0421         0.3388
 28 -0.225         1.0771        -0.0348
 29 -0.125         1.1100        -0.0265
 30 -0.025         1.1415        -0.0140
 31  0.075         1.1709        -0.0124
 32  0.175         1.2014         0.0321
 33  0.275         1.2328         0.0770
 34  0.375         1.2644         0.1105
 35  0.475         1.2960         0.1426
 36  0.575         1.3277         0.1742
 37  0.675         1.3594         0.2067
 38  0.775         1.3912         0.2401
 39  0.875         1.4228         0.2699
 40  0.975         1.4549         0.3074
 41  1.075         1.4869         0.3388
 42  1.175         1.5194         0.3765
 43  1.275         1.5518         0.4085
 44  1.375         1.5844         0.4444
 45  1.475         1.6173         0.4798
 46  1.575         1.6504         0.5156
 47  1.675         1.6839         0.5544
 48  1.775         1.7178         0.5933
 49  1.875         1.7527         0.6403
 50  1.975         1.7887         0.6900
 51  2.075         1.8266         0.7486
 52  2.175         1.8639         0.7792
 53  2.275         1.8993         0.7936
 54  2.375         1.9334         0.8107
 55  2.475         1.9658         0.8231
 56  2.575         1.9971         0.8390
 57  2.675         2.0282         0.8670
 58  2.775         2.0609         0.9213
 59  2.875         2.0994         1.0283
 60  2.975         2.1546         1.2317
 61  3.075         2.2160         1.3356
 62  3.175         2.2747         1.3772
 63  3.275         2.3339         1.4392
 64  3.375         2.3950         1.5128
 65  3.475         2.4560         1.5735
 66  3.575         2.5172         1.6359
 67  3.675         2.5779         1.6932
 68  3.775         2.6370         1.7417
 69  3.875         2.6940         1.7839
 70  3.975         2.7502         1.8342
 71  4.075         2.8048         1.8770
 72  4.175         2.8566         1.9081
 73  4.275         2.9050         1.9277
 74  4.375         2.9507         1.9503
 75  4.475         2.9948         1.9795
 76  4.575         3.0378         2.0128
 77  4.675         3.0798         2.0445
 78  4.775         3.1206         2.0732
 79  4.875         3.1604         2.1022
 80  4.975         3.1989         2.1278
 81  5.075         3.2363         2.1528
 82  5.175         3.2726         2.1768
 83  5.275         3.3080         2.2009
 84  5.375         3.3422         2.2218
 85  5.475         3.3752         2.2398
 86  5.575         3.4071         2.2576
 87  5.675         3.4381         2.2751
 88  5.775         3.4680         2.2917
 89  5.875         3.4970         2.3075
 90  5.975         3.5250         2.3206
 91  6.075         3.5521         2.3334
 92  6.175         3.5783         2.3458
 93  6.275         3.6036         2.3571
 94  6.375         3.6282         2.3676
 95  6.475         3.6518         2.3767
 96  6.575         3.6746         2.3836
 97  6.675         3.6966         2.3898
 98  6.775         3.7180         2.3986
 99  6.875         3.7387         2.4068
100  6.975         3.7589         2.4168
101  7.075         3.7787         2.4280
102  7.175         3.7980         2.4359
103  7.275         3.8168         2.4447
104  7.375         3.8355         2.4596
105  7.475         3.8542         2.4789
106  7.575         3.8730         2.4990
107  7.675         3.8917         2.5170
108  7.775         3.9102         2.5299
109  7.875         3.9290         2.5572
110  7.975         3.9480         2.5787
111  8.075         3.9676         2.6132
112  8.175         3.9881         2.6522
113  8.275         4.0088         2.6751
114  8.375         4.0306         2.7203
115  8.476         4.0532         2.7590
116  8.575         4.0773         2.8090
117  8.675         4.1032         2.8658
118  8.775         4.1291         2.8920
119  8.875         4.1554         2.9253
120  8.976         4.1831         2.9742
121  9.075         4.2123         3.0251
122  9.175         4.2449         3.1046
123  9.275         4.2809         3.1809
124  9.375         4.3177         3.2273
125  9.476         4.3530         3.2453
126  9.575         4.3873         3.2682
127  9.675         4.4206         3.2885
128  9.775         4.4528         3.3077
129  9.875         4.4841         3.3260
130  9.976         4.5144         3.3426
131 10.075         4.5437         3.3584
132 10.175         4.5721         3.3734
133 10.275         4.5996         3.3872
134 10.375         4.6261         3.3993
135 10.476         4.6520         3.4135
136 10.575         4.6773         3.4298
137 10.675         4.7019         3.4445
138 10.775         4.7261         3.4587
139 10.875         4.7496         3.4719
140 10.976         4.7726         3.4856
141 11.075         4.7950         3.4963
142 11.175         4.8167         3.5038
143 11.275         4.8377         3.5125
144 11.375         4.8581         3.5185
145 11.476         4.8776         3.5215
146 11.575         4.8964         3.5232
147 11.675         4.9146         3.5277
148 11.775         4.9324         3.5356
149 11.875         4.9498         3.5437
150 11.976         4.9667         3.5482
151 12.075         4.9833         3.5587
152 12.175         5.0000         3.5759


#AGE=12.000 BINS=153 Power-law IMF: x=-2.350
# N  sdss_r       Log10(N)       Log10(dN)
  1 -2.883        -0.8903        -0.8903
  2 -2.783        -0.5932        -0.8981
  3 -2.683        -0.4123        -0.8802
  4 -2.583        -0.2670        -0.8129
  5 -2.483        -0.1600        -0.8211
  6 -2.383        -0.0702        -0.7987
  7 -2.283         0.0124        -0.7492
  8 -2.183         0.0850        -0.7277
  9 -2.083         0.1501        -0.7057
 10 -1.983         0.2089        -0.6888
 11 -1.883         0.2670        -0.6355
 12 -1.783         0.3205        -0.6155
 13 -1.683         0.3713        -0.5860
 14 -1.583         0.4186        -0.5674
 15 -1.483         0.4638        -0.5417
 16 -1.383         0.5095        -0.4910
 17 -1.283         0.5517        -0.4813
 18 -1.183         0.5922        -0.4585
 19 -1.083         0.6335        -0.4081
 20 -0.983         0.6736        -0.3814
 21 -0.883         0.7136        -0.3421
 22 -0.783         0.7589        -0.2452
 23 -0.683         0.8009        -0.2348
 24 -0.583         0.8391        -0.2355
 25 -0.483         0.8747        -0.2292
 26 -0.383         0.9102        -0.1950
 27 -0.283         1.0055         0.2999
 28 -0.183         1.0414        -0.0590
 29 -0.083         1.0751        -0.0517
 30  0.017         1.1067        -0.0474
 31  0.117         1.1365        -0.0421
 32  0.217         1.1670        -0.0009
 33  0.317         1.1986         0.0446
 34  0.417         1.2304         0.0789
 35  0.517         1.2623         0.1126
 36  0.617         1.2942         0.1451
 37  0.717         1.3262         0.1765
 38  0.817         1.3581         0.2084
 39  0.917         1.3900         0.2409
 40  1.017         1.4225         0.2806
 41  1.117         1.4547         0.3080
 42  1.217         1.4873         0.3472
 43  1.317         1.5201         0.3811
 44  1.417         1.5530         0.4171
 45  1.517         1.5861         0.4513
 46  1.617         1.6193         0.4864
 47  1.717         1.6529         0.5246
 48  1.817         1.6869         0.5633
 49  1.917         1.7216         0.6078
 50  2.017         1.7575         0.6563
 51  2.117         1.7950         0.7129
 52  2.217         1.8335         0.7616
 53  2.317         1.8698         0.7750
 54  2.417         1.9046         0.7908
 55  2.517         1.9377         0.8034
 56  2.617         1.9693         0.8157
 57  2.717         2.0002         0.8362
 58  2.817         2.0315         0.8733
 59  2.917         2.0657         0.9454
 60  3.017         2.1081         1.0766
 61  3.117         2.1646         1.2512
 62  3.217         2.2216         1.3111
 63  3.317         2.2790         1.3724
 64  3.417         2.3374         1.4371
 65  3.517         2.3972         1.5067
 66  3.617         2.4576         1.5710
 67  3.717         2.5174         1.6265
 68  3.817         2.5763         1.6796
 69  3.917         2.6337         1.7267
 70  4.017         2.6901         1.7756
 71  4.117         2.7458         1.8258
 72  4.217         2.7997         1.8671
 73  4.317         2.8505         1.8938
 74  4.417         2.8989         1.9217
 75  4.517         2.9456         1.9539
 76  4.617         2.9906         1.9836
 77  4.717         3.0340         2.0122
 78  4.817         3.0761         2.0421
 79  4.917         3.1170         2.0706
 80  5.017         3.1566         2.0974
 81  5.117         3.1952         2.1241
 82  5.217         3.2327         2.1504
 83  5.317         3.2691         2.1741
 84  5.417         3.3042         2.1948
 85  5.517         3.3381         2.2134
 86  5.617         3.3709         2.2331
 87  5.717         3.4027         2.2507
 88  5.817         3.4334         2.2677
 89  5.917         3.4630         2.2819
 90  6.017         3.4916         2.2958
 91  6.117         3.5192         2.3088
 92  6.217         3.5459         2.3214
 93  6.317         3.5717         2.3333
 94  6.417         3.5966         2.3428
 95  6.517         3.6207         2.3517
 96  6.617         3.6438         2.3584
 97  6.717         3.6662         2.3669
 98  6.817         3.6879         2.3760
 99  6.917         3.7090         2.3848
100  7.017         3.7296         2.3955
101  7.117         3.7497         2.4048
102  7.217         3.7692         2.4127
103  7.317         3.7884         2.4253
104  7.417         3.8076         2.4438
105  7.517         3.8269         2.4640
106  7.617         3.8461         2.4815
107  7.717         3.8651         2.4970
108  7.817         3.8842         2.5171
109  7.917         3.9035         2.5423
110  8.017         3.9231         2.5682
111  8.117         3.9435         2.6061
112  8.217         3.9647         2.6423
113  8.317         3.9863         2.6714
114  8.417         4.0089         2.7133
115  8.517         4.0325         2.7559
116  8.617         4.0578         2.8116
117  8.717         4.0843         2.8564
118  8.817         4.1104         2.8770
119  8.917         4.1374         2.9174
120  9.017         4.1662         2.9736
121  9.117         4.1975         3.0396
122  9.217         4.2314         3.1062
123  9.317         4.2684         3.1805
124  9.417         4.3059         3.2241
125  9.517         4.3411         3.2323
126  9.617         4.3755         3.2567
127  9.717         4.4089         3.2783
128  9.817         4.4413         3.2976
129  9.917         4.4722         3.3102
130 10.017         4.5023         3.3273
131 10.117         4.5317         3.3474
132 10.217         4.5599         3.3592
133 10.317         4.5871         3.3693
134 10.417         4.6134         3.3840
135 10.517         4.6393         3.4004
136 10.617         4.6644         3.4145
137 10.717         4.6889         3.4279
138 10.817         4.7128         3.4414
139 10.917         4.7361         3.4546
140 11.017         4.7588         3.4654
141 11.117         4.7809         3.4766
142 11.217         4.8023         3.4843
143 11.317         4.8229         3.4889
144 11.417         4.8428         3.4943
145 11.517         4.8621         3.4999
146 11.617         4.8808         3.5050
147 11.717         4.8988         3.5078
148 11.817         4.9163         3.5134
149 11.917         4.9335         3.5232
150 12.017         4.9505         3.5342
151 12.117         4.9671         3.5416
152 12.217         4.9836         3.5533
153 12.317         5.0000         3.5697


#AGE=13.000 BINS=155 Power-law IMF: x=-2.350
# N  sdss_r       Log10(N)       Log10(dN)
  1 -2.952         0.1752         0.1752
  2 -2.852         0.2033        -1.0010
  3 -2.752         0.2353        -0.9128
  4 -2.652         0.2663        -0.8949
  5 -2.552         0.2940        -0.9164
  6 -2.452         0.3219        -0.8835
  7 -2.352         0.3530        -0.8078
  8 -2.252         0.3821        -0.8063
  9 -2.152         0.4104        -0.7893
 10 -2.052         0.4412        -0.7234
 11 -1.952         0.4685        -0.7464
 12 -1.852         0.4984        -0.6790
 13 -1.752         0.5263        -0.6790
 14 -1.652         0.5541        -0.6537
 15 -1.552         0.5828        -0.6123
 16 -1.452         0.6123        -0.5693
 17 -1.352         0.6410        -0.5536
 18 -1.252         0.6699        -0.5213
 19 -1.152         0.6984        -0.4984
 20 -1.052         0.7274        -0.4632
 21 -0.952         0.7561        -0.4384
 22 -0.852         0.7861        -0.3882
 23 -0.752         0.8210        -0.2921
 24 -0.652         0.8547        -0.2718
 25 -0.552         0.8849        -0.2883
 26 -0.452         0.9139        -0.2763
 27 -0.352         0.9441        -0.2281
 28 -0.252         1.0202         0.2261
 29 -0.152         1.0536        -0.0762
 30 -0.052         1.0832        -0.0989
 31  0.048         1.1114        -0.0892
 32  0.148         1.1381        -0.0866
 33  0.248         1.1662        -0.0378
 34  0.348         1.1943        -0.0089
 35  0.448         1.2233         0.0348
 36  0.548         1.2527         0.0679
 37  0.648         1.2823         0.1018
 38  0.748         1.3122         0.1346
 39  0.848         1.3421         0.1651
 40  0.948         1.3722         0.1975
 41  1.048         1.4026         0.2324
 42  1.148         1.4333         0.2683
 43  1.248         1.4645         0.3050
 44  1.348         1.4959         0.3401
 45  1.448         1.5275         0.3735
 46  1.548         1.5595         0.4112
 47  1.648         1.5916         0.4443
 48  1.748         1.6241         0.4818
 49  1.848         1.6571         0.5214
 50  1.948         1.6907         0.5628
 51  2.048         1.7255         0.6116
 52  2.148         1.7616         0.6636
 53  2.248         1.7997         0.7235
 54  2.348         1.8362         0.7430
 55  2.448         1.8711         0.7592
 56  2.548         1.9045         0.7730
 57  2.648         1.9360         0.7817
 58  2.748         1.9666         0.7984
 59  2.848         1.9969         0.8262
 60  2.948         2.0286         0.8763
 61  3.048         2.0648         0.9674
 62  3.148         2.1116         1.1205
 63  3.248         2.1671         1.2465
 64  3.348         2.2223         1.2987
 65  3.448         2.2793         1.3693
 66  3.548         2.3378         1.4387
 67  3.648         2.3974         1.5053
 68  3.748         2.4577         1.5706
 69  3.848         2.5176         1.6273
 70  3.948         2.5764         1.6792
 71  4.048         2.6337         1.7257
 72  4.148         2.6908         1.7809
 73  4.248         2.7469         1.8304
 74  4.348         2.8010         1.8695
 75  4.448         2.8518         1.8947
 76  4.548         2.9000         1.9219
 77  4.648         2.9462         1.9499
 78  4.748         2.9909         1.9811
 79  4.848         3.0341         2.0107
 80  4.948         3.0760         2.0392
 81  5.048         3.1166         2.0673
 82  5.148         3.1561         2.0959
 83  5.248         3.1946         2.1231
 84  5.348         3.2319         2.1466
 85  5.448         3.2678         2.1675
 86  5.548         3.3026         2.1887
 87  5.648         3.3362         2.2083
 88  5.748         3.3687         2.2267
 89  5.848         3.4000         2.2428
 90  5.948         3.4302         2.2575
 91  6.048         3.4594         2.2715
 92  6.148         3.4875         2.2848
 93  6.248         3.5147         2.2981
 94  6.348         3.5410         2.3097
 95  6.448         3.5662         2.3187
 96  6.548         3.5906         2.3272
 97  6.648         3.6141         2.3354
 98  6.748         3.6368         2.3443
 99  6.848         3.6589         2.3546
100  6.948         3.6804         2.3630
101  7.048         3.7013         2.3737
102  7.148         3.7217         2.3837
103  7.248         3.7415         2.3913
104  7.348         3.7612         2.4069
105  7.448         3.7809         2.4274
106  7.548         3.8005         2.4464
107  7.648         3.8201         2.4648
108  7.748         3.8394         2.4784
109  7.848         3.8591         2.5048
110  7.948         3.8789         2.5270
111  8.048         3.8995         2.5666
112  8.148         3.9205         2.5945
113  8.248         3.9420         2.6257
114  8.348         3.9644         2.6661
115  8.448         3.9876         2.7034
116  8.548         4.0121         2.7517
117  8.648         4.0385         2.8087
118  8.748         4.0652         2.8403
119  8.848         4.0913         2.8573
120  8.948         4.1190         2.9101
121  9.048         4.1491         2.9745
122  9.148         4.1824         3.0504
123  9.248         4.2169         3.1001
124  9.348         4.2549         3.1778
125  9.448         4.2921         3.2073
126  9.548         4.3279         3.2260
127  9.648         4.3624         3.2453
128  9.748         4.3957         3.2632
129  9.848         4.4280         3.2835
130  9.948         4.4592         3.3008
131 10.048         4.4894         3.3162
132 10.148         4.5185         3.3291
133 10.248         4.5464         3.3416
134 10.348         4.5736         3.3564
135 10.448         4.6000         3.3715
136 10.548         4.6257         3.3851
137 10.648         4.6507         3.3981
138 10.748         4.6751         3.4117
139 10.848         4.6988         3.4244
140 10.948         4.7219         3.4364
141 11.048         4.7444         3.4473
142 11.148         4.7662         3.4562
143 11.248         4.7874         3.4654
144 11.348         4.8079         3.4709
145 11.448         4.8275         3.4732
146 11.548         4.8464         3.4764
147 11.648         4.8648         3.4825
148 11.748         4.8828         3.4907
149 11.848         4.9003         3.4957
150 11.948         4.9173         3.5031
151 12.048         4.9342         3.5146
152 12.148         4.9509         3.5278
153 12.248         4.9674         3.5380
154 12.348         4.9837         3.5508
155 12.448         5.0000         3.5667
