#NUMBER OF AGES=15
#----------------------------------------------------       
#MIX-LEN  Y      Z          Zeff        [Fe/H] [a/Fe]       
# 1.9380  0.2452 1.2534E-04 1.2534E-04  -2.20   0.00        
#----------------------------------------------------       
#**PHOTOMETRIC SYSTEM**: SDSS (AB)                          
#----------------------------------------------------       
#AGE= 0.010 BINS=116 Power-law IMF: x=-2.350
# N  sdss_r       Log10(N)       Log10(dN)
  1 -0.873            NaN         0.0000
  2 -0.773         0.9999         1.1316
  3 -0.673         1.4547         1.2670
  4 -0.573         1.6822         1.2927
  5 -0.473         1.8357         1.3093
  6 -0.373         1.9525         1.3254
  7 -0.273         2.0469         1.3377
  8 -0.173         2.1263         1.3488
  9 -0.073         2.1952         1.3617
 10  0.027         2.1889         1.3617
 11  0.127         2.0095         1.3617
 12  0.227         2.0523         1.0239
 13  0.327         2.1187         1.2706
 14  0.427         2.1360         0.7288
 15  0.527         2.2306         1.5219
 16  0.627         2.3122         1.5461
 17  0.727         2.4746         1.9688
 18  0.827         2.5597         1.8096
 19  0.927         2.6431         1.8859
 20  1.027         2.7152         1.8995
 21  1.127         2.7818         1.9346
 22  1.227         2.8469         1.9906
 23  1.327         2.9148         2.0758
 24  1.427         3.0007         2.2547
 25  1.527         3.0511         2.0903
 26  1.627         3.0967         2.0953
 27  1.727         3.1339         2.0485
 28  1.827         3.1700         2.0714
 29  1.927         3.2102         2.1574
 30  2.027         3.4374         3.0473
 31  2.127         3.4726         2.3642
 32  2.227         3.4928         2.1494
 33  2.327         3.5128         2.1677
 34  2.427         3.5322         2.1709
 35  2.527         3.5505         2.1659
 36  2.627         3.5679         2.1632
 37  2.727         3.5851         2.1738
 38  2.827         3.6021         2.1859
 39  2.927         3.6190         2.2003
 40  3.027         3.6360         2.2209
 41  3.127         3.6532         2.2438
 42  3.227         3.6706         2.2642
 43  3.327         3.6874         2.2649
 44  3.427         3.7004         2.1728
 45  3.527         3.7134         2.1822
 46  3.627         3.7263         2.1921
 47  3.727         3.7391         2.2025
 48  3.827         3.7519         2.2135
 49  3.927         3.7646         2.2251
 50  4.027         3.7773         2.2374
 51  4.127         3.7900         2.2502
 52  4.227         3.8028         2.2638
 53  4.327         3.8155         2.2780
 54  4.427         3.8284         2.2929
 55  4.527         3.8413         2.3086
 56  4.627         3.8543         2.3250
 57  4.727         3.8675         2.3422
 58  4.827         3.8808         2.3601
 59  4.927         3.8943         2.3788
 60  5.027         3.9079         2.3980
 61  5.127         3.9217         2.4160
 62  5.227         3.9355         2.4321
 63  5.327         3.9494         2.4463
 64  5.427         3.9633         2.4612
 65  5.527         3.9774         2.4823
 66  5.627         3.9912         2.4883
 67  5.727         4.0043         2.4770
 68  5.827         4.0166         2.4623
 69  5.927         4.0264         2.3744
 70  6.027         4.0350         2.3277
 71  6.127         4.0435         2.3296
 72  6.227         4.0517         2.3259
 73  6.327         4.0600         2.3353
 74  6.427         4.0686         2.3629
 75  6.527         4.0780         2.4055
 76  6.627         4.0881         2.4507
 77  6.727         4.0992         2.5031
 78  6.827         4.1112         2.5452
 79  6.927         4.1240         2.5860
 80  7.027         4.1363         2.5851
 81  7.127         4.1493         2.6187
 82  7.227         4.1632         2.6588
 83  7.327         4.1772         2.6809
 84  7.427         4.1924         2.7291
 85  7.527         4.2109         2.8299
 86  7.627         4.2295         2.8526
 87  7.727         4.2715         3.2356
 88  7.827         4.3370         3.4832
 89  7.927         4.3945         3.4880
 90  8.027         4.4422         3.4598
 91  8.127         4.4852         3.4588
 92  8.227         4.5326         3.5474
 93  8.327         4.5595         3.3378
 94  8.427         4.5798         3.2405
 95  8.527         4.5978         3.2052
 96  8.627         4.6157         3.2228
 97  8.727         4.6342         3.2550
 98  8.827         4.6565         3.3543
 99  8.927         4.6791         3.3842
100  9.027         4.7014         3.4021
101  9.127         4.7232         3.4131
102  9.227         4.7445         3.4239
103  9.327         4.7653         3.4346
104  9.427         4.7856         3.4451
105  9.527         4.8054         3.4555
106  9.627         4.8249         3.4658
107  9.727         4.8439         3.4760
108  9.827         4.8625         3.4851
109  9.927         4.8806         3.4927
110 10.027         4.8984         3.5015
111 10.127         4.9159         3.5115
112 10.227         4.9331         3.5229
113 10.327         4.9501         3.5355
114 10.427         4.9669         3.5448
115 10.527         4.9834         3.5563
116 10.627         5.0000         3.5728


#AGE= 0.100 BINS=116 Power-law IMF: x=-2.350
# N  sdss_r       Log10(N)       Log10(dN)
  1 -0.760            NaN         3.5728
  2 -0.660            NaN         3.5728
  3 -0.560            NaN         3.5728
  4 -0.460            NaN         3.5728
  5 -0.360            NaN         3.5728
  6 -0.260         1.0918         1.2628
  7 -0.160         1.5199         1.3170
  8 -0.060         1.7381         1.3348
  9  0.040         1.8879         1.3528
 10  0.140         2.0021         1.3663
 11  0.240         1.7996         1.3663
 12  0.340         1.6193         1.3663
 13  0.440         1.7797         1.2695
 14  0.540         1.8599         1.0866
 15  0.640         1.9861         1.3876
 16  0.740         2.1334         1.5925
 17  0.840         2.3620         1.9738
 18  0.940         2.4807         1.8594
 19  1.040         2.5905         1.9397
 20  1.140         2.6741         1.9174
 21  1.240         2.7496         1.9525
 22  1.340         2.8296         2.0553
 23  1.440         2.9093         2.1336
 24  1.540         2.9981         2.2655
 25  1.640         3.0465         2.0691
 26  1.740         3.0879         2.0470
 27  1.840         3.1268         2.0588
 28  1.940         3.1667         2.1110
 29  2.040         3.2127         2.2146
 30  2.140         3.4267         3.0166
 31  2.240         3.4594         2.3201
 32  2.340         3.4811         2.1700
 33  2.440         3.5017         2.1675
 34  2.540         3.5219         2.1781
 35  2.640         3.5410         2.1749
 36  2.740         3.5590         2.1685
 37  2.840         3.5766         2.1751
 38  2.940         3.5940         2.1877
 39  3.040         3.6112         2.2006
 40  3.140         3.6285         2.2205
 41  3.240         3.6460         2.2436
 42  3.340         3.6637         2.2641
 43  3.440         3.6803         2.2550
 44  3.540         3.6938         2.1773
 45  3.640         3.7071         2.1882
 46  3.740         3.7204         2.1979
 47  3.840         3.7335         2.2080
 48  3.940         3.7466         2.2187
 49  4.040         3.7596         2.2300
 50  4.140         3.7726         2.2420
 51  4.240         3.7856         2.2546
 52  4.340         3.7986         2.2678
 53  4.440         3.8116         2.2818
 54  4.540         3.8246         2.2964
 55  4.640         3.8378         2.3118
 56  4.740         3.8510         2.3279
 57  4.840         3.8643         2.3448
 58  4.940         3.8778         2.3625
 59  5.040         3.8914         2.3809
 60  5.140         3.9052         2.4001
 61  5.240         3.9191         2.4181
 62  5.340         3.9331         2.4341
 63  5.440         3.9471         2.4479
 64  5.540         3.9611         2.4631
 65  5.640         3.9753         2.4829
 66  5.740         3.9892         2.4868
 67  5.840         4.0023         2.4740
 68  5.940         4.0146         2.4613
 69  6.040         4.0265         2.4599
 70  6.140         4.0363         2.3835
 71  6.240         4.0449         2.3371
 72  6.340         4.0531         2.3262
 73  6.440         4.0613         2.3350
 74  6.540         4.0700         2.3652
 75  6.640         4.0793         2.4069
 76  6.740         4.0894         2.4504
 77  6.840         4.1005         2.5032
 78  6.940         4.1126         2.5505
 79  7.040         4.1247         2.5647
 80  7.140         4.1370         2.5831
 81  7.240         4.1503         2.6285
 82  7.340         4.1642         2.6616
 83  7.440         4.1779         2.6719
 84  7.540         4.1963         2.8133
 85  7.640         4.2151         2.8425
 86  7.740         4.2341         2.8653
 87  7.840         4.2531         2.8845
 88  7.940         4.3093         3.3934
 89  8.040         4.3696         3.4821
 90  8.140         4.4227         3.4843
 91  8.240         4.4695         3.4786
 92  8.340         4.5200         3.5606
 93  8.440         4.5458         3.3073
 94  8.540         4.5668         3.2397
 95  8.640         4.5862         3.2265
 96  8.740         4.6058         3.2507
 97  8.840         4.6280         3.3247
 98  8.940         4.6511         3.3670
 99  9.040         4.6747         3.3973
100  9.140         4.6977         3.4102
101  9.240         4.7201         3.4217
102  9.340         4.7420         3.4327
103  9.440         4.7633         3.4433
104  9.540         4.7840         3.4536
105  9.640         4.8043         3.4634
106  9.740         4.8241         3.4729
107  9.840         4.8434         3.4821
108  9.940         4.8623         3.4904
109 10.040         4.8806         3.4975
110 10.140         4.8986         3.5054
111 10.240         4.9161         3.5143
112 10.340         4.9334         3.5245
113 10.440         4.9504         3.5356
114 10.540         4.9671         3.5431
115 10.640         4.9836         3.5535
116 10.740         5.0000         3.5700


#AGE= 1.000 BINS=130 Power-law IMF: x=-2.350
# N  sdss_r       Log10(N)       Log10(dN)
  1 -1.034         0.1689         0.1689
  2 -0.934         0.5468         0.3111
  3 -0.834         0.7081         0.1996
  4 -0.734         0.8306         0.2214
  5 -0.634         0.9282         0.2316
  6 -0.534         1.0096         0.2427
  7 -0.434         1.0796         0.2524
  8 -0.334         1.1416         0.2656
  9 -0.234         1.1964         0.2705
 10 -0.134         1.2458         0.2773
 11 -0.034         1.2911         0.2869
 12  0.066         1.3326         0.2921
 13  0.166         1.3710         0.2985
 14  0.266         1.4673         0.7660
 15  0.366         1.5895         0.9792
 16  0.466         1.6096         0.2647
 17  0.566         1.6293         0.2758
 18  0.666         1.6493         0.3034
 19  0.766         1.6710         0.3582
 20  0.866         1.6954         0.4323
 21  0.966         1.7252         0.5472
 22  1.066         1.7618         0.6695
 23  1.166         1.8062         0.7939
 24  1.266         1.8577         0.9059
 25  1.366         1.9068         0.9362
 26  1.466         1.9483         0.9072
 27  1.566         1.9904         0.9565
 28  1.666         2.1450         1.6212
 29  1.766         2.3156         1.8274
 30  1.866         2.4173         1.7369
 31  1.966         2.4961         1.7161
 32  2.066         2.5731         1.7837
 33  2.166         2.6456         1.8322
 34  2.266         2.7185         1.9080
 35  2.366         2.7867         1.9487
 36  2.466         2.8531         2.0049
 37  2.566         2.9208         2.0801
 38  2.666         2.9795         2.0813
 39  2.766         3.0408         2.1601
 40  2.866         3.0927         2.1442
 41  2.966         3.1404         2.1579
 42  3.066         3.1842         2.1665
 43  3.166         3.2248         2.1755
 44  3.266         3.2627         2.1846
 45  3.366         3.2967         2.1736
 46  3.466         3.3260         2.1394
 47  3.566         3.3528         2.1300
 48  3.666         3.3786         2.1398
 49  3.766         3.4030         2.1407
 50  3.866         3.4261         2.1414
 51  3.966         3.4491         2.1603
 52  4.066         3.4717         2.1779
 53  4.166         3.4932         2.1772
 54  4.266         3.5142         2.1887
 55  4.366         3.5350         2.2032
 56  4.466         3.5554         2.2184
 57  4.566         3.5756         2.2317
 58  4.666         3.5952         2.2407
 59  4.766         3.6145         2.2538
 60  4.866         3.6337         2.2677
 61  4.966         3.6525         2.2811
 62  5.066         3.6711         2.2939
 63  5.166         3.6895         2.3061
 64  5.266         3.7076         2.3176
 65  5.366         3.7253         2.3286
 66  5.466         3.7428         2.3389
 67  5.566         3.7600         2.3485
 68  5.666         3.7768         2.3574
 69  5.766         3.7934         2.3656
 70  5.866         3.8096         2.3747
 71  5.966         3.8257         2.3849
 72  6.066         3.8415         2.3944
 73  6.166         3.8570         2.4032
 74  6.266         3.8723         2.4113
 75  6.366         3.8873         2.4192
 76  6.466         3.9021         2.4276
 77  6.566         3.9167         2.4358
 78  6.666         3.9311         2.4444
 79  6.766         3.9453         2.4508
 80  6.866         3.9591         2.4549
 81  6.966         3.9728         2.4647
 82  7.066         3.9864         2.4760
 83  7.166         4.0001         2.4931
 84  7.266         4.0139         2.5098
 85  7.366         4.0277         2.5202
 86  7.466         4.0414         2.5332
 87  7.566         4.0552         2.5505
 88  7.666         4.0692         2.5709
 89  7.766         4.0835         2.5946
 90  7.866         4.0983         2.6220
 91  7.966         4.1136         2.6553
 92  8.066         4.1300         2.6980
 93  8.166         4.1471         2.7326
 94  8.266         4.1652         2.7769
 95  8.366         4.1846         2.8252
 96  8.466         4.2048         2.8632
 97  8.566         4.2261         2.9051
 98  8.666         4.2485         2.9495
 99  8.766         4.2708         2.9710
100  8.866         4.2914         2.9561
101  8.966         4.3162         3.0606
102  9.066         4.3431         3.1222
103  9.166         4.3720         3.1802
104  9.266         4.4007         3.2075
105  9.366         4.4292         3.2312
106  9.466         4.4577         3.2606
107  9.566         4.4861         3.2873
108  9.666         4.5142         3.3116
109  9.766         4.5422         3.3375
110  9.866         4.5700         3.3626
111  9.966         4.5975         3.3860
112 10.066         4.6247         3.4074
113 10.166         4.6515         3.4279
114 10.266         4.6783         3.4554
115 10.366         4.7049         3.4794
116 10.466         4.7310         3.4969
117 10.566         4.7562         3.5079
118 10.666         4.7803         3.5120
119 10.766         4.8033         3.5149
120 10.866         4.8256         3.5251
121 10.966         4.8470         3.5304
122 11.066         4.8675         3.5303
123 11.166         4.8868         3.5249
124 11.266         4.9049         3.5153
125 11.366         4.9220         3.5089
126 11.466         4.9384         3.5084
127 11.566         4.9545         3.5137
128 11.666         4.9699         3.5132
129 11.766         4.9849         3.5169
130 11.866         5.0000         3.5323


#AGE= 2.000 BINS=148 Power-law IMF: x=-2.350
# N  sdss_r       Log10(N)       Log10(dN)
  1 -2.486        -0.3993        -0.3993
  2 -2.386        -0.0850        -0.3731
  3 -2.286         0.1002        -0.3594
  4 -2.186         0.2367        -0.3325
  5 -2.086         0.3499        -0.2893
  6 -1.986         0.5361         0.0784
  7 -1.886         0.6055        -0.2247
  8 -1.786         0.6658        -0.2217
  9 -1.686         0.7209        -0.2032
 10 -1.586         0.7716        -0.1863
 11 -1.486         0.9110         0.3496
 12 -1.386         0.9533        -0.0786
 13 -1.286         0.9921        -0.0768
 14 -1.186         1.0290        -0.0590
 15 -1.086         1.0652        -0.0324
 16 -0.986         1.1005        -0.0076
 17 -0.886         1.1350         0.0185
 18 -0.786         1.1690         0.0451
 19 -0.686         1.2026         0.0751
 20 -0.586         1.2358         0.1019
 21 -0.486         1.2686         0.1304
 22 -0.386         1.3011         0.1595
 23 -0.286         1.3334         0.1889
 24 -0.186         1.3657         0.2214
 25 -0.086         1.3982         0.2556
 26  0.014         1.4310         0.2931
 27  0.114         1.4631         0.3154
 28  0.214         1.4937         0.3271
 29  0.314         1.5248         0.3638
 30  0.414         1.5556         0.3918
 31  0.514         1.5863         0.4199
 32  0.614         1.6164         0.4427
 33  0.714         1.6468         0.4769
 34  0.814         1.6762         0.4916
 35  0.914         1.7072         0.5454
 36  1.014         1.8393         1.2582
 37  1.114         1.8695         0.6967
 38  1.214         1.8918         0.5913
 39  1.314         1.9145         0.6216
 40  1.414         1.9402         0.6986
 41  1.514         1.9703         0.7967
 42  1.614         2.0065         0.9086
 43  1.714         2.0498         1.0271
 44  1.814         2.1012         1.1492
 45  1.914         2.1608         1.2684
 46  2.014         2.2275         1.3811
 47  2.114         2.2999         1.4861
 48  2.214         2.3752         1.5774
 49  2.314         2.4535         1.6705
 50  2.414         2.5333         1.7582
 51  2.514         2.6139         1.8430
 52  2.614         2.6902         1.8976
 53  2.714         2.7601         1.9321
 54  2.814         2.8236         1.9573
 55  2.914         2.8817         1.9795
 56  3.014         2.9355         2.0018
 57  3.114         2.9858         2.0242
 58  3.214         3.0321         2.0375
 59  3.314         3.0728         2.0247
 60  3.414         3.1090         2.0113
 61  3.514         3.1432         2.0226
 62  3.614         3.1761         2.0386
 63  3.714         3.2067         2.0406
 64  3.814         3.2360         2.0495
 65  3.914         3.2652         2.0792
 66  4.014         3.2933         2.0905
 67  4.114         3.3200         2.0951
 68  4.214         3.3461         2.1110
 69  4.314         3.3717         2.1291
 70  4.414         3.3966         2.1437
 71  4.514         3.4210         2.1574
 72  4.614         3.4446         2.1691
 73  4.714         3.4676         2.1792
 74  4.814         3.4903         2.1969
 75  4.914         3.5128         2.2167
 76  5.014         3.5351         2.2338
 77  5.114         3.5571         2.2512
 78  5.214         3.5783         2.2563
 79  5.314         3.5988         2.2626
 80  5.414         3.6187         2.2706
 81  5.514         3.6382         2.2804
 82  5.614         3.6573         2.2920
 83  5.714         3.6762         2.3033
 84  5.814         3.6946         2.3136
 85  5.914         3.7127         2.3238
 86  6.014         3.7305         2.3342
 87  6.114         3.7480         2.3440
 88  6.214         3.7651         2.3531
 89  6.314         3.7820         2.3624
 90  6.414         3.7985         2.3713
 91  6.514         3.8148         2.3802
 92  6.614         3.8308         2.3882
 93  6.714         3.8464         2.3953
 94  6.814         3.8618         2.4028
 95  6.914         3.8768         2.4086
 96  7.014         3.8917         2.4204
 97  7.114         3.9068         2.4381
 98  7.214         3.9218         2.4533
 99  7.314         3.9367         2.4656
100  7.414         3.9515         2.4764
101  7.514         3.9664         2.4936
102  7.614         3.9813         2.5108
103  7.714         3.9966         2.5341
104  7.814         4.0124         2.5677
105  7.914         4.0286         2.5918
106  8.014         4.0459         2.6356
107  8.114         4.0640         2.6767
108  8.214         4.0832         2.7181
109  8.314         4.1032         2.7576
110  8.414         4.1241         2.7953
111  8.514         4.1457         2.8314
112  8.614         4.1679         2.8657
113  8.714         4.1900         2.8860
114  8.814         4.2159         2.9782
115  8.914         4.2446         3.0508
116  9.014         4.2736         3.0827
117  9.114         4.3038         3.1323
118  9.214         4.3338         3.1575
119  9.314         4.3625         3.1680
120  9.414         4.3911         3.1953
121  9.514         4.4192         3.2167
122  9.614         4.4471         3.2418
123  9.714         4.4750         3.2689
124  9.814         4.5027         3.2929
125  9.914         4.5300         3.3151
126 10.014         4.5571         3.3380
127 10.114         4.5838         3.3603
128 10.214         4.6103         3.3822
129 10.314         4.6369         3.4112
130 10.414         4.6635         3.4366
131 10.514         4.6895         3.4542
132 10.614         4.7146         3.4640
133 10.714         4.7384         3.4655
134 10.814         4.7612         3.4691
135 10.914         4.7832         3.4772
136 11.014         4.8043         3.4804
137 11.114         4.8243         3.4787
138 11.214         4.8432         3.4720
139 11.314         4.8610         3.4638
140 11.414         4.8779         3.4603
141 11.514         4.8943         3.4626
142 11.614         4.9103         3.4683
143 11.714         4.9257         3.4688
144 11.814         4.9408         3.4746
145 11.914         4.9558         3.4868
146 12.014         4.9706         3.4964
147 12.114         4.9853         3.5070
148 12.214         5.0000         3.5215


#AGE= 3.000 BINS=150 Power-law IMF: x=-2.350
# N  sdss_r       Log10(N)       Log10(dN)
  1 -2.748        -0.5180        -0.5180
  2 -2.648        -0.2279        -0.5401
  3 -2.548        -0.0497        -0.5226
  4 -2.448         0.0830        -0.4964
  5 -2.348         0.1892        -0.4745
  6 -2.248         0.2807        -0.4405
  7 -2.148         0.3605        -0.4145
  8 -2.048         0.4311        -0.3930
  9 -1.948         0.4957        -0.3640
 10 -1.848         0.5545        -0.3430
 11 -1.748         0.6144        -0.2750
 12 -1.648         0.7156         0.0332
 13 -1.548         0.7636        -0.2163
 14 -1.448         0.8050        -0.2369
 15 -1.348         0.9195         0.2848
 16 -1.248         0.9581        -0.1122
 17 -1.148         0.9934        -0.1143
 18 -1.048         1.0276        -0.0937
 19 -0.948         1.0611        -0.0681
 20 -0.848         1.0941        -0.0414
 21 -0.748         1.1268        -0.0124
 22 -0.648         1.1591         0.0148
 23 -0.548         1.1914         0.0456
 24 -0.448         1.2233         0.0747
 25 -0.348         1.2550         0.1018
 26 -0.248         1.2866         0.1330
 27 -0.148         1.3181         0.1624
 28 -0.048         1.3492         0.1890
 29  0.052         1.3804         0.2208
 30  0.152         1.4115         0.2522
 31  0.252         1.4429         0.2857
 32  0.352         1.4748         0.3255
 33  0.452         1.5069         0.3587
 34  0.552         1.5381         0.3799
 35  0.652         1.5694         0.4107
 36  0.752         1.6009         0.4469
 37  0.852         1.6329         0.4836
 38  0.952         1.6631         0.4908
 39  1.052         1.6923         0.5055
 40  1.152         1.7208         0.5226
 41  1.252         1.7499         0.5622
 42  1.352         1.7873         0.7039
 43  1.452         1.9049         1.2800
 44  1.552         1.9425         0.8612
 45  1.652         1.9762         0.8493
 46  1.752         2.0110         0.8969
 47  1.852         2.0503         0.9874
 48  1.952         2.0960         1.0959
 49  2.052         2.1487         1.2068
 50  2.152         2.2080         1.3136
 51  2.252         2.2733         1.4186
 52  2.352         2.3436         1.5178
 53  2.452         2.4171         1.6093
 54  2.552         2.4927         1.6965
 55  2.652         2.5689         1.7752
 56  2.752         2.6442         1.8463
 57  2.852         2.7127         1.8767
 58  2.952         2.7752         1.9027
 59  3.052         2.8326         1.9247
 60  3.152         2.8839         1.9316
 61  3.252         2.9302         1.9350
 62  3.352         2.9728         1.9426
 63  3.452         3.0131         1.9614
 64  3.552         3.0515         1.9788
 65  3.652         3.0875         1.9883
 66  3.752         3.1222         2.0072
 67  3.852         3.1566         2.0380
 68  3.952         3.1897         2.0561
 69  4.052         3.2214         2.0687
 70  4.152         3.2522         2.0873
 71  4.252         3.2822         2.1065
 72  4.352         3.3113         2.1238
 73  4.452         3.3396         2.1390
 74  4.552         3.3671         2.1557
 75  4.652         3.3939         2.1694
 76  4.752         3.4201         2.1875
 77  4.852         3.4458         2.2066
 78  4.952         3.4710         2.2208
 79  5.052         3.4953         2.2309
 80  5.152         3.5191         2.2468
 81  5.252         3.5419         2.2509
 82  5.352         3.5640         2.2594
 83  5.452         3.5859         2.2769
 84  5.552         3.6072         2.2878
 85  5.652         3.6280         2.2984
 86  5.752         3.6484         2.3106
 87  5.852         3.6684         2.3216
 88  5.952         3.6880         2.3325
 89  6.052         3.7072         2.3425
 90  6.152         3.7260         2.3525
 91  6.252         3.7444         2.3621
 92  6.352         3.7624         2.3716
 93  6.452         3.7801         2.3813
 94  6.552         3.7975         2.3910
 95  6.652         3.8145         2.3983
 96  6.752         3.8311         2.4057
 97  6.852         3.8473         2.4126
 98  6.952         3.8634         2.4221
 99  7.052         3.8793         2.4375
100  7.152         3.8953         2.4537
101  7.252         3.9113         2.4690
102  7.352         3.9270         2.4776
103  7.452         3.9427         2.4923
104  7.552         3.9585         2.5106
105  7.652         3.9743         2.5283
106  7.752         3.9908         2.5619
107  7.852         4.0076         2.5864
108  7.952         4.0251         2.6225
109  8.052         4.0438         2.6682
110  8.152         4.0635         2.7115
111  8.252         4.0843         2.7524
112  8.352         4.1058         2.7912
113  8.452         4.1281         2.8276
114  8.552         4.1510         2.8618
115  8.652         4.1746         2.8964
116  8.752         4.1991         2.9390
117  8.852         4.2288         3.0491
118  8.952         4.2598         3.0985
119  9.052         4.2904         3.1230
120  9.152         4.3222         3.1708
121  9.252         4.3519         3.1717
122  9.352         4.3812         3.1954
123  9.452         4.4101         3.2198
124  9.552         4.4385         3.2404
125  9.652         4.4664         3.2594
126  9.752         4.4940         3.2839
127  9.852         4.5214         3.3076
128  9.952         4.5486         3.3313
129 10.052         4.5755         3.3550
130 10.152         4.6022         3.3775
131 10.252         4.6288         3.4023
132 10.352         4.6554         3.4297
133 10.452         4.6816         3.4495
134 10.552         4.7070         3.4615
135 10.652         4.7313         3.4662
136 10.752         4.7549         3.4780
137 10.852         4.7778         3.4879
138 10.952         4.7997         3.4914
139 11.052         4.8204         3.4884
140 11.152         4.8398         3.4803
141 11.252         4.8581         3.4750
142 11.352         4.8757         3.4734
143 11.452         4.8926         3.4757
144 11.552         4.9090         3.4781
145 11.652         4.9248         3.4770
146 11.752         4.9402         3.4823
147 11.852         4.9555         3.4933
148 11.952         4.9704         3.5005
149 12.052         4.9852         3.5099
150 12.152         5.0000         3.5247


#AGE= 4.000 BINS=151 Power-law IMF: x=-2.350
# N  sdss_r       Log10(N)       Log10(dN)
  1 -2.749        -0.6605        -0.6605
  2 -2.649        -0.3498        -0.6415
  3 -2.549        -0.1602        -0.6114
  4 -2.449        -0.0209        -0.5826
  5 -2.349         0.0889        -0.5620
  6 -2.249         0.1825        -0.5300
  7 -2.149         0.2635        -0.5054
  8 -2.049         0.3367        -0.4732
  9 -1.949         0.4021        -0.4519
 10 -1.849         0.4628        -0.4220
 11 -1.749         0.5190        -0.3969
 12 -1.649         0.5709        -0.3771
 13 -1.549         0.6619        -0.0615
 14 -1.449         0.7136        -0.2366
 15 -1.349         0.7559        -0.2770
 16 -1.249         0.8520         0.1501
 17 -1.149         0.9014        -0.0677
 18 -1.049         0.9378        -0.1566
 19 -0.949         0.9728        -0.1382
 20 -0.849         1.0067        -0.1169
 21 -0.749         1.0404        -0.0872
 22 -0.649         1.0736        -0.0596
 23 -0.549         1.1065        -0.0308
 24 -0.449         1.1391        -0.0011
 25 -0.349         1.1717         0.0312
 26 -0.249         1.2040         0.0592
 27 -0.149         1.2362         0.0906
 28 -0.049         1.2683         0.1213
 29  0.051         1.3001         0.1487
 30  0.151         1.3319         0.1801
 31  0.251         1.3635         0.2103
 32  0.351         1.3949         0.2382
 33  0.451         1.4268         0.2770
 34  0.551         1.4590         0.3132
 35  0.651         1.4914         0.3480
 36  0.751         1.5237         0.3795
 37  0.851         1.5559         0.4089
 38  0.951         1.5884         0.4467
 39  1.051         1.6209         0.4794
 40  1.151         1.6524         0.4970
 41  1.251         1.6827         0.5105
 42  1.351         1.7120         0.5267
 43  1.451         1.7410         0.5511
 44  1.551         1.7714         0.6022
 45  1.651         1.8179         0.8243
 46  1.751         1.9148         1.2158
 47  1.851         1.9608         0.9634
 48  1.951         2.0054         0.9944
 49  2.051         2.0522         1.0619
 50  2.151         2.1037         1.1520
 51  2.251         2.1593         1.2388
 52  2.351         2.2203         1.3381
 53  2.451         2.2862         1.4349
 54  2.551         2.3554         1.5235
 55  2.651         2.4271         1.6092
 56  2.751         2.4993         1.6848
 57  2.851         2.5725         1.7628
 58  2.951         2.6398         1.7972
 59  3.051         2.7001         1.8127
 60  3.151         2.7545         1.8257
 61  3.251         2.8046         1.8412
 62  3.351         2.8516         1.8626
 63  3.451         2.8958         1.8822
 64  3.551         2.9377         1.9004
 65  3.651         2.9778         1.9234
 66  3.751         3.0171         1.9542
 67  3.851         3.0554         1.9823
 68  3.951         3.0921         2.0003
 69  4.051         3.1275         2.0215
 70  4.151         3.1621         2.0457
 71  4.251         3.1958         2.0688
 72  4.351         3.2285         2.0893
 73  4.451         3.2602         2.1078
 74  4.551         3.2909         2.1248
 75  4.651         3.3207         2.1419
 76  4.751         3.3497         2.1610
 77  4.851         3.3779         2.1757
 78  4.951         3.4049         2.1860
 79  5.051         3.4311         2.1979
 80  5.151         3.4568         2.2156
 81  5.251         3.4813         2.2215
 82  5.351         3.5054         2.2369
 83  5.451         3.5290         2.2523
 84  5.551         3.5519         2.2638
 85  5.651         3.5743         2.2754
 86  5.751         3.5962         2.2882
 87  5.851         3.6177         2.3009
 88  5.951         3.6386         2.3109
 89  6.051         3.6591         2.3221
 90  6.151         3.6791         2.3330
 91  6.251         3.6987         2.3428
 92  6.351         3.7179         2.3530
 93  6.451         3.7366         2.3631
 94  6.551         3.7550         2.3731
 95  6.651         3.7730         2.3818
 96  6.751         3.7906         2.3880
 97  6.851         3.8078         2.3967
 98  6.951         3.8247         2.4060
 99  7.051         3.8416         2.4230
100  7.151         3.8584         2.4388
101  7.251         3.8751         2.4525
102  7.351         3.8916         2.4623
103  7.451         3.9081         2.4783
104  7.551         3.9246         2.4981
105  7.651         3.9412         2.5136
106  7.751         3.9584         2.5490
107  7.851         3.9760         2.5753
108  7.951         3.9943         2.6094
109  8.051         4.0138         2.6569
110  8.151         4.0345         2.7018
111  8.251         4.0562         2.7437
112  8.351         4.0787         2.7828
113  8.451         4.1020         2.8191
114  8.551         4.1258         2.8524
115  8.651         4.1499         2.8834
116  8.751         4.1757         2.9368
117  8.851         4.2059         3.0321
118  8.951         4.2394         3.1101
119  9.051         4.2715         3.1244
120  9.151         4.3038         3.1586
121  9.251         4.3343         3.1662
122  9.351         4.3644         3.1904
123  9.451         4.3940         3.2121
124  9.551         4.4227         3.2296
125  9.651         4.4509         3.2489
126  9.751         4.4790         3.2753
127  9.851         4.5066         3.2971
128  9.951         4.5338         3.3168
129 10.051         4.5607         3.3389
130 10.151         4.5875         3.3639
131 10.251         4.6140         3.3870
132 10.351         4.6401         3.4056
133 10.451         4.6658         3.4251
134 10.551         4.6912         3.4466
135 10.651         4.7160         3.4593
136 10.751         4.7396         3.4628
137 10.851         4.7620         3.4641
138 10.951         4.7836         3.4700
139 11.051         4.8043         3.4720
140 11.151         4.8240         3.4703
141 11.251         4.8426         3.4646
142 11.351         4.8602         3.4592
143 11.451         4.8771         3.4586
144 11.551         4.8935         3.4632
145 11.651         4.9095         3.4676
146 11.751         4.9250         3.4690
147 11.851         4.9402         3.4769
148 11.951         4.9553         3.4904
149 12.051         4.9703         3.5004
150 12.151         4.9852         3.5118
151 12.251         5.0000         3.5265


#AGE= 5.000 BINS=152 Power-law IMF: x=-2.350
# N  sdss_r       Log10(N)       Log10(dN)
  1 -2.849        -0.7399        -0.7399
  2 -2.749        -0.4262        -0.7149
  3 -2.649        -0.2418        -0.7027
  4 -2.549        -0.1034        -0.6676
  5 -2.449         0.0058        -0.6473
  6 -2.349         0.0983        -0.6184
  7 -2.249         0.1795        -0.5890
  8 -2.149         0.2525        -0.5581
  9 -2.049         0.3189        -0.5291
 10 -1.949         0.3793        -0.5078
 11 -1.849         0.4353        -0.4814
 12 -1.749         0.4883        -0.4518
 13 -1.649         0.5384        -0.4243
 14 -1.549         0.5863        -0.3952
 15 -1.449         0.6639        -0.1222
 16 -1.349         0.7119        -0.2680
 17 -1.249         0.7531        -0.2908
 18 -1.149         0.8330         0.0585
 19 -1.049         0.8863        -0.0507
 20 -0.949         0.9224        -0.1764
 21 -0.849         0.9572        -0.1558
 22 -0.749         0.9909        -0.1358
 23 -0.649         1.0242        -0.1082
 24 -0.549         1.0572        -0.0782
 25 -0.449         1.0898        -0.0514
 26 -0.349         1.1224        -0.0176
 27 -0.249         1.1550         0.0137
 28 -0.149         1.1872         0.0419
 29 -0.049         1.2195         0.0744
 30  0.051         1.2516         0.1047
 31  0.151         1.2837         0.1356
 32  0.251         1.3156         0.1666
 33  0.351         1.3473         0.1943
 34  0.451         1.3791         0.2277
 35  0.551         1.4108         0.2588
 36  0.651         1.4428         0.2935
 37  0.751         1.4749         0.3286
 38  0.851         1.5076         0.3671
 39  0.951         1.5406         0.4060
 40  1.051         1.5734         0.4346
 41  1.151         1.6068         0.4767
 42  1.251         1.6398         0.5042
 43  1.351         1.6716         0.5206
 44  1.451         1.7021         0.5333
 45  1.551         1.7315         0.5468
 46  1.651         1.7604         0.5700
 47  1.751         1.7903         0.6128
 48  1.851         1.8292         0.7623
 49  1.951         1.9163         1.1756
 50  2.051         1.9683         1.0206
 51  2.151         2.0173         1.0461
 52  2.251         2.0696         1.1243
 53  2.351         2.1272         1.2212
 54  2.451         2.1888         1.3099
 55  2.551         2.2537         1.3962
 56  2.651         2.3208         1.4767
 57  2.751         2.3888         1.5500
 58  2.851         2.4568         1.6181
 59  2.951         2.5235         1.6772
 60  3.051         2.5891         1.7359
 61  3.151         2.6495         1.7625
 62  3.251         2.7048         1.7826
 63  3.351         2.7560         1.8018
 64  3.451         2.8044         1.8278
 65  3.551         2.8508         1.8568
 66  3.651         2.8956         1.8864
 67  3.751         2.9387         1.9146
 68  3.851         2.9802         1.9390
 69  3.951         3.0201         1.9637
 70  4.051         3.0589         1.9914
 71  4.151         3.0969         2.0199
 72  4.251         3.1339         2.0453
 73  4.351         3.1696         2.0677
 74  4.451         3.2041         2.0867
 75  4.551         3.2376         2.1075
 76  4.651         3.2698         2.1250
 77  4.751         3.3011         2.1421
 78  4.851         3.3310         2.1540
 79  4.951         3.3595         2.1635
 80  5.051         3.3875         2.1824
 81  5.151         3.4149         2.2006
 82  5.251         3.4411         2.2101
 83  5.351         3.4669         2.2273
 84  5.451         3.4920         2.2420
 85  5.551         3.5165         2.2543
 86  5.651         3.5403         2.2670
 87  5.751         3.5635         2.2803
 88  5.851         3.5862         2.2934
 89  5.951         3.6083         2.3048
 90  6.051         3.6300         2.3162
 91  6.151         3.6511         2.3272
 92  6.251         3.6717         2.3379
 93  6.351         3.6919         2.3486
 94  6.451         3.7116         2.3597
 95  6.551         3.7309         2.3694
 96  6.651         3.7498         2.3784
 97  6.751         3.7682         2.3852
 98  6.851         3.7862         2.3947
 99  6.951         3.8039         2.4058
100  7.051         3.8216         2.4226
101  7.151         3.8391         2.4375
102  7.251         3.8565         2.4499
103  7.351         3.8737         2.4620
104  7.451         3.8909         2.4801
105  7.551         3.9081         2.4972
106  7.651         3.9253         2.5143
107  7.751         3.9433         2.5519
108  7.851         3.9615         2.5748
109  7.951         3.9806         2.6155
110  8.051         4.0007         2.6560
111  8.151         4.0217         2.6959
112  8.251         4.0437         2.7360
113  8.351         4.0665         2.7766
114  8.451         4.0904         2.8179
115  8.551         4.1152         2.8604
116  8.651         4.1412         2.9045
117  8.751         4.1682         2.9495
118  8.851         4.1989         3.0327
119  8.951         4.2343         3.1278
120  9.051         4.2673         3.1319
121  9.151         4.2999         3.1584
122  9.251         4.3311         3.1730
123  9.351         4.3622         3.2010
124  9.451         4.3926         3.2221
125  9.551         4.4216         3.2331
126  9.651         4.4509         3.2645
127  9.751         4.4795         3.2846
128  9.851         4.5066         3.2881
129  9.951         4.5335         3.3127
130 10.051         4.5607         3.3424
131 10.151         4.5875         3.3645
132 10.251         4.6140         3.3875
133 10.351         4.6403         3.4080
134 10.451         4.6658         3.4231
135 10.551         4.6910         3.4417
136 10.651         4.7156         3.4565
137 10.751         4.7392         3.4621
138 10.851         4.7616         3.4630
139 10.951         4.7831         3.4682
140 11.051         4.8038         3.4702
141 11.151         4.8234         3.4687
142 11.251         4.8420         3.4635
143 11.351         4.8596         3.4592
144 11.451         4.8765         3.4597
145 11.551         4.8931         3.4650
146 11.651         4.9091         3.4684
147 11.751         4.9246         3.4705
148 11.851         4.9399         3.4789
149 11.951         4.9552         3.4924
150 12.051         4.9702         3.5020
151 12.151         4.9851         3.5134
152 12.251         5.0000         3.5281


#AGE= 6.000 BINS=152 Power-law IMF: x=-2.350
# N  sdss_r       Log10(N)       Log10(dN)
  1 -2.914        -0.7333        -0.7333
  2 -2.814        -0.4549        -0.7798
  3 -2.714        -0.2786        -0.7552
  4 -2.614        -0.1465        -0.7279
  5 -2.514        -0.0396        -0.7008
  6 -2.414         0.0497        -0.6808
  7 -2.314         0.1307        -0.6384
  8 -2.214         0.2027        -0.6137
  9 -2.114         0.2665        -0.5979
 10 -2.014         0.3267        -0.5608
 11 -1.914         0.3818        -0.5422
 12 -1.814         0.4350        -0.5030
 13 -1.714         0.4849        -0.4797
 14 -1.614         0.5323        -0.4536
 15 -1.514         0.5768        -0.4345
 16 -1.414         0.6367        -0.2530
 17 -1.314         0.6942        -0.2124
 18 -1.214         0.7361        -0.2999
 19 -1.114         0.7764        -0.2769
 20 -1.014         0.8610         0.1089
 21 -0.914         0.8986        -0.1828
 22 -0.814         0.9334        -0.1794
 23 -0.714         0.9674        -0.1565
 24 -0.614         1.0008        -0.1290
 25 -0.514         1.0340        -0.0992
 26 -0.414         1.0668        -0.0719
 27 -0.314         1.0995        -0.0397
 28 -0.214         1.1322        -0.0076
 29 -0.114         1.1648         0.0239
 30 -0.014         1.1970         0.0519
 31  0.086         1.2295         0.0873
 32  0.186         1.2618         0.1174
 33  0.286         1.2940         0.1477
 34  0.386         1.3260         0.1777
 35  0.486         1.3581         0.2107
 36  0.586         1.3900         0.2397
 37  0.686         1.4219         0.2725
 38  0.786         1.4541         0.3076
 39  0.886         1.4862         0.3391
 40  0.986         1.5196         0.3896
 41  1.086         1.5530         0.4222
 42  1.186         1.5861         0.4516
 43  1.286         1.6201         0.4967
 44  1.386         1.6539         0.5284
 45  1.486         1.6864         0.5447
 46  1.586         1.7175         0.5574
 47  1.686         1.7475         0.5720
 48  1.786         1.7767         0.5893
 49  1.886         1.8060         0.6206
 50  1.986         1.8389         0.7022
 51  2.086         1.9048         1.0532
 52  2.186         1.9661         1.0855
 53  2.286         2.0172         1.0629
 54  2.386         2.0706         1.1340
 55  2.486         2.1278         1.2192
 56  2.586         2.1891         1.3081
 57  2.686         2.2537         1.3941
 58  2.786         2.3199         1.4708
 59  2.886         2.3864         1.5386
 60  2.986         2.4527         1.6037
 61  3.086         2.5177         1.6608
 62  3.186         2.5821         1.7214
 63  3.286         2.6431         1.7601
 64  3.386         2.6996         1.7865
 65  3.486         2.7524         1.8106
 66  3.586         2.8023         1.8382
 67  3.686         2.8501         1.8678
 68  3.786         2.8958         1.8958
 69  3.886         2.9399         1.9246
 70  3.986         2.9826         1.9536
 71  4.086         3.0239         1.9822
 72  4.186         3.0640         2.0089
 73  4.286         3.1028         2.0345
 74  4.386         3.1404         2.0592
 75  4.486         3.1769         2.0830
 76  4.586         3.2120         2.1022
 77  4.686         3.2456         2.1180
 78  4.786         3.2778         2.1322
 79  4.886         3.3086         2.1441
 80  4.986         3.3386         2.1619
 81  5.086         3.3682         2.1875
 82  5.186         3.3967         2.1996
 83  5.286         3.4243         2.2144
 84  5.386         3.4514         2.2320
 85  5.486         3.4776         2.2460
 86  5.586         3.5031         2.2588
 87  5.686         3.5279         2.2727
 88  5.786         3.5522         2.2868
 89  5.886         3.5758         2.3002
 90  5.986         3.5988         2.3117
 91  6.086         3.6213         2.3239
 92  6.186         3.6432         2.3351
 93  6.286         3.6646         2.3466
 94  6.386         3.6855         2.3582
 95  6.486         3.7060         2.3691
 96  6.586         3.7260         2.3788
 97  6.686         3.7454         2.3871
 98  6.786         3.7644         2.3959
 99  6.886         3.7831         2.4064
100  6.986         3.8015         2.4203
101  7.086         3.8198         2.4356
102  7.186         3.8380         2.4505
103  7.286         3.8559         2.4610
104  7.386         3.8736         2.4769
105  7.486         3.8915         2.4965
106  7.586         3.9091         2.5094
107  7.686         3.9274         2.5426
108  7.786         3.9460         2.5685
109  7.886         3.9652         2.6009
110  7.986         3.9853         2.6402
111  8.086         4.0063         2.6797
112  8.186         4.0281         2.7176
113  8.286         4.0506         2.7539
114  8.386         4.0739         2.7933
115  8.486         4.0984         2.8369
116  8.586         4.1242         2.8856
117  8.686         4.1518         2.9407
118  8.786         4.1815         3.0013
119  8.886         4.2155         3.0932
120  8.986         4.2505         3.1391
121  9.086         4.2846         3.1622
122  9.186         4.3175         3.1809
123  9.286         4.3492         3.1971
124  9.386         4.3806         3.2237
125  9.486         4.4110         3.2413
126  9.586         4.4404         3.2557
127  9.686         4.4697         3.2842
128  9.786         4.4983         3.3037
129  9.886         4.5259         3.3153
130  9.986         4.5531         3.3365
131 10.086         4.5801         3.3599
132 10.186         4.6068         3.3814
133 10.286         4.6332         3.4045
134 10.386         4.6592         3.4236
135 10.486         4.6846         3.4380
136 10.586         4.7094         3.4553
137 10.686         4.7335         3.4657
138 10.786         4.7565         3.4691
139 10.886         4.7787         3.4759
140 10.986         4.8000         3.4790
141 11.086         4.8202         3.4773
142 11.186         4.8392         3.4722
143 11.286         4.8574         3.4694
144 11.386         4.8748         3.4704
145 11.486         4.8918         3.4749
146 11.586         4.9081         3.4758
147 11.686         4.9240         3.4777
148 11.786         4.9395         3.4854
149 11.886         4.9549         3.4972
150 11.986         4.9701         3.5046
151 12.086         4.9850         3.5151
152 12.186         5.0000         3.5301


#AGE= 7.000 BINS=151 Power-law IMF: x=-2.350
# N  sdss_r       Log10(N)       Log10(dN)
  1 -2.925        -0.8246        -0.8246
  2 -2.825        -0.5051        -0.7885
  3 -2.725        -0.3218        -0.7847
  4 -2.625        -0.1819        -0.7420
  5 -2.525        -0.0694        -0.7111
  6 -2.425         0.0194        -0.7135
  7 -2.325         0.1017        -0.6610
  8 -2.225         0.1737        -0.6425
  9 -2.125         0.2399        -0.6099
 10 -2.025         0.3001        -0.5874
 11 -1.925         0.3566        -0.5575
 12 -1.825         0.4098        -0.5279
 13 -1.725         0.4595        -0.5071
 14 -1.625         0.5076        -0.4712
 15 -1.525         0.5537        -0.4432
 16 -1.425         0.5990        -0.4054
 17 -1.325         0.6625        -0.2042
 18 -1.225         0.7098        -0.2758
 19 -1.125         0.7492        -0.3129
 20 -1.025         0.7926        -0.2298
 21 -0.925         0.8700         0.0831
 22 -0.825         0.9074        -0.1765
 23 -0.725         0.9424        -0.1689
 24 -0.625         0.9766        -0.1437
 25 -0.525         1.0102        -0.1183
 26 -0.425         1.0435        -0.0873
 27 -0.325         1.0770        -0.0531
 28 -0.225         1.1102        -0.0230
 29 -0.125         1.1430         0.0051
 30 -0.025         1.1759         0.0383
 31  0.075         1.2088         0.0724
 32  0.175         1.2413         0.0996
 33  0.275         1.2741         0.1356
 34  0.375         1.3067         0.1655
 35  0.475         1.3392         0.1975
 36  0.575         1.3717         0.2295
 37  0.675         1.4041         0.2607
 38  0.775         1.4365         0.2939
 39  0.875         1.4687         0.3225
 40  0.975         1.5017         0.3655
 41  1.075         1.5348         0.4013
 42  1.175         1.5687         0.4443
 43  1.275         1.6024         0.4751
 44  1.375         1.6366         0.5157
 45  1.475         1.6715         0.5596
 46  1.575         1.7053         0.5787
 47  1.675         1.7375         0.5919
 48  1.775         1.7685         0.6062
 49  1.875         1.7983         0.6205
 50  1.975         1.8275         0.6403
 51  2.075         1.8580         0.6895
 52  2.175         1.8966         0.8264
 53  2.275         1.9630         1.1148
 54  2.375         2.0178         1.0915
 55  2.475         2.0701         1.1252
 56  2.575         2.1262         1.2090
 57  2.675         2.1862         1.2973
 58  2.775         2.2495         1.3819
 59  2.875         2.3147         1.4591
 60  2.975         2.3805         1.5285
 61  3.075         2.4462         1.5930
 62  3.175         2.5107         1.6506
 63  3.275         2.5746         1.7110
 64  3.375         2.6366         1.7606
 65  3.475         2.6953         1.7968
 66  3.575         2.7499         1.8228
 67  3.675         2.8013         1.8492
 68  3.775         2.8503         1.8782
 69  3.875         2.8971         1.9065
 70  3.975         2.9422         1.9364
 71  4.075         2.9857         1.9647
 72  4.175         3.0279         1.9940
 73  4.275         3.0688         2.0223
 74  4.375         3.1083         2.0476
 75  4.475         3.1463         2.0694
 76  4.575         3.1827         2.0879
 77  4.675         3.2175         2.1041
 78  4.775         3.2509         2.1202
 79  4.875         3.2831         2.1377
 80  4.975         3.3148         2.1622
 81  5.075         3.3462         2.1894
 82  5.175         3.3763         2.2017
 83  5.275         3.4054         2.2178
 84  5.375         3.4338         2.2350
 85  5.475         3.4614         2.2507
 86  5.575         3.4881         2.2639
 87  5.675         3.5141         2.2790
 88  5.775         3.5396         2.2944
 89  5.875         3.5643         2.3081
 90  5.975         3.5884         2.3204
 91  6.075         3.6119         2.3332
 92  6.175         3.6348         2.3446
 93  6.275         3.6571         2.3566
 94  6.375         3.6789         2.3694
 95  6.475         3.7002         2.3808
 96  6.575         3.7210         2.3903
 97  6.675         3.7412         2.3991
 98  6.775         3.7610         2.4090
 99  6.875         3.7804         2.4204
100  6.975         3.7995         2.4333
101  7.075         3.8184         2.4495
102  7.175         3.8372         2.4627
103  7.275         3.8556         2.4743
104  7.375         3.8740         2.4923
105  7.475         3.8925         2.5112
106  7.575         3.9109         2.5286
107  7.675         3.9294         2.5502
108  7.775         3.9488         2.5889
109  7.875         3.9683         2.6116
110  7.975         3.9891         2.6591
111  8.075         4.0107         2.6966
112  8.175         4.0331         2.7338
113  8.275         4.0562         2.7703
114  8.375         4.0798         2.8033
115  8.475         4.1042         2.8430
116  8.575         4.1301         2.8914
117  8.675         4.1579         2.9503
118  8.775         4.1884         3.0208
119  8.875         4.2222         3.0958
120  8.975         4.2586         3.1642
121  9.075         4.2933         3.1789
122  9.175         4.3271         3.2009
123  9.275         4.3596         3.2184
124  9.375         4.3917         3.2438
125  9.475         4.4227         3.2615
126  9.575         4.4526         3.2747
127  9.675         4.4822         3.3020
128  9.775         4.5113         3.3227
129  9.875         4.5394         3.3357
130  9.975         4.5669         3.3551
131 10.075         4.5941         3.3774
132 10.175         4.6209         3.3980
133 10.275         4.6474         3.4196
134 10.375         4.6734         3.4380
135 10.475         4.6988         3.4525
136 10.575         4.7236         3.4686
137 10.675         4.7476         3.4775
138 10.775         4.7707         3.4854
139 10.875         4.7930         3.4919
140 10.975         4.8142         3.4919
141 11.075         4.8342         3.4889
142 11.175         4.8534         3.4881
143 11.275         4.8718         3.4890
144 11.375         4.8895         3.4910
145 11.475         4.9064         3.4893
146 11.575         4.9228         3.4902
147 11.675         4.9387         3.4964
148 11.775         4.9545         3.5055
149 11.875         4.9698         3.5096
150 11.975         4.9849         3.5186
151 12.075         5.0000         3.5342


#AGE= 8.000 BINS=152 Power-law IMF: x=-2.350
# N  sdss_r       Log10(N)       Log10(dN)
  1 -2.810        -0.8410        -0.8410
  2 -2.710        -0.5411        -0.8432
  3 -2.610        -0.3588        -0.8239
  4 -2.510        -0.2135        -0.7595
  5 -2.410        -0.1025        -0.7492
  6 -2.310        -0.0114        -0.7344
  7 -2.210         0.0697        -0.6993
  8 -2.110         0.1428        -0.6671
  9 -2.010         0.2097        -0.6359
 10 -1.910         0.2692        -0.6233
 11 -1.810         0.3280        -0.5691
 12 -1.710         0.3813        -0.5561
 13 -1.610         0.4321        -0.5253
 14 -1.510         0.4799        -0.5026
 15 -1.410         0.5269        -0.4612
 16 -1.310         0.5816        -0.3452
 17 -1.210         0.6385        -0.2725
 18 -1.110         0.6810        -0.3498
 19 -1.010         0.7223        -0.3195
 20 -0.910         0.7981         0.0026
 21 -0.810         0.8408        -0.1881
 22 -0.710         0.8778        -0.2099
 23 -0.610         0.9133        -0.1924
 24 -0.510         0.9478        -0.1692
 25 -0.410         0.9823        -0.1344
 26 -0.310         1.0164        -0.1055
 27 -0.210         1.0504        -0.0728
 28 -0.110         1.0841        -0.0429
 29 -0.010         1.1176        -0.0122
 30  0.090         1.1512         0.0228
 31  0.190         1.1846         0.0549
 32  0.290         1.2178         0.0848
 33  0.390         1.2510         0.1178
 34  0.490         1.2841         0.1488
 35  0.590         1.3171         0.1812
 36  0.690         1.3501         0.2144
 37  0.790         1.3832         0.2495
 38  0.890         1.4161         0.2791
 39  0.990         1.4491         0.3133
 40  1.090         1.4823         0.3490
 41  1.190         1.5159         0.3878
 42  1.290         1.5499         0.4274
 43  1.390         1.5847         0.4705
 44  1.490         1.6197         0.5091
 45  1.590         1.6555         0.5539
 46  1.690         1.6899         0.5707
 47  1.790         1.7228         0.5870
 48  1.890         1.7544         0.5996
 49  1.990         1.7847         0.6137
 50  2.090         1.8142         0.6313
 51  2.190         1.8445         0.6740
 52  2.290         1.8805         0.7806
 53  2.390         1.9372         1.0247
 54  2.490         1.9937         1.0805
 55  2.590         2.0456         1.0969
 56  2.690         2.1015         1.1832
 57  2.790         2.1612         1.2704
 58  2.890         2.2244         1.3558
 59  2.990         2.2893         1.4316
 60  3.090         2.3547         1.5005
 61  3.190         2.4196         1.5623
 62  3.290         2.4836         1.6198
 63  3.390         2.5466         1.6775
 64  3.490         2.6081         1.7288
 65  3.590         2.6666         1.7667
 66  3.690         2.7210         1.7925
 67  3.790         2.7725         1.8204
 68  3.890         2.8216         1.8505
 69  3.990         2.8688         1.8821
 70  4.090         2.9144         1.9124
 71  4.190         2.9581         1.9394
 72  4.290         2.9999         1.9629
 73  4.390         3.0399         1.9842
 74  4.490         3.0781         2.0038
 75  4.590         3.1148         2.0233
 76  4.690         3.1502         2.0440
 77  4.790         3.1846         2.0657
 78  4.890         3.2182         2.0906
 79  4.990         3.2517         2.1227
 80  5.090         3.2844         2.1443
 81  5.190         3.3156         2.1567
 82  5.290         3.3460         2.1762
 83  5.390         3.3756         2.1939
 84  5.490         3.4043         2.2095
 85  5.590         3.4320         2.2242
 86  5.690         3.4591         2.2398
 87  5.790         3.4855         2.2561
 88  5.890         3.5111         2.2698
 89  5.990         3.5361         2.2828
 90  6.090         3.5604         2.2961
 91  6.190         3.5840         2.3081
 92  6.290         3.6071         2.3206
 93  6.390         3.6296         2.3343
 94  6.490         3.6516         2.3452
 95  6.590         3.6730         2.3549
 96  6.690         3.6939         2.3646
 97  6.790         3.7143         2.3755
 98  6.890         3.7343         2.3879
 99  6.990         3.7540         2.4017
100  7.090         3.7735         2.4163
101  7.190         3.7928         2.4296
102  7.290         3.8118         2.4432
103  7.390         3.8308         2.4626
104  7.490         3.8497         2.4802
105  7.590         3.8684         2.4921
106  7.690         3.8879         2.5306
107  7.790         3.9077         2.5563
108  7.890         3.9281         2.5905
109  7.990         3.9494         2.6292
110  8.090         3.9716         2.6692
111  8.190         3.9950         2.7148
112  8.290         4.0191         2.7520
113  8.390         4.0432         2.7753
114  8.490         4.0678         2.8091
115  8.590         4.0938         2.8582
116  8.690         4.1224         2.9260
117  8.790         4.1543         3.0045
118  8.890         4.1899         3.0863
119  8.990         4.2265         3.1339
120  9.090         4.2617         3.1530
121  9.190         4.2959         3.1742
122  9.290         4.3290         3.1958
123  9.390         4.3618         3.2230
124  9.490         4.3929         3.2322
125  9.590         4.4232         3.2521
126  9.690         4.4534         3.2811
127  9.790         4.4826         3.2950
128  9.890         4.5105         3.3038
129  9.990         4.5382         3.3297
130 10.090         4.5657         3.3536
131 10.190         4.5927         3.3727
132 10.290         4.6192         3.3924
133 10.390         4.6452         3.4080
134 10.490         4.6704         3.4223
135 10.590         4.6950         3.4350
136 10.690         4.7187         3.4447
137 10.790         4.7417         3.4535
138 10.890         4.7636         3.4551
139 10.990         4.7845         3.4566
140 11.090         4.8045         3.4579
141 11.190         4.8236         3.4578
142 11.290         4.8418         3.4549
143 11.390         4.8592         3.4532
144 11.490         4.8760         3.4561
145 11.590         4.8925         3.4630
146 11.690         4.9084         3.4654
147 11.790         4.9240         3.4700
148 11.890         4.9393         3.4806
149 11.990         4.9547         3.4950
150 12.090         4.9699         3.5056
151 12.190         4.9849         3.5179
152 12.290         5.0000         3.5327


#AGE= 9.000 BINS=151 Power-law IMF: x=-2.350
# N  sdss_r       Log10(N)       Log10(dN)
  1 -2.882        -0.8360        -0.8360
  2 -2.782        -0.5397        -0.8456
  3 -2.682        -0.3480        -0.7955
  4 -2.582        -0.2168        -0.8006
  5 -2.482        -0.1058        -0.7527
  6 -2.382        -0.0165        -0.7470
  7 -2.282         0.0653        -0.6999
  8 -2.182         0.1384        -0.6719
  9 -2.082         0.2036        -0.6521
 10 -1.982         0.2648        -0.6162
 11 -1.882         0.3220        -0.5867
 12 -1.782         0.3750        -0.5648
 13 -1.682         0.4255        -0.5337
 14 -1.582         0.4740        -0.5019
 15 -1.482         0.5207        -0.4718
 16 -1.382         0.5645        -0.4529
 17 -1.282         0.6124        -0.3692
 18 -1.182         0.6699        -0.2361
 19 -1.082         0.7139        -0.3032
 20 -0.982         0.7520        -0.3233
 21 -0.882         0.8115        -0.0811
 22 -0.782         0.8683        -0.0436
 23 -0.682         0.9057        -0.1770
 24 -0.582         0.9411        -0.1654
 25 -0.482         0.9756        -0.1410
 26 -0.382         1.0097        -0.1129
 27 -0.282         1.0438        -0.0775
 28 -0.182         1.0777        -0.0476
 29 -0.082         1.1112        -0.0181
 30  0.018         1.1448         0.0165
 31  0.118         1.1783         0.0488
 32  0.218         1.2115         0.0782
 33  0.318         1.2448         0.1132
 34  0.418         1.2780         0.1457
 35  0.518         1.3112         0.1771
 36  0.618         1.3442         0.2093
 37  0.718         1.3774         0.2432
 38  0.818         1.4104         0.2753
 39  0.918         1.4436         0.3101
 40  1.018         1.4767         0.3425
 41  1.118         1.5099         0.3764
 42  1.218         1.5434         0.4143
 43  1.318         1.5773         0.4535
 44  1.418         1.6120         0.4965
 45  1.518         1.6469         0.5356
 46  1.618         1.6828         0.5823
 47  1.718         1.7187         0.6170
 48  1.818         1.7530         0.6344
 49  1.918         1.7860         0.6495
 50  2.018         1.8174         0.6610
 51  2.118         1.8474         0.6716
 52  2.218         1.8765         0.6894
 53  2.318         1.9068         0.7342
 54  2.418         1.9427         0.8424
 55  2.518         1.9952         1.0518
 56  2.618         2.0487         1.1129
 57  2.718         2.1010         1.1555
 58  2.818         2.1551         1.2236
 59  2.918         2.2140         1.3173
 60  3.018         2.2760         1.3997
 61  3.118         2.3398         1.4755
 62  3.218         2.4038         1.5404
 63  3.318         2.4671         1.5994
 64  3.418         2.5292         1.6540
 65  3.518         2.5905         1.7100
 66  3.618         2.6507         1.7629
 67  3.718         2.7090         1.8077
 68  3.818         2.7635         1.8352
 69  3.918         2.8149         1.8624
 70  4.018         2.8634         1.8875
 71  4.118         2.9095         1.9123
 72  4.218         2.9532         1.9347
 73  4.318         2.9949         1.9561
 74  4.418         3.0346         1.9760
 75  4.518         3.0730         2.0004
 76  4.618         3.1102         2.0252
 77  4.718         3.1465         2.0503
 78  4.818         3.1821         2.0785
 79  4.918         3.2176         2.1125
 80  5.018         3.2526         2.1415
 81  5.118         3.2861         2.1561
 82  5.218         3.3185         2.1749
 83  5.318         3.3500         2.1959
 84  5.418         3.3806         2.2131
 85  5.518         3.4102         2.2287
 86  5.618         3.4389         2.2453
 87  5.718         3.4669         2.2622
 88  5.818         3.4942         2.2787
 89  5.918         3.5207         2.2924
 90  6.018         3.5464         2.3056
 91  6.118         3.5714         2.3190
 92  6.218         3.5957         2.3320
 93  6.318         3.6195         2.3455
 94  6.418         3.6427         2.3590
 95  6.518         3.6652         2.3697
 96  6.618         3.6872         2.3793
 97  6.718         3.7086         2.3906
 98  6.818         3.7295         2.4027
 99  6.918         3.7501         2.4157
100  7.018         3.7704         2.4293
101  7.118         3.7904         2.4436
102  7.218         3.8101         2.4567
103  7.318         3.8296         2.4736
104  7.418         3.8492         2.4937
105  7.518         3.8686         2.5079
106  7.618         3.8881         2.5307
107  7.718         3.9082         2.5647
108  7.818         3.9286         2.5907
109  7.918         3.9499         2.6300
110  8.018         3.9723         2.6724
111  8.118         3.9952         2.7055
112  8.218         4.0186         2.7381
113  8.318         4.0425         2.7723
114  8.418         4.0672         2.8089
115  8.518         4.0933         2.8604
116  8.618         4.1212         2.9150
117  8.718         4.1511         2.9741
118  8.818         4.1827         3.0291
119  8.918         4.2212         3.1495
120  9.018         4.2575         3.1614
121  9.118         4.2934         3.1935
122  9.218         4.3278         3.2085
123  9.318         4.3618         3.2390
124  9.418         4.3943         3.2526
125  9.518         4.4255         3.2668
126  9.618         4.4569         3.3003
127  9.718         4.4873         3.3171
128  9.818         4.5153         3.3106
129  9.918         4.5432         3.3367
130 10.018         4.5716         3.3737
131 10.118         4.5994         3.3908
132 10.218         4.6265         3.4085
133 10.318         4.6530         3.4248
134 10.418         4.6787         3.4384
135 10.518         4.7037         3.4520
136 10.618         4.7279         3.4627
137 10.718         4.7514         3.4724
138 10.818         4.7739         3.4771
139 10.918         4.7956         3.4824
140 11.018         4.8162         3.4833
141 11.118         4.8358         3.4803
142 11.218         4.8545         3.4787
143 11.318         4.8724         3.4801
144 11.418         4.8898         3.4839
145 11.518         4.9066         3.4840
146 11.618         4.9228         3.4867
147 11.718         4.9387         3.4944
148 11.818         4.9544         3.5042
149 11.918         4.9697         3.5097
150 12.018         4.9848         3.5197
151 12.118         5.0000         3.5352


#AGE=10.000 BINS=153 Power-law IMF: x=-2.350
# N  sdss_r       Log10(N)       Log10(dN)
  1 -2.909        -0.9022        -0.9022
  2 -2.809        -0.6031        -0.9061
  3 -2.709        -0.4056        -0.8428
  4 -2.609        -0.2740        -0.8568
  5 -2.509        -0.1611        -0.8014
  6 -2.409        -0.0680        -0.7822
  7 -2.309         0.0142        -0.7493
  8 -2.209         0.0825        -0.7549
  9 -2.109         0.1504        -0.6887
 10 -2.009         0.2128        -0.6603
 11 -1.909         0.2677        -0.6582
 12 -1.809         0.3219        -0.6086
 13 -1.709         0.3726        -0.5854
 14 -1.609         0.4209        -0.5571
 15 -1.509         0.4668        -0.5318
 16 -1.409         0.5123        -0.4896
 17 -1.309         0.5551        -0.4730
 18 -1.209         0.6032        -0.3756
 19 -1.109         0.6574        -0.2732
 20 -1.009         0.6995        -0.3349
 21 -0.909         0.7391        -0.3213
 22 -0.809         0.8024        -0.0654
 23 -0.709         0.8511        -0.1231
 24 -0.609         0.8877        -0.2045
 25 -0.509         0.9230        -0.1848
 26 -0.409         0.9577        -0.1563
 27 -0.309         0.9911        -0.1395
 28 -0.209         1.0251        -0.0992
 29 -0.109         1.0586        -0.0701
 30 -0.009         1.0920        -0.0391
 31  0.091         1.1254        -0.0050
 32  0.191         1.1590         0.0311
 33  0.291         1.1923         0.0608
 34  0.391         1.2258         0.0956
 35  0.491         1.2591         0.1282
 36  0.591         1.2923         0.1582
 37  0.691         1.3254         0.1917
 38  0.791         1.3588         0.2273
 39  0.891         1.3919         0.2584
 40  0.991         1.4253         0.2949
 41  1.091         1.4587         0.3272
 42  1.191         1.4921         0.3621
 43  1.291         1.5257         0.3975
 44  1.391         1.5597         0.4360
 45  1.491         1.5945         0.4807
 46  1.591         1.6300         0.5248
 47  1.691         1.6657         0.5638
 48  1.791         1.7023         0.6100
 49  1.891         1.7375         0.6287
 50  1.991         1.7712         0.6442
 51  2.091         1.8032         0.6539
 52  2.191         1.8335         0.6626
 53  2.291         1.8629         0.6782
 54  2.391         1.8925         0.7117
 55  2.491         1.9249         0.7819
 56  2.591         1.9671         0.9338
 57  2.691         2.0201         1.0799
 58  2.791         2.0717         1.1211
 59  2.891         2.1248         1.1857
 60  2.991         2.1804         1.2606
 61  3.091         2.2409         1.3545
 62  3.191         2.3035         1.4319
 63  3.291         2.3671         1.5014
 64  3.391         2.4303         1.5616
 65  3.491         2.4924         1.6172
 66  3.591         2.5533         1.6704
 67  3.691         2.6132         1.7230
 68  3.791         2.6710         1.7669
 69  3.891         2.7255         1.7969
 70  3.991         2.7762         1.8185
 71  4.091         2.8237         1.8386
 72  4.191         2.8685         1.8597
 73  4.291         2.9114         1.8850
 74  4.391         2.9528         1.9113
 75  4.491         2.9929         1.9383
 76  4.591         3.0319         1.9663
 77  4.691         3.0701         1.9950
 78  4.791         3.1078         2.0275
 79  4.891         3.1452         2.0617
 80  4.991         3.1818         2.0903
 81  5.091         3.2170         2.1083
 82  5.191         3.2512         2.1295
 83  5.291         3.2844         2.1511
 84  5.391         3.3166         2.1710
 85  5.491         3.3477         2.1875
 86  5.591         3.3779         2.2049
 87  5.691         3.4073         2.2225
 88  5.791         3.4359         2.2403
 89  5.891         3.4636         2.2549
 90  5.991         3.4904         2.2683
 91  6.091         3.5165         2.2827
 92  6.191         3.5420         2.2964
 93  6.291         3.5667         2.3102
 94  6.391         3.5909         2.3246
 95  6.491         3.6144         2.3356
 96  6.591         3.6372         2.3461
 97  6.691         3.6594         2.3573
 98  6.791         3.6812         2.3707
 99  6.891         3.7025         2.3838
100  6.991         3.7235         2.3967
101  7.091         3.7441         2.4106
102  7.191         3.7644         2.4242
103  7.291         3.7846         2.4415
104  7.391         3.8048         2.4619
105  7.491         3.8247         2.4759
106  7.591         3.8444         2.4918
107  7.691         3.8652         2.5344
108  7.791         3.8862         2.5597
109  7.891         3.9076         2.5902
110  7.991         3.9301         2.6337
111  8.091         3.9535         2.6738
112  8.191         3.9776         2.7101
113  8.291         4.0017         2.7332
114  8.391         4.0264         2.7697
115  8.491         4.0523         2.8149
116  8.591         4.0795         2.8624
117  8.691         4.1090         2.9255
118  8.791         4.1419         3.0049
119  8.891         4.1787         3.0887
120  8.991         4.2166         3.1392
121  9.091         4.2534         3.1627
122  9.191         4.2891         3.1860
123  9.291         4.3233         3.2034
124  9.391         4.3566         3.2249
125  9.491         4.3892         3.2480
126  9.591         4.4216         3.2778
127  9.691         4.4523         3.2864
128  9.791         4.4802         3.2742
129  9.891         4.5086         3.3107
130  9.991         4.5377         3.3484
131 10.091         4.5657         3.3624
132 10.191         4.5932         3.3805
133 10.291         4.6199         3.3957
134 10.391         4.6459         3.4093
135 10.491         4.6711         3.4221
136 10.591         4.6955         3.4328
137 10.691         4.7190         3.4414
138 10.791         4.7417         3.4492
139 10.891         4.7635         3.4528
140 10.991         4.7843         3.4531
141 11.091         4.8041         3.4543
142 11.191         4.8231         3.4550
143 11.291         4.8413         3.4535
144 11.391         4.8587         3.4524
145 11.491         4.8755         3.4560
146 11.591         4.8920         3.4631
147 11.691         4.9080         3.4659
148 11.791         4.9236         3.4715
149 11.891         4.9391         3.4826
150 11.991         4.9545         3.4968
151 12.091         4.9697         3.5074
152 12.191         4.9849         3.5199
153 12.291         5.0000         3.5346


#AGE=11.000 BINS=151 Power-law IMF: x=-2.350
# N  sdss_r       Log10(N)       Log10(dN)
  1 -2.921        -0.8610        -0.8610
  2 -2.821        -0.5629        -0.8670
  3 -2.721        -0.3856        -0.8602
  4 -2.621        -0.2415        -0.7907
  5 -2.521        -0.1372        -0.8077
  6 -2.421        -0.0441        -0.7590
  7 -2.321         0.0348        -0.7444
  8 -2.221         0.1059        -0.7155
  9 -2.121         0.1710        -0.6854
 10 -2.021         0.2325        -0.6462
 11 -1.921         0.2896        -0.6197
 12 -1.821         0.3419        -0.6038
 13 -1.721         0.3923        -0.5680
 14 -1.621         0.4408        -0.5356
 15 -1.521         0.4864        -0.5144
 16 -1.421         0.5320        -0.4693
 17 -1.321         0.5746        -0.4549
 18 -1.221         0.6172        -0.4125
 19 -1.121         0.6691        -0.2797
 20 -1.021         0.7174        -0.2603
 21 -0.921         0.7580        -0.2905
 22 -0.821         0.7973        -0.2665
 23 -0.721         0.8648         0.0234
 24 -0.621         0.9060        -0.1379
 25 -0.521         0.9420        -0.1570
 26 -0.421         0.9765        -0.1404
 27 -0.321         1.0102        -0.1167
 28 -0.221         1.0443        -0.0783
 29 -0.121         1.0778        -0.0515
 30 -0.021         1.1112        -0.0186
 31  0.079         1.1448         0.0163
 32  0.179         1.1782         0.0481
 33  0.279         1.2118         0.0833
 34  0.379         1.2452         0.1146
 35  0.479         1.2785         0.1469
 36  0.579         1.3120         0.1822
 37  0.679         1.3454         0.2144
 38  0.779         1.3787         0.2478
 39  0.879         1.4121         0.2808
 40  0.979         1.4457         0.3176
 41  1.079         1.4793         0.3507
 42  1.179         1.5132         0.3888
 43  1.279         1.5467         0.4181
 44  1.379         1.5806         0.4561
 45  1.479         1.6148         0.4942
 46  1.579         1.6500         0.5415
 47  1.679         1.6859         0.5853
 48  1.779         1.7223         0.6270
 49  1.879         1.7593         0.6721
 50  1.979         1.7953         0.6952
 51  2.079         1.8294         0.7075
 52  2.179         1.8619         0.7197
 53  2.279         1.8925         0.7260
 54  2.379         1.9221         0.7407
 55  2.479         1.9515         0.7679
 56  2.579         1.9827         0.8235
 57  2.679         2.0207         0.9433
 58  2.779         2.0695         1.0962
 59  2.879         2.1192         1.1531
 60  2.979         2.1711         1.2229
 61  3.079         2.2248         1.2902
 62  3.179         2.2811         1.3659
 63  3.279         2.3413         1.4537
 64  3.379         2.4024         1.5204
 65  3.479         2.4632         1.5788
 66  3.579         2.5229         1.6320
 67  3.679         2.5814         1.6815
 68  3.779         2.6388         1.7317
 69  3.879         2.6945         1.7747
 70  3.979         2.7478         1.8103
 71  4.079         2.7975         1.8319
 72  4.179         2.8447         1.8574
 73  4.279         2.8898         1.8838
 74  4.379         2.9334         1.9137
 75  4.479         2.9758         1.9442
 76  4.579         3.0171         1.9745
 77  4.679         3.0574         2.0049
 78  4.779         3.0970         2.0375
 79  4.879         3.1362         2.0725
 80  4.979         3.1744         2.0998
 81  5.079         3.2111         2.1198
 82  5.179         3.2469         2.1450
 83  5.279         3.2817         2.1682
 84  5.379         3.3154         2.1885
 85  5.479         3.3480         2.2067
 86  5.579         3.3796         2.2258
 87  5.679         3.4103         2.2442
 88  5.779         3.4401         2.2626
 89  5.879         3.4690         2.2773
 90  5.979         3.4970         2.2919
 91  6.079         3.5241         2.3062
 92  6.179         3.5505         2.3213
 93  6.279         3.5762         2.3357
 94  6.379         3.6013         2.3500
 95  6.479         3.6256         2.3620
 96  6.579         3.6492         2.3729
 97  6.679         3.6722         2.3849
 98  6.779         3.6948         2.3988
 99  6.879         3.7168         2.4118
100  6.979         3.7384         2.4243
101  7.079         3.7597         2.4380
102  7.179         3.7806         2.4532
103  7.279         3.8014         2.4710
104  7.379         3.8221         2.4900
105  7.479         3.8424         2.5026
106  7.579         3.8629         2.5272
107  7.679         3.8841         2.5607
108  7.779         3.9055         2.5876
109  7.879         3.9274         2.6203
110  7.979         3.9503         2.6606
111  8.079         3.9740         2.6996
112  8.179         3.9986         2.7399
113  8.279         4.0232         2.7637
114  8.379         4.0482         2.7964
115  8.479         4.0746         2.8438
116  8.579         4.1023         2.8938
117  8.679         4.1319         2.9514
118  8.779         4.1641         3.0174
119  8.879         4.2003         3.1038
120  8.979         4.2395         3.1750
121  9.079         4.2769         3.1931
122  9.179         4.3128         3.2127
123  9.279         4.3480         3.2397
124  9.379         4.3826         3.2666
125  9.479         4.4150         3.2717
126  9.579         4.4466         3.2922
127  9.679         4.4778         3.3197
128  9.779         4.5082         3.3376
129  9.879         4.5374         3.3499
130  9.979         4.5660         3.3711
131 10.079         4.5944         3.3962
132 10.179         4.6222         3.4144
133 10.279         4.6492         3.4287
134 10.379         4.6754         3.4435
135 10.479         4.7007         3.4535
136 10.579         4.7251         3.4631
137 10.679         4.7487         3.4720
138 10.779         4.7715         3.4788
139 10.879         4.7933         3.4833
140 10.979         4.8142         3.4864
141 11.079         4.8341         3.4851
142 11.179         4.8530         3.4831
143 11.279         4.8712         3.4841
144 11.379         4.8888         3.4877
145 11.479         4.9057         3.4883
146 11.579         4.9221         3.4911
147 11.679         4.9382         3.4986
148 11.779         4.9540         3.5076
149 11.879         4.9695         3.5128
150 11.979         4.9847         3.5227
151 12.079         5.0000         3.5383


#AGE=12.000 BINS=152 Power-law IMF: x=-2.350
# N  sdss_r       Log10(N)       Log10(dN)
  1 -2.876        -0.9311        -0.9311
  2 -2.776        -0.6146        -0.9008
  3 -2.676        -0.4245        -0.8749
  4 -2.576        -0.2927        -0.8747
  5 -2.476        -0.1815        -0.8278
  6 -2.376        -0.0877        -0.7995
  7 -2.276        -0.0067        -0.7758
  8 -2.176         0.0671        -0.7392
  9 -2.076         0.1330        -0.7182
 10 -1.976         0.1934        -0.6933
 11 -1.876         0.2503        -0.6607
 12 -1.776         0.3026        -0.6427
 13 -1.676         0.3546        -0.5923
 14 -1.576         0.4034        -0.5705
 15 -1.476         0.4494        -0.5488
 16 -1.376         0.4938        -0.5185
 17 -1.276         0.5370        -0.4868
 18 -1.176         0.5802        -0.4437
 19 -1.076         0.6306        -0.3292
 20 -0.976         0.6808        -0.2817
 21 -0.876         0.7210        -0.3321
 22 -0.776         0.7598        -0.3089
 23 -0.676         0.8248        -0.0320
 24 -0.576         0.8680        -0.1557
 25 -0.476         0.9043        -0.1913
 26 -0.376         0.9389        -0.1775
 27 -0.276         0.9734        -0.1430
 28 -0.176         1.0073        -0.1172
 29 -0.076         1.0413        -0.0816
 30  0.024         1.0750        -0.0525
 31  0.124         1.1086        -0.0194
 32  0.224         1.1421         0.0133
 33  0.324         1.1763         0.0544
 34  0.424         1.2096         0.0785
 35  0.524         1.2432         0.1146
 36  0.624         1.2768         0.1488
 37  0.724         1.3104         0.1822
 38  0.824         1.3440         0.2157
 39  0.924         1.3776         0.2495
 40  1.024         1.4115         0.2869
 41  1.124         1.4453         0.3201
 42  1.224         1.4788         0.3499
 43  1.324         1.5131         0.3934
 44  1.424         1.5473         0.4260
 45  1.524         1.5818         0.4648
 46  1.624         1.6170         0.5083
 47  1.724         1.6532         0.5558
 48  1.824         1.6896         0.5952
 49  1.924         1.7269         0.6426
 50  2.024         1.7640         0.6774
 51  2.124         1.7993         0.6912
 52  2.224         1.8327         0.7027
 53  2.324         1.8642         0.7088
 54  2.424         1.8943         0.7204
 55  2.524         1.9238         0.7401
 56  2.624         1.9536         0.7759
 57  2.724         1.9866         0.8501
 58  2.824         2.0273         0.9799
 59  2.924         2.0752         1.0940
 60  3.024         2.1236         1.1468
 61  3.124         2.1753         1.2247
 62  3.224         2.2296         1.2998
 63  3.324         2.2847         1.3613
 64  3.424         2.3437         1.4474
 65  3.524         2.4036         1.5132
 66  3.624         2.4628         1.5680
 67  3.724         2.5210         1.6200
 68  3.824         2.5783         1.6704
 69  3.924         2.6347         1.7199
 70  4.024         2.6897         1.7648
 71  4.124         2.7418         1.7959
 72  4.224         2.7914         1.8241
 73  4.324         2.8389         1.8547
 74  4.424         2.8848         1.8855
 75  4.524         2.9290         1.9144
 76  4.624         2.9718         1.9448
 77  4.724         3.0138         1.9786
 78  4.824         3.0552         2.0136
 79  4.924         3.0955         2.0432
 80  5.024         3.1344         2.0667
 81  5.124         3.1722         2.0934
 82  5.224         3.2090         2.1193
 83  5.324         3.2448         2.1423
 84  5.424         3.2793         2.1630
 85  5.524         3.3128         2.1832
 86  5.624         3.3453         2.2026
 87  5.724         3.3768         2.2226
 88  5.824         3.4074         2.2394
 89  5.924         3.4368         2.2537
 90  6.024         3.4654         2.2694
 91  6.124         3.4932         2.2850
 92  6.224         3.5202         2.3002
 93  6.324         3.5464         2.3149
 94  6.424         3.5719         2.3282
 95  6.524         3.5967         2.3401
 96  6.624         3.6207         2.3523
 97  6.724         3.6442         2.3657
 98  6.824         3.6672         2.3799
 99  6.924         3.6897         2.3923
100  7.024         3.7117         2.4052
101  7.124         3.7333         2.4194
102  7.224         3.7547         2.4374
103  7.324         3.7761         2.4570
104  7.424         3.7973         2.4752
105  7.524         3.8179         2.4833
106  7.624         3.8393         2.5208
107  7.724         3.8613         2.5553
108  7.824         3.8833         2.5778
109  7.924         3.9064         2.6208
110  8.024         3.9302         2.6574
111  8.124         3.9544         2.6886
112  8.224         3.9794         2.7263
113  8.324         4.0046         2.7562
114  8.424         4.0308         2.7978
115  8.524         4.0584         2.8481
116  8.624         4.0876         2.9004
117  8.724         4.1173         2.9376
118  8.824         4.1504         3.0164
119  8.924         4.1910         3.1415
120  9.024         4.2295         3.1577
121  9.124         4.2674         3.1892
122  9.224         4.3037         3.2081
123  9.324         4.3387         3.2273
124  9.424         4.3726         3.2482
125  9.524         4.4059         3.2737
126  9.624         4.4386         3.3003
127  9.724         4.4693         3.3030
128  9.824         4.4973         3.2921
129  9.924         4.5264         3.3379
130 10.024         4.5560         3.3745
131 10.124         4.5844         3.3867
132 10.224         4.6122         3.4044
133 10.324         4.6391         3.4181
134 10.424         4.6650         3.4277
135 10.524         4.6900         3.4377
136 10.624         4.7140         3.4447
137 10.724         4.7371         3.4516
138 10.824         4.7594         3.4586
139 10.924         4.7807         3.4608
140 11.024         4.8011         3.4619
141 11.124         4.8206         3.4629
142 11.224         4.8392         3.4622
143 11.324         4.8570         3.4606
144 11.424         4.8742         3.4632
145 11.524         4.8910         3.4697
146 11.624         4.9072         3.4724
147 11.724         4.9231         3.4776
148 11.824         4.9387         3.4879
149 11.924         4.9543         3.5004
150 12.024         4.9696         3.5095
151 12.124         4.9848         3.5212
152 12.224         5.0000         3.5362


#AGE=13.000 BINS=154 Power-law IMF: x=-2.350
# N  sdss_r       Log10(N)       Log10(dN)
  1 -2.941        -0.7949        -0.7949
  2 -2.841        -0.5875        -1.0081
  3 -2.741        -0.4212        -0.9187
  4 -2.641        -0.3134        -0.9714
  5 -2.541        -0.2079        -0.8737
  6 -2.441        -0.1248        -0.8843
  7 -2.341        -0.0507        -0.8552
  8 -2.241         0.0180        -0.8166
  9 -2.141         0.0804        -0.7932
 10 -2.041         0.1377        -0.7698
 11 -1.941         0.1922        -0.7360
 12 -1.841         0.2443        -0.7026
 13 -1.741         0.2932        -0.6801
 14 -1.641         0.3393        -0.6573
 15 -1.541         0.3860        -0.6057
 16 -1.441         0.4382        -0.5079
 17 -1.341         0.4792        -0.5662
 18 -1.241         0.5195        -0.5324
 19 -1.141         0.5596        -0.4946
 20 -1.041         0.6072        -0.3769
 21 -0.941         0.6538        -0.3384
 22 -0.841         0.6933        -0.3676
 23 -0.741         0.7310        -0.3490
 24 -0.641         0.7911        -0.0976
 25 -0.541         0.8345        -0.1878
 26 -0.441         0.8704        -0.2293
 27 -0.341         0.9047        -0.2158
 28 -0.241         0.9383        -0.1895
 29 -0.141         0.9715        -0.1614
 30 -0.041         1.0046        -0.1297
 31  0.059         1.0379        -0.0937
 32  0.159         1.0714        -0.0584
 33  0.259         1.1046        -0.0279
 34  0.359         1.1381         0.0077
 35  0.459         1.1715         0.0412
 36  0.559         1.2047         0.0710
 37  0.659         1.2381         0.1079
 38  0.759         1.2715         0.1405
 39  0.859         1.3050         0.1759
 40  0.959         1.3385         0.2095
 41  1.059         1.3721         0.2441
 42  1.159         1.4060         0.2814
 43  1.259         1.4401         0.3182
 44  1.359         1.4740         0.3497
 45  1.459         1.5083         0.3886
 46  1.559         1.5428         0.4253
 47  1.659         1.5779         0.4681
 48  1.759         1.6140         0.5157
 49  1.859         1.6507         0.5600
 50  1.959         1.6880         0.6032
 51  2.059         1.7261         0.6506
 52  2.159         1.7625         0.6676
 53  2.259         1.7970         0.6797
 54  2.359         1.8294         0.6858
 55  2.459         1.8602         0.6965
 56  2.559         1.8900         0.7113
 57  2.659         1.9196         0.7375
 58  2.759         1.9503         0.7848
 59  2.859         1.9857         0.8799
 60  2.959         2.0290         1.0061
 61  3.059         2.0759         1.0858
 62  3.159         2.1247         1.1509
 63  3.259         2.1769         1.2315
 64  3.359         2.2325         1.3124
 65  3.459         2.2889         1.3739
 66  3.559         2.3469         1.4445
 67  3.659         2.4062         1.5116
 68  3.759         2.4650         1.5675
 69  3.859         2.5228         1.6190
 70  3.959         2.5802         1.6730
 71  4.059         2.6369         1.7245
 72  4.159         2.6920         1.7676
 73  4.259         2.7438         1.7949
 74  4.359         2.7930         1.8227
 75  4.459         2.8400         1.8515
 76  4.559         2.8855         1.8827
 77  4.659         2.9298         1.9170
 78  4.759         2.9733         1.9525
 79  4.859         3.0157         1.9840
 80  4.959         3.0566         2.0104
 81  5.059         3.0963         2.0376
 82  5.159         3.1350         2.0657
 83  5.259         3.1727         2.0923
 84  5.359         3.2092         2.1158
 85  5.459         3.2446         2.1384
 86  5.559         3.2789         2.1592
 87  5.659         3.3122         2.1800
 88  5.759         3.3445         2.1999
 89  5.859         3.3756         2.2149
 90  5.959         3.4057         2.2311
 91  6.059         3.4348         2.2476
 92  6.159         3.4631         2.2630
 93  6.259         3.4907         2.2792
 94  6.359         3.5174         2.2939
 95  6.459         3.5434         2.3064
 96  6.559         3.5685         2.3190
 97  6.659         3.5930         2.3321
 98  6.759         3.6170         2.3468
 99  6.859         3.6404         2.3605
100  6.959         3.6632         2.3720
101  7.059         3.6856         2.3873
102  7.159         3.7076         2.4017
103  7.259         3.7295         2.4211
104  7.359         3.7514         2.4422
105  7.459         3.7725         2.4496
106  7.559         3.7941         2.4798
107  7.659         3.8163         2.5132
108  7.759         3.8387         2.5404
109  7.859         3.8615         2.5706
110  7.959         3.8853         2.6115
111  8.059         3.9098         2.6489
112  8.159         3.9346         2.6801
113  8.259         3.9600         2.7139
114  8.359         3.9860         2.7502
115  8.459         4.0133         2.7984
116  8.559         4.0424         2.8533
117  8.659         4.0718         2.8880
118  8.759         4.1018         2.9268
119  8.859         4.1377         3.0372
120  8.959         4.1790         3.1367
121  9.059         4.2178         3.1488
122  9.159         4.2551         3.1710
123  9.259         4.2916         3.1977
124  9.359         4.3275         3.2267
125  9.459         4.3622         3.2476
126  9.559         4.3957         3.2669
127  9.659         4.4273         3.2733
128  9.759         4.4567         3.2730
129  9.859         4.4864         3.3061
130  9.959         4.5160         3.3348
131 10.059         4.5450         3.3550
132 10.159         4.5735         3.3763
133 10.259         4.6011         3.3909
134 10.359         4.6277         3.4010
135 10.459         4.6533         3.4121
136 10.559         4.6780         3.4197
137 10.659         4.7017         3.4267
138 10.759         4.7244         3.4327
139 10.859         4.7463         3.4371
140 10.959         4.7673         3.4404
141 11.059         4.7872         3.4395
142 11.159         4.8062         3.4387
143 11.259         4.8246         3.4404
144 11.359         4.8422         3.4424
145 11.459         4.8592         3.4430
146 11.559         4.8757         3.4478
147 11.659         4.8919         3.4562
148 11.759         4.9077         3.4604
149 11.859         4.9232         3.4678
150 11.959         4.9386         3.4809
151 12.059         4.9541         3.4972
152 12.159         4.9694         3.5104
153 12.259         4.9847         3.5240
154 12.359         5.0000         3.5385
