#NUMBER OF AGES=15
#----------------------------------------------------       
#MIX-LEN  Y      Z          Zeff        [Fe/H] [a/Fe]       
# 1.9380  0.2454 2.0920E-04 2.0920E-04  -1.90   0.00        
#----------------------------------------------------       
#**PHOTOMETRIC SYSTEM**: SDSS (AB)                          
#----------------------------------------------------       
#AGE= 0.010 BINS=122 Power-law IMF: x=-2.350
# N  sdss_r       Log10(N)       Log10(dN)
  1 -1.407            NaN         0.0000
  2 -1.307            NaN         0.0000
  3 -1.207            NaN         0.0000
  4 -1.107            NaN         0.0000
  5 -1.007            NaN         0.0000
  6 -0.907            NaN         0.0000
  7 -0.807            NaN         0.0000
  8 -0.707            NaN         1.3090
  9 -0.607            NaN         1.3376
 10 -0.507            NaN         1.3629
 11 -0.407            NaN         1.3853
 12 -0.307            NaN         1.4048
 13 -0.207            NaN         1.4445
 14 -0.107            NaN         1.4993
 15 -0.007         1.5572         1.5573
 16  0.093         1.9066         1.6491
 17  0.193         2.1204         1.7101
 18  0.293         2.2620         1.7065
 19  0.393         2.3666         1.6971
 20  0.493         2.4550         1.7200
 21  0.593         2.5705         1.9389
 22  0.693         2.6607         1.9338
 23  0.793         2.7244         1.8590
 24  0.893         2.7851         1.9011
 25  0.993         2.8378         1.8957
 26  1.093         2.8933         1.9720
 27  1.193         2.9464         2.0077
 28  1.293         2.9939         2.0089
 29  1.393         3.0372         2.0142
 30  1.493         3.0772         2.0221
 31  1.593         3.1149         2.0343
 32  1.693         3.1509         2.0522
 33  1.793         3.1859         2.0743
 34  1.893         3.2207         2.1075
 35  1.993         3.4310         3.0151
 36  2.093         3.4676         2.3758
 37  2.193         3.4953         2.2861
 38  2.293         3.5158         2.1795
 39  2.393         3.5348         2.1658
 40  2.493         3.5530         2.1662
 41  2.593         3.5705         2.1664
 42  2.693         3.5880         2.1844
 43  2.793         3.6054         2.2010
 44  2.893         3.6228         2.2166
 45  2.993         3.6402         2.2350
 46  3.093         3.6578         2.2557
 47  3.193         3.6755         2.2756
 48  3.293         3.6931         2.2935
 49  3.393         3.7087         2.2559
 50  3.493         3.7220         2.2002
 51  3.593         3.7352         2.2131
 52  3.693         3.7485         2.2263
 53  3.793         3.7617         2.2396
 54  3.893         3.7750         2.2532
 55  3.993         3.7883         2.2669
 56  4.093         3.8016         2.2810
 57  4.193         3.8149         2.2952
 58  4.293         3.8282         2.3096
 59  4.393         3.8416         2.3243
 60  4.493         3.8551         2.3393
 61  4.593         3.8686         2.3545
 62  4.693         3.8822         2.3699
 63  4.793         3.8958         2.3856
 64  4.893         3.9095         2.4015
 65  4.993         3.9232         2.4168
 66  5.093         3.9370         2.4324
 67  5.193         3.9509         2.4487
 68  5.293         3.9649         2.4656
 69  5.393         3.9792         2.4893
 70  5.493         3.9938         2.5138
 71  5.593         4.0079         2.5126
 72  5.693         4.0208         2.4874
 73  5.793         4.0291         2.3029
 74  5.893         4.0365         2.2668
 75  5.993         4.0437         2.2601
 76  6.093         4.0511         2.2778
 77  6.193         4.0585         2.2871
 78  6.293         4.0661         2.3075
 79  6.393         4.0743         2.3444
 80  6.493         4.0834         2.3998
 81  6.593         4.0937         2.4647
 82  6.693         4.1051         2.5191
 83  6.793         4.1175         2.5662
 84  6.893         4.1309         2.6118
 85  6.993         4.1449         2.6478
 86  7.093         4.1585         2.6455
 87  7.193         4.1731         2.6938
 88  7.293         4.1877         2.7060
 89  7.393         4.1999         2.6422
 90  7.493         4.2150         2.7505
 91  7.593         4.2316         2.8059
 92  7.693         4.2479         2.8143
 93  7.793         4.2638         2.8192
 94  7.893         4.3872         3.7804
 95  7.993         4.4240         3.3334
 96  8.093         4.4560         3.3078
 97  8.193         4.4860         3.3102
 98  8.293         4.5145         3.3182
 99  8.393         4.5479         3.4163
100  8.493         4.5771         3.3902
101  8.593         4.6037         3.3778
102  8.693         4.6323         3.4362
103  8.793         4.6583         3.4229
104  8.893         4.6775         3.3141
105  8.993         4.6914         3.1898
106  9.093         4.7086         3.2978
107  9.193         4.7293         3.3968
108  9.293         4.7488         3.3919
109  9.393         4.7680         3.4046
110  9.493         4.7871         3.4190
111  9.593         4.8060         3.4351
112  9.693         4.8248         3.4528
113  9.793         4.8435         3.4672
114  9.893         4.8618         3.4790
115  9.993         4.8799         3.4909
116 10.093         4.8978         3.5026
117 10.193         4.9154         3.5144
118 10.293         4.9328         3.5261
119 10.393         4.9499         3.5366
120 10.493         4.9667         3.5458
121 10.593         4.9833         3.5589
122 10.693         5.0000         3.5762


#AGE= 0.100 BINS=120 Power-law IMF: x=-2.350
# N  sdss_r       Log10(N)       Log10(dN)
  1 -1.095            NaN         3.5762
  2 -0.995            NaN         3.5762
  3 -0.895            NaN         3.5762
  4 -0.795            NaN         3.5762
  5 -0.695            NaN         3.5762
  6 -0.595            NaN         3.5762
  7 -0.495            NaN         3.5762
  8 -0.395            NaN         1.2577
  9 -0.295            NaN         1.3617
 10 -0.195            NaN         1.3885
 11 -0.095            NaN         1.4141
 12  0.005            NaN         1.4757
 13  0.105            NaN         1.5395
 14  0.205         0.3285         1.6392
 15  0.305         1.7308         1.7133
 16  0.405         2.0252         1.7174
 17  0.505         2.1462         1.5321
 18  0.605         2.3324         1.8749
 19  0.705         2.4799         1.9392
 20  0.805         2.5913         1.9460
 21  0.905         2.6833         1.9638
 22  1.005         2.7549         1.9367
 23  1.105         2.8142         1.9203
 24  1.205         2.8721         1.9683
 25  1.305         2.9310         2.0340
 26  1.405         2.9829         2.0346
 27  1.505         3.0294         2.0368
 28  1.605         3.0724         2.0462
 29  1.705         3.1142         2.0766
 30  1.805         3.1538         2.0947
 31  1.905         3.1909         2.1041
 32  2.005         3.2266         2.1229
 33  2.105         3.4110         2.9502
 34  2.205         3.4609         2.4959
 35  2.305         3.4846         2.2111
 36  2.405         3.5062         2.1907
 37  2.505         3.5258         2.1715
 38  2.605         3.5445         2.1691
 39  2.705         3.5623         2.1658
 40  2.805         3.5799         2.1787
 41  2.905         3.5976         2.1998
 42  3.005         3.6153         2.2170
 43  3.105         3.6331         2.2352
 44  3.205         3.6509         2.2561
 45  3.305         3.6689         2.2765
 46  3.405         3.6869         2.2948
 47  3.505         3.7023         2.2445
 48  3.605         3.7158         2.2034
 49  3.705         3.7294         2.2164
 50  3.805         3.7429         2.2296
 51  3.905         3.7564         2.2429
 52  4.005         3.7699         2.2565
 53  4.105         3.7835         2.2702
 54  4.205         3.7970         2.2842
 55  4.305         3.8106         2.2983
 56  4.405         3.8242         2.3126
 57  4.505         3.8378         2.3271
 58  4.605         3.8514         2.3419
 59  4.705         3.8651         2.3568
 60  4.805         3.8788         2.3720
 61  4.905         3.8926         2.3873
 62  5.005         3.9065         2.4029
 63  5.105         3.9203         2.4182
 64  5.205         3.9343         2.4337
 65  5.305         3.9483         2.4496
 66  5.405         3.9624         2.4660
 67  5.505         3.9767         2.4890
 68  5.605         3.9914         2.5118
 69  5.705         4.0054         2.5090
 70  5.805         4.0183         2.4837
 71  5.905         4.0303         2.4639
 72  6.005         4.0388         2.3311
 73  6.105         4.0463         2.2743
 74  6.205         4.0536         2.2791
 75  6.305         4.0608         2.2773
 76  6.405         4.0682         2.2936
 77  6.505         4.0760         2.3295
 78  6.605         4.0847         2.3804
 79  6.705         4.0945         2.4413
 80  6.805         4.1055         2.5040
 81  6.905         4.1176         2.5588
 82  7.005         4.1309         2.6100
 83  7.105         4.1441         2.6196
 84  7.205         4.1584         2.6696
 85  7.305         4.1738         2.7164
 86  7.405         4.1876         2.6798
 87  7.505         4.2007         2.6744
 88  7.605         4.2179         2.8075
 89  7.705         4.2349         2.8190
 90  7.805         4.2515         2.8269
 91  7.905         4.2677         2.8307
 92  8.005         4.2833         2.8301
 93  8.105         4.4291         3.8842
 94  8.205         4.4684         3.4055
 95  8.305         4.4956         3.2788
 96  8.405         4.5179         3.2185
 97  8.505         4.5475         3.3652
 98  8.605         4.5711         3.2951
 99  8.705         4.5986         3.3870
100  8.805         4.6273         3.4326
101  8.905         4.6493         3.3436
102  9.005         4.6648         3.2088
103  9.105         4.6836         3.3109
104  9.205         4.7054         3.3954
105  9.305         4.7260         3.3923
106  9.405         4.7462         3.4023
107  9.505         4.7659         3.4139
108  9.605         4.7854         3.4270
109  9.705         4.8046         3.4416
110  9.805         4.8237         3.4578
111  9.905         4.8427         3.4728
112 10.005         4.8613         3.4843
113 10.105         4.8796         3.4956
114 10.205         4.8976         3.5066
115 10.305         4.9154         3.5175
116 10.405         4.9328         3.5283
117 10.505         4.9500         3.5375
118 10.605         4.9667         3.5454
119 10.705         4.9834         3.5577
120 10.805         5.0000         3.5751


#AGE= 1.000 BINS=130 Power-law IMF: x=-2.350
# N  sdss_r       Log10(N)       Log10(dN)
  1 -0.970         0.1642         0.1642
  2 -0.870         0.4644         0.1625
  3 -0.771         0.6499         0.1910
  4 -0.671         0.7821         0.2012
  5 -0.570         0.8844         0.2064
  6 -0.470         0.9673         0.2075
  7 -0.370         1.0374         0.2106
  8 -0.271         1.0980         0.2129
  9 -0.171         1.1513         0.2132
 10 -0.070         1.1994         0.2208
 11  0.030         1.2423         0.2154
 12  0.130         1.2813         0.2156
 13  0.229         1.3176         0.2208
 14  0.329         1.4386         0.8245
 15  0.430         1.5352         0.8351
 16  0.530         1.5736         0.5013
 17  0.630         1.5952         0.2805
 18  0.729         1.6182         0.3311
 19  0.829         1.6440         0.4048
 20  0.930         1.6730         0.4826
 21  1.030         1.7061         0.5725
 22  1.130         1.7414         0.6337
 23  1.229         1.7650         0.4884
 24  1.329         1.7696        -0.2085
 25  1.430         1.8652         1.1609
 26  1.530         2.0396         1.5591
 27  1.630         2.1633         1.5576
 28  1.729         2.2688         1.6026
 29  1.829         2.3593         1.6338
 30  1.930         2.4431         1.6874
 31  2.030         2.5385         1.8330
 32  2.130         2.6270         1.8926
 33  2.229         2.7122         1.9632
 34  2.329         2.7932         2.0241
 35  2.430         2.8676         2.0647
 36  2.530         2.9271         2.0340
 37  2.630         2.9815         2.0526
 38  2.729         3.0462         2.1872
 39  2.830         3.0992         2.1600
 40  2.930         3.1455         2.1500
 41  3.030         3.1892         2.1702
 42  3.130         3.2299         2.1813
 43  3.229         3.2678         2.1903
 44  3.330         3.3016         2.1761
 45  3.430         3.3308         2.1440
 46  3.530         3.3578         2.1382
 47  3.630         3.3837         2.1459
 48  3.729         3.4083         2.1495
 49  3.830         3.4317         2.1502
 50  3.930         3.4548         2.1708
 51  4.030         3.4774         2.1821
 52  4.130         3.4991         2.1854
 53  4.230         3.5201         2.1949
 54  4.330         3.5408         2.2096
 55  4.430         3.5613         2.2250
 56  4.530         3.5816         2.2412
 57  4.630         3.6014         2.2498
 58  4.730         3.6206         2.2573
 59  4.830         3.6395         2.2671
 60  4.930         3.6579         2.2769
 61  5.030         3.6760         2.2873
 62  5.130         3.6939         2.2983
 63  5.230         3.7114         2.3099
 64  5.330         3.7288         2.3222
 65  5.430         3.7460         2.3352
 66  5.530         3.7631         2.3489
 67  5.630         3.7800         2.3632
 68  5.730         3.7970         2.3808
 69  5.830         3.8140         2.3984
 70  5.930         3.8309         2.4121
 71  6.030         3.8475         2.4220
 72  6.130         3.8637         2.4279
 73  6.230         3.8794         2.4298
 74  6.330         3.8946         2.4288
 75  6.430         3.9093         2.4320
 76  6.530         3.9237         2.4386
 77  6.630         3.9380         2.4476
 78  6.730         3.9520         2.4536
 79  6.830         3.9656         2.4545
 80  6.930         3.9789         2.4574
 81  7.030         3.9921         2.4683
 82  7.130         4.0052         2.4790
 83  7.230         4.0184         2.4953
 84  7.330         4.0316         2.5072
 85  7.430         4.0447         2.5160
 86  7.530         4.0577         2.5289
 87  7.630         4.0709         2.5483
 88  7.730         4.0844         2.5682
 89  7.830         4.0980         2.5883
 90  7.930         4.1119         2.6113
 91  8.030         4.1262         2.6365
 92  8.130         4.1406         2.6533
 93  8.230         4.1564         2.7075
 94  8.330         4.1728         2.7443
 95  8.430         4.1901         2.7803
 96  8.530         4.2088         2.8348
 97  8.630         4.2302         2.9111
 98  8.730         4.2527         2.9567
 99  8.830         4.2749         2.9715
100  8.930         4.2951         2.9526
101  9.030         4.3143         2.9516
102  9.130         4.3405         3.1068
103  9.230         4.3657         3.1167
104  9.330         4.3937         3.1892
105  9.430         4.4221         3.2232
106  9.530         4.4507         3.2561
107  9.630         4.4794         3.2850
108  9.730         4.5079         3.3110
109  9.830         4.5364         3.3388
110  9.930         4.5646         3.3637
111 10.030         4.5925         3.3855
112 10.130         4.6198         3.4057
113 10.230         4.6471         3.4317
114 10.330         4.6742         3.4548
115 10.430         4.7007         3.4733
116 10.530         4.7265         3.4870
117 10.630         4.7513         3.4958
118 10.730         4.7751         3.5035
119 10.830         4.7985         3.5182
120 10.930         4.8212         3.5284
121 11.030         4.8431         3.5334
122 11.130         4.8638         3.5333
123 11.230         4.8834         3.5278
124 11.330         4.9019         3.5221
125 11.430         4.9196         3.5201
126 11.530         4.9366         3.5216
127 11.630         4.9532         3.5261
128 11.730         4.9691         3.5238
129 11.830         4.9845         3.5281
130 11.930         5.0000         3.5445


#AGE= 2.000 BINS=151 Power-law IMF: x=-2.350
# N  sdss_r       Log10(N)       Log10(dN)
  1 -2.728        -0.4607        -0.4607
  2 -2.628        -0.1502        -0.4419
  3 -2.528         0.0366        -0.4200
  4 -2.428         0.1750        -0.3887
  5 -2.328         0.2829        -0.3749
  6 -2.228         0.3675        -0.3843
  7 -2.128         0.4470        -0.3297
  8 -2.028         0.5205        -0.2876
  9 -1.928         0.5866        -0.2631
 10 -1.828         0.6477        -0.2343
 11 -1.728         0.7039        -0.2125
 12 -1.628         0.7970         0.0827
 13 -1.528         0.9348         0.3690
 14 -1.428         0.9732        -0.0985
 15 -1.328         1.0098        -0.0829
 16 -1.228         1.0656         0.1466
 17 -1.128         1.1032         0.0217
 18 -1.028         1.1362         0.0006
 19 -0.928         1.1683         0.0220
 20 -0.828         1.2000         0.0475
 21 -0.728         1.2294         0.0448
 22 -0.628         1.2597         0.0881
 23 -0.528         1.2907         0.1284
 24 -0.428         1.3216         0.1591
 25 -0.328         1.3523         0.1858
 26 -0.228         1.3827         0.2138
 27 -0.128         1.4130         0.2406
 28 -0.028         1.4428         0.2647
 29  0.072         1.4727         0.2959
 30  0.172         1.5028         0.3290
 31  0.272         1.5331         0.3619
 32  0.372         1.5646         0.4087
 33  0.472         1.5966         0.4486
 34  0.572         1.6276         0.4655
 35  0.672         1.6589         0.5008
 36  0.772         1.6887         0.5113
 37  0.872         1.7174         0.5227
 38  0.972         1.7453         0.5399
 39  1.072         1.7734         0.5696
 40  1.172         1.9263         1.3988
 41  1.272         1.9512         0.6964
 42  1.372         1.9765         0.7287
 43  1.472         2.0044         0.7984
 44  1.572         2.0366         0.8917
 45  1.672         2.0752         1.0044
 46  1.772         2.1214         1.1255
 47  1.872         2.1755         1.2441
 48  1.972         2.2369         1.3572
 49  2.072         2.3046         1.4636
 50  2.172         2.3762         1.5581
 51  2.272         2.4492         1.6390
 52  2.372         2.5247         1.7274
 53  2.472         2.6005         1.8052
 54  2.572         2.6757         1.8768
 55  2.672         2.7472         1.9286
 56  2.772         2.8131         1.9618
 57  2.872         2.8730         1.9831
 58  2.972         2.9280         2.0035
 59  3.072         2.9791         2.0241
 60  3.172         3.0258         2.0342
 61  3.272         3.0671         2.0252
 62  3.372         3.1041         2.0156
 63  3.472         3.1390         2.0275
 64  3.572         3.1724         2.0417
 65  3.672         3.2040         2.0490
 66  3.772         3.2338         2.0567
 67  3.872         3.2637         2.0854
 68  3.972         3.2922         2.0965
 69  4.072         3.3193         2.1001
 70  4.172         3.3456         2.1151
 71  4.272         3.3716         2.1354
 72  4.372         3.3971         2.1527
 73  4.472         3.4219         2.1667
 74  4.572         3.4459         2.1773
 75  4.672         3.4690         2.1829
 76  4.772         3.4917         2.1981
 77  4.872         3.5143         2.2197
 78  4.972         3.5367         2.2386
 79  5.072         3.5592         2.2609
 80  5.172         3.5808         2.2670
 81  5.272         3.6016         2.2718
 82  5.372         3.6218         2.2788
 83  5.472         3.6414         2.2879
 84  5.572         3.6608         2.2991
 85  5.672         3.6798         2.3117
 86  5.772         3.6984         2.3225
 87  5.872         3.7167         2.3322
 88  5.972         3.7347         2.3416
 89  6.072         3.7523         2.3511
 90  6.172         3.7695         2.3598
 91  6.272         3.7864         2.3687
 92  6.372         3.8030         2.3770
 93  6.472         3.8193         2.3845
 94  6.572         3.8352         2.3920
 95  6.672         3.8508         2.3973
 96  6.772         3.8660         2.4025
 97  6.872         3.8808         2.4065
 98  6.972         3.8952         2.4092
 99  7.072         3.9097         2.4237
100  7.172         3.9241         2.4394
101  7.272         3.9385         2.4524
102  7.372         3.9528         2.4611
103  7.472         3.9668         2.4703
104  7.572         3.9811         2.4895
105  7.672         3.9954         2.5072
106  7.772         4.0099         2.5270
107  7.872         4.0248         2.5517
108  7.972         4.0402         2.5822
109  8.072         4.0554         2.5906
110  8.172         4.0727         2.6649
111  8.272         4.0930         2.7522
112  8.372         4.1152         2.8136
113  8.472         4.1385         2.8563
114  8.572         4.1620         2.8828
115  8.672         4.1847         2.8931
116  8.772         4.2060         2.8853
117  8.872         4.2249         2.8543
118  8.972         4.2433         2.8617
119  9.072         4.2658         2.9689
120  9.172         4.2941         3.0936
121  9.272         4.3245         3.1551
122  9.372         4.3526         3.1496
123  9.472         4.3812         3.1850
124  9.572         4.4096         3.2106
125  9.672         4.4380         3.2391
126  9.772         4.4663         3.2671
127  9.872         4.4943         3.2903
128  9.972         4.5221         3.3142
129 10.072         4.5496         3.3371
130 10.172         4.5767         3.3584
131 10.272         4.6037         3.3840
132 10.372         4.6306         3.4084
133 10.472         4.6570         3.4277
134 10.572         4.6826         3.4417
135 10.672         4.7074         3.4503
136 10.772         4.7312         3.4589
137 10.872         4.7546         3.4737
138 10.972         4.7772         3.4829
139 11.072         4.7989         3.4865
140 11.172         4.8194         3.4842
141 11.272         4.8388         3.4773
142 11.372         4.8571         3.4730
143 11.472         4.8746         3.4724
144 11.572         4.8916         3.4756
145 11.672         4.9081         3.4798
146 11.772         4.9240         3.4800
147 11.872         4.9396         3.4856
148 11.972         4.9550         3.4968
149 12.072         4.9701         3.5047
150 12.172         4.9851         3.5144
151 12.272         5.0000         3.5294


#AGE= 3.000 BINS=151 Power-law IMF: x=-2.350
# N  sdss_r       Log10(N)       Log10(dN)
  1 -2.794        -0.5759        -0.5759
  2 -2.694        -0.2628        -0.5521
  3 -2.595        -0.0716        -0.5199
  4 -2.495         0.0652        -0.5033
  5 -2.395         0.1752        -0.4750
  6 -2.294         0.2682        -0.4469
  7 -2.194         0.3494        -0.4184
  8 -2.095         0.4215        -0.3941
  9 -1.995         0.4874        -0.3643
 10 -1.895         0.5472        -0.3430
 11 -1.794         0.5996        -0.3445
 12 -1.694         0.6506        -0.3055
 13 -1.595         0.7004        -0.2647
 14 -1.495         0.7476        -0.2397
 15 -1.395         0.8600         0.2179
 16 -1.294         0.9437         0.1877
 17 -1.194         0.9795        -0.1228
 18 -1.095         1.0207        -0.0223
 19 -0.995         1.0705         0.1054
 20 -0.895         1.1042        -0.0231
 21 -0.794         1.1362        -0.0120
 22 -0.694         1.1677         0.0119
 23 -0.595         1.1975         0.0203
 24 -0.495         1.2270         0.0439
 25 -0.395         1.2575         0.0883
 26 -0.294         1.2882         0.1230
 27 -0.194         1.3190         0.1549
 28 -0.095         1.3498         0.1839
 29  0.005         1.3803         0.2119
 30  0.105         1.4107         0.2415
 31  0.206         1.4411         0.2708
 32  0.306         1.4712         0.2972
 33  0.405         1.5015         0.3296
 34  0.505         1.5320         0.3637
 35  0.605         1.5637         0.4117
 36  0.706         1.5962         0.4542
 37  0.806         1.6300         0.5033
 38  0.905         1.6622         0.5169
 39  1.005         1.6933         0.5327
 40  1.105         1.7241         0.5594
 41  1.206         1.7542         0.5802
 42  1.306         1.7835         0.5980
 43  1.405         1.8130         0.6310
 44  1.505         1.9262         1.2865
 45  1.605         1.9894         1.1211
 46  1.706         2.0280         0.9583
 47  1.806         2.0666         0.9962
 48  1.905         2.1095         1.0828
 49  2.005         2.1578         1.1802
 50  2.105         2.2120         1.2812
 51  2.206         2.2720         1.3830
 52  2.306         2.3375         1.4836
 53  2.405         2.4065         1.5738
 54  2.505         2.4777         1.6567
 55  2.605         2.5502         1.7370
 56  2.706         2.6218         1.8037
 57  2.806         2.6925         1.8695
 58  2.905         2.7581         1.9044
 59  3.005         2.8177         1.9258
 60  3.106         2.8717         1.9395
 61  3.206         2.9193         1.9357
 62  3.306         2.9628         1.9417
 63  3.405         3.0041         1.9625
 64  3.505         3.0438         1.9847
 65  3.606         3.0810         1.9951
 66  3.706         3.1165         2.0118
 67  3.806         3.1518         2.0435
 68  3.905         3.1854         2.0577
 69  4.005         3.2175         2.0710
 70  4.106         3.2490         2.0931
 71  4.206         3.2798         2.1160
 72  4.306         3.3098         2.1338
 73  4.405         3.3387         2.1467
 74  4.506         3.3665         2.1594
 75  4.606         3.3933         2.1707
 76  4.706         3.4196         2.1879
 77  4.806         3.4456         2.2106
 78  4.905         3.4712         2.2281
 79  5.006         3.4961         2.2431
 80  5.106         3.5204         2.2560
 81  5.206         3.5436         2.2592
 82  5.306         3.5660         2.2674
 83  5.405         3.5880         2.2818
 84  5.506         3.6096         2.2958
 85  5.606         3.6307         2.3072
 86  5.706         3.6514         2.3186
 87  5.806         3.6716         2.3299
 88  5.905         3.6914         2.3406
 89  6.006         3.7108         2.3508
 90  6.106         3.7298         2.3604
 91  6.206         3.7483         2.3695
 92  6.306         3.7665         2.3780
 93  6.405         3.7842         2.3864
 94  6.506         3.8016         2.3952
 95  6.606         3.8185         2.4018
 96  6.706         3.8351         2.4073
 97  6.806         3.8512         2.4121
 98  6.905         3.8668         2.4146
 99  7.006         3.8822         2.4257
100  7.106         3.8976         2.4395
101  7.206         3.9130         2.4551
102  7.306         3.9282         2.4656
103  7.405         3.9432         2.4721
104  7.506         3.9581         2.4879
105  7.606         3.9732         2.5066
106  7.706         3.9884         2.5244
107  7.806         4.0039         2.5471
108  7.906         4.0197         2.5725
109  8.006         4.0361         2.6068
110  8.105         4.0537         2.6516
111  8.206         4.0723         2.6955
112  8.306         4.0920         2.7378
113  8.405         4.1126         2.7789
114  8.506         4.1341         2.8190
115  8.606         4.1566         2.8583
116  8.706         4.1798         2.8968
117  8.806         4.2038         2.9348
118  8.905         4.2286         2.9725
119  9.006         4.2527         2.9848
120  9.106         4.2808         3.0773
121  9.206         4.3116         3.1471
122  9.306         4.3410         3.1572
123  9.405         4.3702         3.1832
124  9.506         4.3994         3.2129
125  9.606         4.4284         3.2377
126  9.706         4.4569         3.2611
127  9.806         4.4852         3.2851
128  9.905         4.5131         3.3068
129 10.006         4.5406         3.3279
130 10.106         4.5677         3.3496
131 10.206         4.5946         3.3727
132 10.306         4.6214         3.3984
133 10.405         4.6479         3.4201
134 10.506         4.6738         3.4368
135 10.606         4.6989         3.4485
136 10.706         4.7235         3.4643
137 10.806         4.7477         3.4815
138 10.905         4.7711         3.4918
139 11.006         4.7935         3.4952
140 11.106         4.8147         3.4914
141 11.206         4.8347         3.4876
142 11.306         4.8538         3.4871
143 11.405         4.8721         3.4878
144 11.506         4.8897         3.4898
145 11.606         4.9067         3.4895
146 11.706         4.9229         3.4886
147 11.806         4.9388         3.4937
148 11.905         4.9545         3.5040
149 12.006         4.9698         3.5097
150 12.106         4.9849         3.5185
151 12.206         5.0000         3.5338


#AGE= 4.000 BINS=152 Power-law IMF: x=-2.350
# N  sdss_r       Log10(N)       Log10(dN)
  1 -2.799        -0.6658        -0.6658
  2 -2.699        -0.3559        -0.6483
  3 -2.599        -0.1636        -0.6101
  4 -2.499        -0.0251        -0.5888
  5 -2.399         0.0852        -0.5641
  6 -2.299         0.1777        -0.5391
  7 -2.199         0.2585        -0.5116
  8 -2.099         0.3316        -0.4786
  9 -1.999         0.3979        -0.4508
 10 -1.899         0.4583        -0.4285
 11 -1.799         0.5148        -0.3985
 12 -1.699         0.5661        -0.3871
 13 -1.599         0.6134        -0.3733
 14 -1.499         0.6608        -0.3245
 15 -1.399         0.7062        -0.2972
 16 -1.299         0.7497        -0.2714
 17 -1.199         0.8879         0.3235
 18 -1.099         0.9255        -0.1564
 19 -0.999         0.9596        -0.1618
 20 -0.899         1.0115         0.0628
 21 -0.799         1.0495        -0.0267
 22 -0.699         1.0824        -0.0548
 23 -0.599         1.1143        -0.0354
 24 -0.499         1.1453        -0.0165
 25 -0.399         1.1751        -0.0036
 26 -0.299         1.2054         0.0336
 27 -0.199         1.2365         0.0769
 28 -0.099         1.2676         0.1068
 29  0.001         1.2988         0.1393
 30  0.101         1.3298         0.1681
 31  0.201         1.3609         0.2006
 32  0.301         1.3915         0.2246
 33  0.401         1.4223         0.2574
 34  0.501         1.4530         0.2876
 35  0.601         1.4838         0.3187
 36  0.701         1.5149         0.3547
 37  0.801         1.5466         0.3937
 38  0.901         1.5796         0.4437
 39  1.001         1.6135         0.4898
 40  1.101         1.6469         0.5157
 41  1.201         1.6795         0.5393
 42  1.301         1.7116         0.5642
 43  1.401         1.7423         0.5768
 44  1.501         1.7720         0.5924
 45  1.601         1.8013         0.6159
 46  1.701         1.8327         0.6759
 47  1.801         1.9444         1.2999
 48  1.901         2.0009         1.0872
 49  2.001         2.0479         1.0592
 50  2.101         2.0976         1.1316
 51  2.201         2.1529         1.2301
 52  2.301         2.2101         1.3016
 53  2.401         2.2717         1.3935
 54  2.501         2.3372         1.4828
 55  2.601         2.4049         1.5643
 56  2.701         2.4740         1.6415
 57  2.801         2.5429         1.7098
 58  2.901         2.6111         1.7732
 59  3.001         2.6757         1.8166
 60  3.101         2.7337         1.8301
 61  3.201         2.7863         1.8437
 62  3.301         2.8357         1.8670
 63  3.401         2.8825         1.8916
 64  3.501         2.9261         1.9061
 65  3.601         2.9670         1.9216
 66  3.701         3.0076         1.9573
 67  3.801         3.0470         1.9850
 68  3.901         3.0845         2.0029
 69  4.001         3.1210         2.0277
 70  4.101         3.1567         2.0537
 71  4.201         3.1914         2.0759
 72  4.301         3.2247         2.0931
 73  4.401         3.2568         2.1094
 74  4.501         3.2878         2.1262
 75  4.601         3.3178         2.1420
 76  4.701         3.3473         2.1645
 77  4.801         3.3761         2.1832
 78  4.901         3.4039         2.1964
 79  5.001         3.4307         2.2080
 80  5.101         3.4569         2.2239
 81  5.201         3.4818         2.2292
 82  5.301         3.5061         2.2420
 83  5.401         3.5300         2.2583
 84  5.501         3.5533         2.2716
 85  5.601         3.5761         2.2836
 86  5.701         3.5982         2.2954
 87  5.801         3.6200         2.3090
 88  5.901         3.6412         2.3194
 89  6.001         3.6619         2.3298
 90  6.101         3.6822         2.3409
 91  6.201         3.7019         2.3500
 92  6.301         3.7212         2.3591
 93  6.401         3.7401         2.3684
 94  6.501         3.7585         2.3768
 95  6.601         3.7765         2.3852
 96  6.701         3.7940         2.3899
 97  6.801         3.8110         2.3947
 98  6.901         3.8275         2.3996
 99  7.001         3.8437         2.4087
100  7.101         3.8600         2.4261
101  7.201         3.8762         2.4394
102  7.301         3.8922         2.4493
103  7.401         3.9078         2.4567
104  7.501         3.9235         2.4736
105  7.601         3.9393         2.4935
106  7.701         3.9552         2.5097
107  7.801         3.9713         2.5321
108  7.901         3.9877         2.5577
109  8.001         4.0048         2.5915
110  8.101         4.0230         2.6361
111  8.201         4.0423         2.6801
112  8.301         4.0626         2.7230
113  8.401         4.0840         2.7651
114  8.501         4.1064         2.8068
115  8.601         4.1297         2.8482
116  8.701         4.1540         2.8898
117  8.801         4.1793         2.9317
118  8.901         4.2057         2.9777
119  9.001         4.2289         2.9440
120  9.101         4.2600         3.0992
121  9.201         4.2918         3.1412
122  9.301         4.3222         3.1513
123  9.401         4.3524         3.1810
124  9.501         4.3824         3.2060
125  9.601         4.4118         3.2286
126  9.701         4.4408         3.2506
127  9.801         4.4693         3.2722
128  9.901         4.4973         3.2924
129 10.001         4.5248         3.3128
130 10.101         4.5519         3.3342
131 10.201         4.5787         3.3556
132 10.301         4.6051         3.3760
133 10.401         4.6312         3.3962
134 10.501         4.6571         3.4201
135 10.601         4.6826         3.4390
136 10.701         4.7074         3.4510
137 10.801         4.7312         3.4577
138 10.901         4.7544         3.4706
139 11.001         4.7769         3.4799
140 11.101         4.7984         3.4832
141 11.201         4.8188         3.4803
142 11.301         4.8380         3.4740
143 11.401         4.8563         3.4712
144 11.501         4.8738         3.4720
145 11.601         4.8909         3.4766
146 11.701         4.9074         3.4794
147 11.801         4.9234         3.4808
148 11.901         4.9390         3.4880
149 12.001         4.9546         3.5000
150 12.101         4.9698         3.5078
151 12.201         4.9849         3.5183
152 12.301         5.0000         3.5334


#AGE= 5.000 BINS=153 Power-law IMF: x=-2.350
# N  sdss_r       Log10(N)       Log10(dN)
  1 -2.901        -0.7254        -0.7254
  2 -2.801        -0.4245        -0.7256
  3 -2.701        -0.2414        -0.7048
  4 -2.601        -0.1039        -0.6703
  5 -2.501         0.0032        -0.6574
  6 -2.401         0.0949        -0.6252
  7 -2.301         0.1770        -0.5872
  8 -2.201         0.2493        -0.5650
  9 -2.101         0.3141        -0.5442
 10 -2.001         0.3751        -0.5071
 11 -1.901         0.4311        -0.4860
 12 -1.801         0.4843        -0.4537
 13 -1.701         0.5346        -0.4270
 14 -1.601         0.5809        -0.4143
 15 -1.501         0.6243        -0.3972
 16 -1.401         0.6677        -0.3541
 17 -1.301         0.7097        -0.3255
 18 -1.201         0.7512        -0.2896
 19 -1.101         0.8731         0.2620
 20 -1.001         0.9100        -0.1798
 21 -0.901         0.9444        -0.1737
 22 -0.801         0.9914         0.0024
 23 -0.701         1.0310        -0.0280
 24 -0.601         1.0639        -0.0731
 25 -0.501         1.0956        -0.0573
 26 -0.401         1.1271        -0.0287
 27 -0.301         1.1568        -0.0229
 28 -0.201         1.1869         0.0125
 29 -0.101         1.2180         0.0575
 30 -0.001         1.2491         0.0886
 31  0.099         1.2803         0.1221
 32  0.199         1.3116         0.1537
 33  0.299         1.3426         0.1812
 34  0.399         1.3737         0.2121
 35  0.499         1.4047         0.2433
 36  0.599         1.4356         0.2723
 37  0.699         1.4666         0.3050
 38  0.799         1.4977         0.3365
 39  0.899         1.5291         0.3727
 40  0.999         1.5611         0.4137
 41  1.099         1.5946         0.4650
 42  1.199         1.6291         0.5118
 43  1.299         1.6628         0.5358
 44  1.399         1.6959         0.5621
 45  1.499         1.7283         0.5850
 46  1.599         1.7592         0.5955
 47  1.699         1.7890         0.6111
 48  1.799         1.8186         0.6370
 49  1.899         1.8502         0.6965
 50  1.999         1.9211         1.0986
 51  2.099         2.0013         1.2287
 52  2.199         2.0525         1.0981
 53  2.299         2.1060         1.1703
 54  2.399         2.1635         1.2572
 55  2.499         2.2252         1.3473
 56  2.599         2.2904         1.4346
 57  2.699         2.3572         1.5110
 58  2.799         2.4237         1.5760
 59  2.899         2.4894         1.6368
 60  2.999         2.5535         1.6907
 61  3.099         2.6168         1.7490
 62  3.199         2.6778         1.7956
 63  3.299         2.7342         1.8195
 64  3.399         2.7855         1.8326
 65  3.499         2.8338         1.8559
 66  3.599         2.8809         1.8926
 67  3.699         2.9264         1.9240
 68  3.799         2.9694         1.9443
 69  3.899         3.0108         1.9689
 70  3.999         3.0508         1.9955
 71  4.099         3.0896         2.0211
 72  4.199         3.1271         2.0454
 73  4.299         3.1635         2.0688
 74  4.399         3.1985         2.0865
 75  4.499         3.2322         2.1063
 76  4.599         3.2652         2.1286
 77  4.699         3.2972         2.1490
 78  4.799         3.3280         2.1639
 79  4.899         3.3575         2.1745
 80  4.999         3.3861         2.1901
 81  5.099         3.4139         2.2073
 82  5.199         3.4406         2.2152
 83  5.299         3.4666         2.2320
 84  5.399         3.4922         2.2483
 85  5.499         3.5170         2.2622
 86  5.599         3.5412         2.2743
 87  5.699         3.5647         2.2879
 88  5.799         3.5878         2.3010
 89  5.899         3.6103         2.3128
 90  5.999         3.6322         2.3240
 91  6.099         3.6535         2.3348
 92  6.199         3.6744         2.3451
 93  6.299         3.6947         2.3549
 94  6.399         3.7145         2.3645
 95  6.499         3.7339         2.3735
 96  6.599         3.7528         2.3818
 97  6.699         3.7711         2.3872
 98  6.799         3.7889         2.3924
 99  6.899         3.8062         2.3978
100  6.999         3.8233         2.4090
101  7.099         3.8403         2.4247
102  7.199         3.8571         2.4383
103  7.299         3.8737         2.4466
104  7.399         3.8900         2.4570
105  7.499         3.9064         2.4757
106  7.599         3.9229         2.4925
107  7.699         3.9393         2.5082
108  7.799         3.9559         2.5313
109  7.899         3.9732         2.5645
110  7.999         3.9903         2.5760
111  8.099         4.0081         2.6132
112  8.199         4.0280         2.6781
113  8.299         4.0496         2.7353
114  8.399         4.0726         2.7860
115  8.499         4.0968         2.8308
116  8.599         4.1218         2.8700
117  8.699         4.1473         2.9031
118  8.799         4.1729         2.9294
119  8.899         4.1980         2.9476
120  8.999         4.2200         2.9151
121  9.099         4.2546         3.1378
122  9.199         4.2868         3.1413
123  9.299         4.3181         3.1598
124  9.399         4.3493         3.1905
125  9.499         4.3805         3.2210
126  9.599         4.4104         3.2332
127  9.699         4.4398         3.2560
128  9.799         4.4687         3.2774
129  9.899         4.4970         3.2979
130  9.999         4.5247         3.3144
131 10.099         4.5517         3.3332
132 10.199         4.5785         3.3544
133 10.299         4.6048         3.3745
134 10.399         4.6307         3.3938
135 10.499         4.6563         3.4136
136 10.599         4.6817         3.4357
137 10.699         4.7065         3.4510
138 10.799         4.7304         3.4586
139 10.899         4.7536         3.4696
140 10.999         4.7761         3.4793
141 11.099         4.7976         3.4828
142 11.199         4.8180         3.4799
143 11.299         4.8373         3.4744
144 11.399         4.8556         3.4722
145 11.499         4.8733         3.4735
146 11.599         4.8904         3.4785
147 11.699         4.9070         3.4802
148 11.799         4.9230         3.4822
149 11.899         4.9388         3.4899
150 11.999         4.9544         3.5019
151 12.099         4.9697         3.5095
152 12.199         4.9848         3.5201
153 12.299         5.0000         3.5353


#AGE= 6.000 BINS=153 Power-law IMF: x=-2.350
# N  sdss_r       Log10(N)       Log10(dN)
  1 -2.969        -0.6703        -0.6703
  2 -2.869        -0.4221        -0.7834
  3 -2.768        -0.2514        -0.7394
  4 -2.668        -0.1274        -0.7325
  5 -2.569        -0.0267        -0.7107
  6 -2.469         0.0585        -0.6907
  7 -2.369         0.1377        -0.6406
  8 -2.268         0.2059        -0.6318
  9 -2.168         0.2687        -0.6019
 10 -2.069         0.3290        -0.5586
 11 -1.969         0.3828        -0.5508
 12 -1.869         0.4339        -0.5201
 13 -1.768         0.4842        -0.4769
 14 -1.668         0.5304        -0.4660
 15 -1.569         0.5761        -0.4245
 16 -1.469         0.6174        -0.4244
 17 -1.369         0.6583        -0.3885
 18 -1.268         0.6989        -0.3500
 19 -1.168         0.7366        -0.3436
 20 -1.069         0.8478         0.2014
 21 -0.969         0.8867        -0.1806
 22 -0.869         0.9219        -0.1863
 23 -0.768         0.9596        -0.1206
 24 -0.668         1.0053         0.0050
 25 -0.569         1.0396        -0.0807
 26 -0.469         1.0719        -0.0728
 27 -0.369         1.1035        -0.0501
 28 -0.268         1.1342        -0.0317
 29 -0.168         1.1641        -0.0125
 30 -0.069         1.1946         0.0266
 31  0.031         1.2259         0.0669
 32  0.131         1.2571         0.0992
 33  0.232         1.2885         0.1321
 34  0.332         1.3200         0.1647
 35  0.431         1.3512         0.1923
 36  0.531         1.3823         0.2217
 37  0.631         1.4137         0.2569
 38  0.732         1.4449         0.2851
 39  0.832         1.4762         0.3192
 40  0.931         1.5075         0.3493
 41  1.031         1.5392         0.3867
 42  1.131         1.5716         0.4288
 43  1.232         1.6053         0.4785
 44  1.332         1.6401         0.5267
 45  1.431         1.6745         0.5552
 46  1.531         1.7083         0.5829
 47  1.631         1.7411         0.6033
 48  1.732         1.7725         0.6166
 49  1.832         1.8029         0.6319
 50  1.931         1.8325         0.6523
 51  2.031         1.8631         0.6957
 52  2.131         1.9027         0.8424
 53  2.232         1.9911         1.2567
 54  2.332         2.0472         1.1302
 55  2.431         2.1007         1.1649
 56  2.531         2.1583         1.2522
 57  2.631         2.2195         1.3385
 58  2.732         2.2839         1.4233
 59  2.832         2.3499         1.4989
 60  2.931         2.4161         1.5662
 61  3.031         2.4819         1.6300
 62  3.132         2.5464         1.6865
 63  3.232         2.6096         1.7411
 64  3.332         2.6711         1.7916
 65  3.431         2.7295         1.8293
 66  3.531         2.7840         1.8555
 67  3.632         2.8347         1.8775
 68  3.732         2.8824         1.8996
 69  3.832         2.9279         1.9251
 70  3.931         2.9717         1.9540
 71  4.031         3.0140         1.9818
 72  4.132         3.0549         2.0077
 73  4.232         3.0943         2.0332
 74  4.332         3.1325         2.0579
 75  4.431         3.1697         2.0831
 76  4.532         3.2057         2.1061
 77  4.631         3.2403         2.1244
 78  4.732         3.2735         2.1409
 79  4.832         3.3053         2.1536
 80  4.931         3.3359         2.1689
 81  5.032         3.3660         2.1915
 82  5.131         3.3950         2.2056
 83  5.232         3.4231         2.2198
 84  5.332         3.4505         2.2367
 85  5.431         3.4772         2.2527
 86  5.532         3.5031         2.2668
 87  5.631         3.5284         2.2802
 88  5.732         3.5530         2.2940
 89  5.832         3.5770         2.3080
 90  5.931         3.6004         2.3194
 91  6.032         3.6232         2.3316
 92  6.131         3.6454         2.3433
 93  6.232         3.6670         2.3529
 94  6.332         3.6880         2.3634
 95  6.431         3.7086         2.3740
 96  6.532         3.7287         2.3825
 97  6.631         3.7481         2.3898
 98  6.732         3.7670         2.3962
 99  6.832         3.7854         2.4019
100  6.931         3.8033         2.4097
101  7.032         3.8210         2.4231
102  7.131         3.8386         2.4381
103  7.232         3.8560         2.4489
104  7.332         3.8730         2.4568
105  7.431         3.8899         2.4734
106  7.532         3.9069         2.4916
107  7.631         3.9238         2.5037
108  7.732         3.9409         2.5282
109  7.832         3.9583         2.5531
110  7.932         3.9760         2.5757
111  8.032         3.9941         2.6063
112  8.131         4.0134         2.6509
113  8.232         4.0339         2.6982
114  8.332         4.0562         2.7559
115  8.431         4.0801         2.8076
116  8.532         4.1051         2.8531
117  8.632         4.1309         2.8927
118  8.732         4.1572         2.9259
119  8.832         4.1835         2.9521
120  8.931         4.2090         2.9653
121  9.032         4.2331         2.9647
122  9.132         4.2704         3.1860
123  9.232         4.3038         3.1737
124  9.332         4.3357         3.1855
125  9.431         4.3675         3.2168
126  9.532         4.3989         3.2417
127  9.632         4.4292         3.2585
128  9.732         4.4588         3.2771
129  9.832         4.4877         3.2972
130  9.931         4.5161         3.3171
131 10.032         4.5438         3.3348
132 10.132         4.5709         3.3530
133 10.232         4.5975         3.3715
134 10.332         4.6236         3.3896
135 10.431         4.6493         3.4083
136 10.532         4.6747         3.4287
137 10.632         4.6998         3.4490
138 10.732         4.7242         3.4617
139 10.832         4.7479         3.4727
140 10.931         4.7710         3.4854
141 11.032         4.7932         3.4904
142 11.132         4.8141         3.4878
143 11.232         4.8340         3.4844
144 11.332         4.8530         3.4840
145 11.431         4.8712         3.4857
146 11.532         4.8889         3.4890
147 11.632         4.9058         3.4883
148 11.732         4.9222         3.4899
149 11.832         4.9382         3.4970
150 11.931         4.9540         3.5075
151 12.032         4.9695         3.5131
152 12.132         4.9847         3.5229
153 12.232         5.0000         3.5384


#AGE= 7.000 BINS=151 Power-law IMF: x=-2.350
# N  sdss_r       Log10(N)       Log10(dN)
  1 -2.882        -0.7995        -0.7995
  2 -2.782        -0.4784        -0.7604
  3 -2.682        -0.2962        -0.7612
  4 -2.582        -0.1538        -0.7075
  5 -2.482        -0.0486        -0.7156
  6 -2.382         0.0442        -0.6720
  7 -2.282         0.1240        -0.6511
  8 -2.182         0.1971        -0.6123
  9 -2.082         0.2618        -0.5974
 10 -1.982         0.3220        -0.5659
 11 -1.882         0.3782        -0.5375
 12 -1.782         0.4317        -0.5048
 13 -1.682         0.4831        -0.4689
 14 -1.582         0.5305        -0.4545
 15 -1.482         0.5760        -0.4262
 16 -1.382         0.6183        -0.4146
 17 -1.282         0.6603        -0.3749
 18 -1.182         0.7019        -0.3378
 19 -1.082         0.7441        -0.2895
 20 -0.982         0.8481         0.1766
 21 -0.882         0.8873        -0.1765
 22 -0.782         0.9230        -0.1806
 23 -0.682         0.9608        -0.1177
 24 -0.582         1.0073         0.0142
 25 -0.482         1.0426        -0.0653
 26 -0.382         1.0757        -0.0583
 27 -0.282         1.1083        -0.0329
 28 -0.182         1.1399        -0.0137
 29 -0.082         1.1706         0.0052
 30  0.018         1.2021         0.0462
 31  0.118         1.2340         0.0837
 32  0.218         1.2658         0.1149
 33  0.318         1.2980         0.1522
 34  0.418         1.3302         0.1843
 35  0.518         1.3620         0.2105
 36  0.618         1.3939         0.2439
 37  0.718         1.4258         0.2763
 38  0.818         1.4577         0.3087
 39  0.918         1.4898         0.3422
 40  1.018         1.5218         0.3726
 41  1.118         1.5539         0.4070
 42  1.218         1.5867         0.4491
 43  1.318         1.6204         0.4928
 44  1.418         1.6559         0.5506
 45  1.518         1.6914         0.5867
 46  1.618         1.7264         0.6153
 47  1.718         1.7607         0.6405
 48  1.818         1.7935         0.6553
 49  1.918         1.8250         0.6699
 50  2.018         1.8553         0.6838
 51  2.118         1.8853         0.7102
 52  2.218         1.9183         0.7826
 53  2.318         1.9709         1.0283
 54  2.418         2.0482         1.2607
 55  2.518         2.1020         1.1684
 56  2.618         2.1583         1.2426
 57  2.718         2.2188         1.3334
 58  2.818         2.2824         1.4167
 59  2.918         2.3478         1.4928
 60  3.018         2.4136         1.5617
 61  3.118         2.4789         1.6240
 62  3.218         2.5434         1.6830
 63  3.318         2.6063         1.7365
 64  3.418         2.6686         1.7942
 65  3.518         2.7275         1.8309
 66  3.618         2.7824         1.8571
 67  3.718         2.8338         1.8814
 68  3.818         2.8826         1.9089
 69  3.918         2.9293         1.9376
 70  4.018         2.9739         1.9634
 71  4.118         3.0169         1.9914
 72  4.218         3.0585         2.0194
 73  4.318         3.0989         2.0469
 74  4.418         3.1379         2.0718
 75  4.518         3.1754         2.0934
 76  4.618         3.2114         2.1120
 77  4.718         3.2458         2.1280
 78  4.818         3.2790         2.1451
 79  4.918         3.3112         2.1660
 80  5.018         3.3431         2.1922
 81  5.118         3.3737         2.2073
 82  5.218         3.4034         2.2231
 83  5.318         3.4322         2.2403
 84  5.418         3.4603         2.2573
 85  5.518         3.4876         2.2719
 86  5.618         3.5141         2.2869
 87  5.718         3.5399         2.3011
 88  5.818         3.5651         2.3157
 89  5.918         3.5896         2.3279
 90  6.018         3.6134         2.3411
 91  6.118         3.6366         2.3527
 92  6.218         3.6592         2.3634
 93  6.318         3.6812         2.3746
 94  6.418         3.7026         2.3855
 95  6.518         3.7235         2.3948
 96  6.618         3.7437         2.4023
 97  6.718         3.7633         2.4086
 98  6.818         3.7824         2.4160
 99  6.918         3.8011         2.4245
100  7.018         3.8194         2.4355
101  7.118         3.8377         2.4531
102  7.218         3.8556         2.4619
103  7.318         3.8731         2.4695
104  7.418         3.8907         2.4886
105  7.518         3.9083         2.5076
106  7.618         3.9258         2.5227
107  7.718         3.9432         2.5383
108  7.818         3.9610         2.5640
109  7.918         3.9793         2.5960
110  8.018         3.9973         2.6046
111  8.118         4.0168         2.6585
112  8.218         4.0375         2.7058
113  8.318         4.0597         2.7582
114  8.418         4.0835         2.8107
115  8.518         4.1087         2.8585
116  8.618         4.1348         2.9019
117  8.718         4.1618         2.9407
118  8.818         4.1891         2.9747
119  8.918         4.2166         3.0037
120  9.018         4.2417         2.9917
121  9.118         4.2783         3.1861
122  9.218         4.3128         3.1960
123  9.318         4.3456         3.2069
124  9.418         4.3782         3.2371
125  9.518         4.4103         3.2629
126  9.618         4.4412         3.2788
127  9.718         4.4713         3.2961
128  9.818         4.5006         3.3163
129  9.918         4.5295         3.3369
130 10.018         4.5575         3.3534
131 10.118         4.5848         3.3703
132 10.218         4.6116         3.3875
133 10.318         4.6377         3.4040
134 10.418         4.6634         3.4222
135 10.518         4.6887         3.4423
136 10.618         4.7137         3.4615
137 10.718         4.7381         3.4748
138 10.818         4.7619         3.4903
139 10.918         4.7851         3.5002
140 11.018         4.8071         3.5011
141 11.118         4.8281         3.5023
142 11.218         4.8483         3.5045
143 11.318         4.8676         3.5058
144 11.418         4.8860         3.5055
145 11.518         4.9036         3.5023
146 11.618         4.9206         3.5030
147 11.718         4.9371         3.5090
148 11.818         4.9533         3.5172
149 11.918         4.9690         3.5200
150 12.018         4.9845         3.5288
151 12.118         5.0000         3.5451


#AGE= 8.000 BINS=153 Power-law IMF: x=-2.350
# N  sdss_r       Log10(N)       Log10(dN)
  1 -2.868        -0.8256        -0.8256
  2 -2.768        -0.5297        -0.8360
  3 -2.668        -0.3480        -0.8141
  4 -2.568        -0.2052        -0.7579
  5 -2.468        -0.0963        -0.7503
  6 -2.368        -0.0043        -0.7233
  7 -2.268         0.0770        -0.6908
  8 -2.168         0.1475        -0.6766
  9 -2.068         0.2126        -0.6443
 10 -1.968         0.2733        -0.6109
 11 -1.868         0.3297        -0.5845
 12 -1.768         0.3828        -0.5563
 13 -1.668         0.4332        -0.5270
 14 -1.568         0.4811        -0.5001
 15 -1.468         0.5269        -0.4734
 16 -1.368         0.5704        -0.4500
 17 -1.268         0.6132        -0.4144
 18 -1.168         0.6544        -0.3886
 19 -1.068         0.6934        -0.3726
 20 -0.968         0.7860         0.0694
 21 -0.868         0.8351        -0.1359
 22 -0.768         0.8720        -0.2181
 23 -0.668         0.9080        -0.1905
 24 -0.568         0.9521        -0.0637
 25 -0.468         0.9923        -0.0613
 26 -0.368         1.0264        -0.0956
 27 -0.268         1.0595        -0.0746
 28 -0.168         1.0921        -0.0479
 29 -0.068         1.1234        -0.0344
 30  0.032         1.1544        -0.0083
 31  0.132         1.1866         0.0409
 32  0.232         1.2187         0.0715
 33  0.332         1.2510         0.1069
 34  0.432         1.2832         0.1367
 35  0.532         1.3155         0.1715
 36  0.632         1.3478         0.2029
 37  0.732         1.3798         0.2316
 38  0.832         1.4121         0.2674
 39  0.932         1.4445         0.3000
 40  1.032         1.4766         0.3298
 41  1.132         1.5091         0.3670
 42  1.232         1.5417         0.4009
 43  1.332         1.5748         0.4408
 44  1.432         1.6087         0.4842
 45  1.532         1.6445         0.5425
 46  1.632         1.6805         0.5814
 47  1.732         1.7159         0.6091
 48  1.832         1.7505         0.6346
 49  1.932         1.7836         0.6495
 50  2.032         1.8153         0.6636
 51  2.132         1.8457         0.6757
 52  2.232         1.8760         0.7036
 53  2.332         1.9081         0.7616
 54  2.432         1.9519         0.9339
 55  2.532         2.0204         1.1840
 56  2.632         2.0773         1.1668
 57  2.732         2.1322         1.2073
 58  2.832         2.1912         1.2947
 59  2.932         2.2537         1.3809
 60  3.032         2.3182         1.4579
 61  3.132         2.3831         1.5260
 62  3.232         2.4475         1.5869
 63  3.332         2.5109         1.6437
 64  3.432         2.5726         1.6942
 65  3.532         2.6335         1.7507
 66  3.632         2.6924         1.7952
 67  3.732         2.7482         1.8292
 68  3.832         2.8003         1.8536
 69  3.932         2.8497         1.8818
 70  4.032         2.8971         1.9111
 71  4.132         2.9423         1.9376
 72  4.232         2.9857         1.9635
 73  4.332         3.0272         1.9873
 74  4.432         3.0670         2.0091
 75  4.532         3.1051         2.0297
 76  4.632         3.1417         2.0488
 77  4.732         3.1771         2.0705
 78  4.832         3.2115         2.0935
 79  4.932         3.2456         2.1231
 80  5.032         3.2789         2.1477
 81  5.132         3.3109         2.1618
 82  5.232         3.3419         2.1807
 83  5.332         3.3721         2.1987
 84  5.432         3.4014         2.2158
 85  5.532         3.4298         2.2319
 86  5.632         3.4574         2.2461
 87  5.732         3.4842         2.2624
 88  5.832         3.5104         2.2773
 89  5.932         3.5358         2.2895
 90  6.032         3.5605         2.3035
 91  6.132         3.5845         2.3154
 92  6.232         3.6079         2.3268
 93  6.332         3.6306         2.3384
 94  6.432         3.6528         2.3497
 95  6.532         3.6743         2.3587
 96  6.632         3.6951         2.3660
 97  6.732         3.7154         2.3741
 98  6.832         3.7351         2.3825
 99  6.932         3.7543         2.3902
100  7.032         3.7733         2.4052
101  7.132         3.7921         2.4182
102  7.232         3.8105         2.4275
103  7.332         3.8285         2.4390
104  7.432         3.8466         2.4575
105  7.532         3.8647         2.4742
106  7.632         3.8825         2.4877
107  7.732         3.9006         2.5094
108  7.832         3.9190         2.5377
109  7.932         3.9376         2.5593
110  8.032         3.9573         2.6054
111  8.132         3.9777         2.6382
112  8.232         3.9969         2.6326
113  8.332         4.0182         2.6992
114  8.432         4.0417         2.7637
115  8.532         4.0671         2.8218
116  8.632         4.0941         2.8745
117  8.732         4.1224         2.9221
118  8.832         4.1516         2.9644
119  8.932         4.1809         2.9948
120  9.032         4.2075         2.9827
121  9.132         4.2457         3.1704
122  9.232         4.2805         3.1673
123  9.332         4.3138         3.1814
124  9.432         4.3476         3.2220
125  9.532         4.3799         3.2362
126  9.632         4.4112         3.2527
127  9.732         4.4416         3.2714
128  9.832         4.4714         3.2928
129  9.932         4.5004         3.3111
130 10.032         4.5285         3.3257
131 10.132         4.5559         3.3422
132 10.232         4.5826         3.3578
133 10.332         4.6087         3.3742
134 10.432         4.6343         3.3928
135 10.532         4.6596         3.4128
136 10.632         4.6845         3.4292
137 10.732         4.7088         3.4442
138 10.832         4.7324         3.4568
139 10.932         4.7551         3.4624
140 11.032         4.7771         3.4701
141 11.132         4.7982         3.4739
142 11.232         4.8182         3.4726
143 11.332         4.8372         3.4686
144 11.432         4.8554         3.4677
145 11.532         4.8729         3.4706
146 11.632         4.8900         3.4765
147 11.732         4.9065         3.4779
148 11.832         4.9226         3.4820
149 11.932         4.9384         3.4914
150 12.032         4.9540         3.5037
151 12.132         4.9695         3.5119
152 12.232         4.9847         3.5232
153 12.332         5.0000         3.5385


#AGE= 9.000 BINS=152 Power-law IMF: x=-2.350
# N  sdss_r       Log10(N)       Log10(dN)
  1 -2.943        -0.8356        -0.8356
  2 -2.843        -0.5333        -0.8330
  3 -2.743        -0.3476        -0.8062
  4 -2.643        -0.2180        -0.8066
  5 -2.543        -0.1058        -0.7483
  6 -2.443        -0.0184        -0.7578
  7 -2.343         0.0629        -0.7045
  8 -2.243         0.1359        -0.6746
  9 -2.143         0.2021        -0.6479
 10 -2.043         0.2611        -0.6345
 11 -1.943         0.3169        -0.6019
 12 -1.843         0.3708        -0.5623
 13 -1.743         0.4203        -0.5469
 14 -1.643         0.4685        -0.5109
 15 -1.543         0.5149        -0.4790
 16 -1.443         0.5596        -0.4505
 17 -1.343         0.6001        -0.4497
 18 -1.243         0.6406        -0.4094
 19 -1.143         0.6813        -0.3673
 20 -1.043         0.7205        -0.3433
 21 -0.943         0.7664        -0.2327
 22 -0.843         0.8542         0.1169
 23 -0.743         0.8925        -0.1808
 24 -0.643         0.9283        -0.1742
 25 -0.543         0.9673        -0.0981
 26 -0.443         1.0106        -0.0122
 27 -0.343         1.0458        -0.0637
 28 -0.243         1.0788        -0.0560
 29 -0.143         1.1116        -0.0273
 30 -0.043         1.1436        -0.0043
 31  0.057         1.1742         0.0061
 32  0.157         1.2057         0.0516
 33  0.257         1.2380         0.0925
 34  0.357         1.2703         0.1253
 35  0.457         1.3024         0.1563
 36  0.557         1.3349         0.1923
 37  0.657         1.3671         0.2215
 38  0.757         1.3993         0.2535
 39  0.857         1.4317         0.2877
 40  0.957         1.4642         0.3222
 41  1.057         1.4966         0.3536
 42  1.157         1.5292         0.3884
 43  1.257         1.5619         0.4227
 44  1.357         1.5948         0.4570
 45  1.457         1.6282         0.4975
 46  1.557         1.6628         0.5466
 47  1.657         1.6989         0.6009
 48  1.757         1.7351         0.6378
 49  1.857         1.7707         0.6668
 50  1.957         1.8051         0.6875
 51  2.057         1.8381         0.7023
 52  2.157         1.8695         0.7129
 53  2.257         1.8997         0.7261
 54  2.357         1.9297         0.7547
 55  2.457         1.9620         0.8181
 56  2.557         2.0051         0.9801
 57  2.657         2.0667         1.1883
 58  2.757         2.1234         1.2111
 59  2.857         2.1774         1.2451
 60  2.957         2.2357         1.3351
 61  3.057         2.2973         1.4180
 62  3.157         2.3609         1.4957
 63  3.257         2.4251         1.5632
 64  3.357         2.4886         1.6221
 65  3.457         2.5511         1.6781
 66  3.557         2.6121         1.7299
 67  3.657         2.6728         1.7880
 68  3.757         2.7317         1.8348
 69  3.857         2.7877         1.8708
 70  3.957         2.8400         1.8945
 71  4.057         2.8890         1.9168
 72  4.157         2.9351         1.9385
 73  4.257         2.9788         1.9600
 74  4.357         3.0205         1.9816
 75  4.457         3.0604         2.0039
 76  4.557         3.0989         2.0283
 77  4.657         3.1364         2.0536
 78  4.757         3.1729         2.0798
 79  4.857         3.2090         2.1105
 80  4.957         3.2449         2.1437
 81  5.057         3.2792         2.1603
 82  5.157         3.3124         2.1788
 83  5.257         3.3447         2.2000
 84  5.357         3.3760         2.2188
 85  5.457         3.4064         2.2359
 86  5.557         3.4358         2.2522
 87  5.657         3.4644         2.2681
 88  5.757         3.4922         2.2848
 89  5.857         3.5192         2.2994
 90  5.957         3.5454         2.3132
 91  6.057         3.5709         2.3264
 92  6.157         3.5956         2.3392
 93  6.257         3.6197         2.3508
 94  6.357         3.6431         2.3632
 95  6.457         3.6659         2.3742
 96  6.557         3.6879         2.3831
 97  6.657         3.7093         2.3909
 98  6.757         3.7301         2.3999
 99  6.857         3.7503         2.4083
100  6.957         3.7701         2.4187
101  7.057         3.7896         2.4325
102  7.157         3.8088         2.4444
103  7.257         3.8276         2.4541
104  7.357         3.8463         2.4706
105  7.457         3.8649         2.4879
106  7.557         3.8833         2.5017
107  7.657         3.9018         2.5205
108  7.757         3.9202         2.5395
109  7.857         3.9394         2.5741
110  7.957         3.9583         2.5886
111  8.057         3.9784         2.6327
112  8.157         3.9996         2.6782
113  8.257         4.0208         2.6992
114  8.357         4.0430         2.7400
115  8.457         4.0665         2.7880
116  8.557         4.0926         2.8583
117  8.657         4.1210         2.9233
118  8.757         4.1506         2.9694
119  8.857         4.1800         2.9960
120  8.957         4.2080         3.0025
121  9.057         4.2388         3.0743
122  9.157         4.2771         3.2042
123  9.257         4.3118         3.1967
124  9.357         4.3464         3.2305
125  9.457         4.3803         3.2558
126  9.557         4.4126         3.2686
127  9.657         4.4441         3.2891
128  9.757         4.4749         3.3094
129  9.857         4.5049         3.3292
130  9.957         4.5339         3.3438
131 10.057         4.5620         3.3595
132 10.157         4.5893         3.3749
133 10.257         4.6160         3.3902
134 10.357         4.6420         3.4075
135 10.457         4.6677         3.4266
136 10.557         4.6929         3.4441
137 10.657         4.7175         3.4590
138 10.757         4.7416         3.4729
139 10.857         4.7649         3.4835
140 10.957         4.7876         3.4941
141 11.057         4.8093         3.4963
142 11.157         4.8298         3.4948
143 11.257         4.8495         3.4956
144 11.357         4.8684         3.4973
145 11.457         4.8865         3.4990
146 11.557         4.9039         3.4976
147 11.657         4.9207         3.4998
148 11.757         4.9372         3.5069
149 11.857         4.9533         3.5154
150 11.957         4.9690         3.5194
151 12.057         4.9845         3.5290
152 12.157         5.0000         3.5451


#AGE=10.000 BINS=153 Power-law IMF: x=-2.350
# N  sdss_r       Log10(N)       Log10(dN)
  1 -2.870        -0.8750        -0.8750
  2 -2.770        -0.5699        -0.8669
  3 -2.670        -0.3813        -0.8346
  4 -2.570        -0.2373        -0.7868
  5 -2.470        -0.1348        -0.8119
  6 -2.370        -0.0405        -0.7501
  7 -2.270         0.0373        -0.7479
  8 -2.170         0.1096        -0.7044
  9 -2.070         0.1751        -0.6791
 10 -1.970         0.2327        -0.6728
 11 -1.870         0.2908        -0.6116
 12 -1.770         0.3440        -0.5941
 13 -1.670         0.3932        -0.5775
 14 -1.570         0.4424        -0.5278
 15 -1.470         0.4882        -0.5110
 16 -1.370         0.5321        -0.4847
 17 -1.270         0.5751        -0.4505
 18 -1.170         0.6158        -0.4326
 19 -1.070         0.6564        -0.3929
 20 -0.970         0.6957        -0.3676
 21 -0.870         0.7395        -0.2781
 22 -0.770         0.8292         0.0999
 23 -0.670         0.8673        -0.2089
 24 -0.570         0.9027        -0.2027
 25 -0.470         0.9416        -0.1256
 26 -0.370         0.9854        -0.0327
 27 -0.270         1.0206        -0.0888
 28 -0.170         1.0539        -0.0782
 29 -0.070         1.0869        -0.0478
 30  0.030         1.1191        -0.0273
 31  0.130         1.1502        -0.0101
 32  0.230         1.1821         0.0324
 33  0.330         1.2147         0.0740
 34  0.430         1.2472         0.1052
 35  0.530         1.2799         0.1399
 36  0.630         1.3124         0.1700
 37  0.730         1.3448         0.2014
 38  0.830         1.3774         0.2374
 39  0.930         1.4101         0.2699
 40  1.030         1.4430         0.3062
 41  1.130         1.4756         0.3353
 42  1.230         1.5086         0.3729
 43  1.330         1.5415         0.4051
 44  1.430         1.5748         0.4428
 45  1.530         1.6084         0.4805
 46  1.630         1.6432         0.5289
 47  1.730         1.6795         0.5834
 48  1.830         1.7164         0.6277
 49  1.930         1.7527         0.6564
 50  2.030         1.7879         0.6797
 51  2.130         1.8216         0.6944
 52  2.230         1.8534         0.7026
 53  2.330         1.8839         0.7159
 54  2.430         1.9141         0.7402
 55  2.530         1.9453         0.7859
 56  2.630         1.9819         0.8904
 57  2.730         2.0333         1.0807
 58  2.830         2.0910         1.1861
 59  2.930         2.1464         1.2247
 60  3.030         2.2016         1.2786
 61  3.130         2.2617         1.3727
 62  3.230         2.3240         1.4503
 63  3.330         2.3879         1.5235
 64  3.430         2.4514         1.5853
 65  3.530         2.5140         1.6415
 66  3.630         2.5750         1.6930
 67  3.730         2.6348         1.7441
 68  3.830         2.6929         1.7907
 69  3.930         2.7489         1.8310
 70  4.030         2.8007         1.8523
 71  4.130         2.8489         1.8701
 72  4.230         2.8940         1.8882
 73  4.330         2.9370         1.9115
 74  4.430         2.9786         1.9383
 75  4.530         3.0188         1.9663
 76  4.630         3.0582         1.9964
 77  4.730         3.0967         2.0254
 78  4.830         3.1349         2.0599
 79  4.930         3.1725         2.0910
 80  5.030         3.2087         2.1113
 81  5.130         3.2436         2.1319
 82  5.230         3.2776         2.1545
 83  5.330         3.3107         2.1758
 84  5.430         3.3427         2.1938
 85  5.530         3.3736         2.2109
 86  5.630         3.4036         2.2283
 87  5.730         3.4328         2.2457
 88  5.830         3.4611         2.2614
 89  5.930         3.4885         2.2753
 90  6.030         3.5152         2.2892
 91  6.130         3.5410         2.3030
 92  6.230         3.5661         2.3155
 93  6.330         3.5905         2.3284
 94  6.430         3.6143         2.3397
 95  6.530         3.6372         2.3493
 96  6.630         3.6595         2.3582
 97  6.730         3.6811         2.3677
 98  6.830         3.7022         2.3774
 99  6.930         3.7227         2.3859
100  7.030         3.7429         2.4002
101  7.130         3.7627         2.4120
102  7.230         3.7820         2.4207
103  7.330         3.8012         2.4380
104  7.430         3.8205         2.4581
105  7.530         3.8394         2.4695
106  7.630         3.8581         2.4821
107  7.730         3.8771         2.5086
108  7.830         3.8966         2.5385
109  7.930         3.9162         2.5621
110  8.030         3.9373         2.6130
111  8.130         3.9577         2.6193
112  8.230         3.9790         2.6583
113  8.330         4.0019         2.7131
114  8.430         4.0256         2.7506
115  8.530         4.0509         2.8029
116  8.630         4.0784         2.8671
117  8.730         4.1076         2.9200
118  8.830         4.1374         2.9600
119  8.930         4.1670         2.9858
120  9.030         4.1971         3.0225
121  9.130         4.2359         3.1673
122  9.230         4.2724         3.1793
123  9.330         4.3072         3.1943
124  9.430         4.3416         3.2230
125  9.530         4.3752         3.2466
126  9.630         4.4075         3.2635
127  9.730         4.4387         3.2790
128  9.830         4.4688         3.2950
129  9.930         4.4986         3.3206
130 10.030         4.5275         3.3354
131 10.130         4.5552         3.3462
132 10.230         4.5821         3.3605
133 10.330         4.6084         3.3782
134 10.430         4.6344         3.3977
135 10.530         4.6597         3.4139
136 10.630         4.6845         3.4279
137 10.730         4.7086         3.4411
138 10.830         4.7322         3.4547
139 10.930         4.7549         3.4618
140 11.030         4.7767         3.4668
141 11.130         4.7976         3.4709
142 11.230         4.8177         3.4711
143 11.330         4.8367         3.4681
144 11.430         4.8548         3.4675
145 11.530         4.8724         3.4709
146 11.630         4.8895         3.4769
147 11.730         4.9061         3.4788
148 11.830         4.9222         3.4837
149 11.930         4.9381         3.4935
150 12.030         4.9538         3.5054
151 12.130         4.9693         3.5136
152 12.230         4.9847         3.5251
153 12.330         5.0000         3.5404


#AGE=11.000 BINS=151 Power-law IMF: x=-2.350
# N  sdss_r       Log10(N)       Log10(dN)
  1 -2.885        -0.8675        -0.8675
  2 -2.785        -0.5524        -0.8399
  3 -2.685        -0.3671        -0.8263
  4 -2.585        -0.2292        -0.7946
  5 -2.485        -0.1189        -0.7681
  6 -2.385        -0.0281        -0.7521
  7 -2.285         0.0530        -0.7162
  8 -2.185         0.1265        -0.6812
  9 -2.085         0.1916        -0.6644
 10 -1.985         0.2535        -0.6234
 11 -1.885         0.3101        -0.6029
 12 -1.785         0.3615        -0.5905
 13 -1.685         0.4122        -0.5459
 14 -1.585         0.4593        -0.5289
 15 -1.485         0.5075        -0.4707
 16 -1.385         0.5513        -0.4672
 17 -1.285         0.5943        -0.4310
 18 -1.185         0.6348        -0.4154
 19 -1.085         0.6748        -0.3812
 20 -0.985         0.7152        -0.3358
 21 -0.885         0.7522        -0.3361
 22 -0.785         0.8363         0.0821
 23 -0.685         0.8845        -0.0947
 24 -0.585         0.9211        -0.1708
 25 -0.485         0.9554        -0.1643
 26 -0.385         0.9987        -0.0237
 27 -0.285         1.0382        -0.0227
 28 -0.185         1.0727        -0.0444
 29 -0.085         1.1058        -0.0282
 30  0.015         1.1390         0.0048
 31  0.115         1.1710         0.0224
 32  0.215         1.2021         0.0424
 33  0.315         1.2343         0.0878
 34  0.415         1.2669         0.1267
 35  0.515         1.2996         0.1596
 36  0.615         1.3324         0.1946
 37  0.715         1.3653         0.2276
 38  0.815         1.3979         0.2584
 39  0.915         1.4307         0.2913
 40  1.015         1.4635         0.3258
 41  1.115         1.4966         0.3626
 42  1.215         1.5297         0.3949
 43  1.315         1.5629         0.4298
 44  1.415         1.5962         0.4648
 45  1.515         1.6298         0.5015
 46  1.615         1.6639         0.5414
 47  1.715         1.6988         0.5863
 48  1.815         1.7353         0.6424
 49  1.915         1.7728         0.6902
 50  2.015         1.8096         0.7196
 51  2.115         1.8455         0.7451
 52  2.215         1.8797         0.7582
 53  2.315         1.9119         0.7670
 54  2.415         1.9428         0.7792
 55  2.515         1.9730         0.8001
 56  2.615         2.0037         0.8376
 57  2.715         2.0381         0.9193
 58  2.815         2.0825         1.0706
 59  2.915         2.1376         1.2141
 60  3.015         2.1905         1.2499
 61  3.115         2.2456         1.3216
 62  3.215         2.3014         1.3829
 63  3.315         2.3614         1.4720
 64  3.415         2.4225         1.5408
 65  3.515         2.4837         1.6024
 66  3.615         2.5440         1.6567
 67  3.715         2.6029         1.7062
 68  3.815         2.6603         1.7531
 69  3.915         2.7166         1.8013
 70  4.015         2.7710         1.8420
 71  4.115         2.8221         1.8669
 72  4.215         2.8700         1.8894
 73  4.315         2.9154         1.9120
 74  4.415         2.9593         1.9419
 75  4.515         3.0021         1.9743
 76  4.615         3.0436         2.0042
 77  4.715         3.0843         2.0356
 78  4.815         3.1245         2.0707
 79  4.915         3.1637         2.1003
 80  5.015         3.2014         2.1214
 81  5.115         3.2381         2.1465
 82  5.215         3.2738         2.1709
 83  5.315         3.3085         2.1937
 84  5.415         3.3420         2.2127
 85  5.515         3.3744         2.2316
 86  5.615         3.4058         2.2490
 87  5.715         3.4363         2.2679
 88  5.815         3.4659         2.2846
 89  5.915         3.4945         2.2985
 90  6.015         3.5222         2.3138
 91  6.115         3.5491         2.3273
 92  6.215         3.5752         2.3406
 93  6.315         3.6005         2.3543
 94  6.415         3.6252         2.3663
 95  6.515         3.6490         2.3765
 96  6.615         3.6720         2.3857
 97  6.715         3.6944         2.3957
 98  6.815         3.7162         2.4059
 99  6.915         3.7375         2.4157
100  7.015         3.7582         2.4273
101  7.115         3.7786         2.4406
102  7.215         3.7986         2.4520
103  7.315         3.8184         2.4668
104  7.415         3.8380         2.4838
105  7.515         3.8574         2.4964
106  7.615         3.8768         2.5182
107  7.715         3.8961         2.5334
108  7.815         3.9161         2.5690
109  7.915         3.9359         2.5849
110  8.015         3.9573         2.6395
111  8.115         3.9790         2.6663
112  8.215         3.9997         2.6692
113  8.315         4.0232         2.7436
114  8.415         4.0476         2.7846
115  8.515         4.0731         2.8294
116  8.615         4.1001         2.8810
117  8.715         4.1285         2.9300
118  8.815         4.1579         2.9740
119  8.915         4.1883         3.0184
120  9.015         4.2200         3.0667
121  9.115         4.2586         3.1885
122  9.215         4.2956         3.2070
123  9.315         4.3309         3.2233
124  9.415         4.3670         3.2690
125  9.515         4.4011         3.2789
126  9.615         4.4338         3.2948
127  9.715         4.4655         3.3130
128  9.815         4.4965         3.3349
129  9.915         4.5268         3.3548
130 10.015         4.5558         3.3667
131 10.115         4.5839         3.3803
132 10.215         4.6112         3.3966
133 10.315         4.6379         3.4132
134 10.415         4.6639         3.4287
135 10.515         4.6893         3.4438
136 10.615         4.7142         3.4588
137 10.715         4.7384         3.4722
138 10.815         4.7619         3.4837
139 10.915         4.7847         3.4942
140 11.015         4.8067         3.5009
141 11.115         4.8277         3.5001
142 11.215         4.8476         3.5002
143 11.315         4.8668         3.5017
144 11.415         4.8852         3.5037
145 11.515         4.9028         3.5030
146 11.615         4.9199         3.5053
147 11.715         4.9366         3.5121
148 11.815         4.9529         3.5196
149 11.915         4.9687         3.5231
150 12.015         4.9843         3.5327
151 12.115         5.0000         3.5490


#AGE=12.000 BINS=153 Power-law IMF: x=-2.350
# N  sdss_r       Log10(N)       Log10(dN)
  1 -2.940        -0.9559        -0.9559
  2 -2.840        -0.6183        -0.8856
  3 -2.740        -0.4289        -0.8804
  4 -2.640        -0.2974        -0.8806
  5 -2.540        -0.1797        -0.8042
  6 -2.440        -0.0943        -0.8425
  7 -2.340        -0.0086        -0.7559
  8 -2.240         0.0604        -0.7723
  9 -2.140         0.1263        -0.7254
 10 -2.040         0.1859        -0.7060
 11 -1.940         0.2429        -0.6667
 12 -1.840         0.2969        -0.6353
 13 -1.740         0.3472        -0.6143
 14 -1.640         0.3956        -0.5811
 15 -1.540         0.4434        -0.5388
 16 -1.440         0.4864        -0.5392
 17 -1.340         0.5295        -0.4949
 18 -1.240         0.5713        -0.4664
 19 -1.140         0.6120        -0.4361
 20 -1.040         0.6502        -0.4246
 21 -0.940         0.6891        -0.3785
 22 -0.840         0.7283        -0.3358
 23 -0.740         0.8025        -0.0013
 24 -0.640         0.8538        -0.0991
 25 -0.540         0.8909        -0.1965
 26 -0.440         0.9250        -0.1961
 27 -0.340         0.9657        -0.0831
 28 -0.240         1.0065        -0.0409
 29 -0.140         1.0407        -0.0802
 30 -0.040         1.0738        -0.0602
 31  0.060         1.1067        -0.0308
 32  0.160         1.1386        -0.0105
 33  0.260         1.1701         0.0148
 34  0.360         1.2019         0.0507
 35  0.460         1.2347         0.0970
 36  0.560         1.2671         0.1239
 37  0.660         1.3001         0.1634
 38  0.760         1.3328         0.1942
 39  0.860         1.3656         0.2272
 40  0.960         1.3985         0.2609
 41  1.060         1.4317         0.2982
 42  1.160         1.4643         0.3246
 43  1.260         1.4979         0.3690
 44  1.360         1.5312         0.3990
 45  1.460         1.5647         0.4355
 46  1.560         1.5985         0.4734
 47  1.660         1.6325         0.5096
 48  1.760         1.6672         0.5521
 49  1.860         1.7030         0.6016
 50  1.960         1.7408         0.6619
 51  2.060         1.7783         0.6949
 52  2.160         1.8152         0.7263
 53  2.260         1.8504         0.7414
 54  2.360         1.8834         0.7480
 55  2.460         1.9148         0.7590
 56  2.560         1.9452         0.7745
 57  2.660         1.9752         0.8001
 58  2.760         2.0068         0.8523
 59  2.860         2.0437         0.9546
 60  2.960         2.0909         1.1045
 61  3.060         2.1427         1.1928
 62  3.160         2.1947         1.2472
 63  3.260         2.2495         1.3240
 64  3.360         2.3053         1.3860
 65  3.460         2.3639         1.4649
 66  3.560         2.4239         1.5348
 67  3.660         2.4836         1.5921
 68  3.760         2.5424         1.6452
 69  3.860         2.5998         1.6924
 70  3.960         2.6567         1.7460
 71  4.060         2.7121         1.7905
 72  4.160         2.7656         1.8297
 73  4.260         2.8161         1.8563
 74  4.360         2.8642         1.8849
 75  4.460         2.9105         1.9159
 76  4.560         2.9552         1.9455
 77  4.660         2.9985         1.9760
 78  4.760         3.0411         2.0111
 79  4.860         3.0826         2.0424
 80  4.960         3.1226         2.0665
 81  5.060         3.1613         2.0930
 82  5.160         3.1992         2.1202
 83  5.260         3.2359         2.1454
 84  5.360         3.2715         2.1673
 85  5.460         3.3059         2.1877
 86  5.560         3.3392         2.2075
 87  5.660         3.3715         2.2267
 88  5.760         3.4029         2.2457
 89  5.860         3.4331         2.2602
 90  5.960         3.4623         2.2756
 91  6.060         3.4906         2.2908
 92  6.160         3.5180         2.3046
 93  6.260         3.5447         2.3193
 94  6.360         3.5705         2.3321
 95  6.460         3.5955         2.3436
 96  6.560         3.6197         2.3537
 97  6.660         3.6432         2.3640
 98  6.760         3.6660         2.3749
 99  6.860         3.6881         2.3848
100  6.960         3.7098         2.3959
101  7.060         3.7309         2.4077
102  7.160         3.7516         2.4188
103  7.260         3.7720         2.4349
104  7.360         3.7923         2.4523
105  7.460         3.8124         2.4676
106  7.560         3.8320         2.4771
107  7.660         3.8518         2.4988
108  7.760         3.8719         2.5289
109  7.860         3.8924         2.5553
110  7.960         3.9131         2.5804
111  8.060         3.9352         2.6305
112  8.160         3.9572         2.6522
113  8.260         3.9797         2.6830
114  8.360         4.0038         2.7363
115  8.460         4.0294         2.7861
116  8.560         4.0562         2.8343
117  8.660         4.0846         2.8859
118  8.760         4.1139         2.9279
119  8.860         4.1430         2.9552
120  8.960         4.1731         2.9981
121  9.060         4.2093         3.1131
122  9.160         4.2485         3.1840
123  9.260         4.2861         3.2049
124  9.360         4.3218         3.2194
125  9.460         4.3572         3.2503
126  9.560         4.3913         3.2693
127  9.660         4.4241         3.2866
128  9.760         4.4558         3.3033
129  9.860         4.4866         3.3218
130  9.960         4.5167         3.3422
131 10.060         4.5457         3.3563
132 10.160         4.5737         3.3682
133 10.260         4.6007         3.3819
134 10.360         4.6271         3.3977
135 10.460         4.6530         3.4156
136 10.560         4.6784         3.4325
137 10.660         4.7029         3.4428
138 10.760         4.7267         3.4540
139 10.860         4.7500         3.4665
140 10.960         4.7723         3.4723
141 11.060         4.7938         3.4776
142 11.160         4.8144         3.4798
143 11.260         4.8339         3.4779
144 11.360         4.8526         3.4767
145 11.460         4.8706         3.4793
146 11.560         4.8881         3.4845
147 11.660         4.9050         3.4862
148 11.760         4.9214         3.4907
149 11.860         4.9376         3.4998
150 11.960         4.9535         3.5101
151 12.060         4.9691         3.5169
152 12.160         4.9845         3.5279
153 12.260         5.0000         3.5435


#AGE=13.000 BINS=154 Power-law IMF: x=-2.350
# N  sdss_r       Log10(N)       Log10(dN)
  1 -2.905        -1.0088        -1.0088
  2 -2.805        -0.6958        -0.9852
  3 -2.705        -0.4903        -0.9138
  4 -2.605        -0.3505        -0.9110
  5 -2.505        -0.2362        -0.8716
  6 -2.405        -0.1401        -0.8425
  7 -2.305        -0.0664        -0.8731
  8 -2.205         0.0114        -0.7736
  9 -2.105         0.0779        -0.7703
 10 -2.005         0.1360        -0.7662
 11 -1.905         0.1924        -0.7217
 12 -1.805         0.2472        -0.6794
 13 -1.705         0.2989        -0.6510
 14 -1.605         0.3470        -0.6317
 15 -1.505         0.3921        -0.6141
 16 -1.405         0.4371        -0.5695
 17 -1.305         0.4805        -0.5413
 18 -1.205         0.5216        -0.5234
 19 -1.105         0.5632        -0.4763
 20 -1.005         0.6026        -0.4586
 21 -0.905         0.6417        -0.4233
 22 -0.805         0.6781        -0.4169
 23 -0.705         0.7435        -0.1107
 24 -0.605         0.8047        -0.0772
 25 -0.505         0.8419        -0.2437
 26 -0.405         0.8770        -0.2331
 27 -0.305         0.9166        -0.1430
 28 -0.205         0.9577        -0.0863
 29 -0.105         0.9924        -0.1221
 30 -0.005         1.0262        -0.0994
 31  0.095         1.0593        -0.0750
 32  0.195         1.0911        -0.0599
 33  0.295         1.1230        -0.0274
 34  0.395         1.1556         0.0147
 35  0.495         1.1883         0.0496
 36  0.595         1.2212         0.0833
 37  0.695         1.2541         0.1171
 38  0.795         1.2870         0.1509
 39  0.895         1.3203         0.1881
 40  0.995         1.3533         0.2182
 41  1.095         1.3867         0.2559
 42  1.195         1.4198         0.2854
 43  1.295         1.4534         0.3246
 44  1.395         1.4870         0.3595
 45  1.495         1.5210         0.3972
 46  1.595         1.5550         0.4316
 47  1.695         1.5893         0.4702
 48  1.795         1.6241         0.5107
 49  1.895         1.6597         0.5557
 50  1.995         1.6975         0.6180
 51  2.095         1.7360         0.6649
 52  2.195         1.7736         0.6924
 53  2.295         1.8099         0.7137
 54  2.395         1.8440         0.7215
 55  2.495         1.8763         0.7321
 56  2.595         1.9072         0.7438
 57  2.695         1.9373         0.7642
 58  2.795         1.9679         0.7997
 59  2.895         2.0013         0.8713
 60  2.995         2.0420         0.9931
 61  3.095         2.0907         1.1165
 62  3.195         2.1412         1.1816
 63  3.295         2.1940         1.2525
 64  3.395         2.2496         1.3299
 65  3.495         2.3068         1.3983
 66  3.595         2.3653         1.4658
 67  3.695         2.4252         1.5346
 68  3.795         2.4848         1.5930
 69  3.895         2.5434         1.6447
 70  3.995         2.6011         1.6956
 71  4.095         2.6584         1.7505
 72  4.195         2.7146         1.7986
 73  4.295         2.7678         1.8302
 74  4.395         2.8180         1.8558
 75  4.495         2.8658         1.8835
 76  4.595         2.9118         1.9146
 77  4.695         2.9569         1.9503
 78  4.795         3.0007         1.9828
 79  4.895         3.0428         2.0084
 80  4.995         3.0836         2.0368
 81  5.095         3.1234         2.0656
 82  5.195         3.1621         2.0927
 83  5.295         3.1998         2.1190
 84  5.395         3.2361         2.1412
 85  5.495         3.2714         2.1634
 86  5.595         3.3055         2.1836
 87  5.695         3.3386         2.2045
 88  5.795         3.3706         2.2214
 89  5.895         3.4014         2.2370
 90  5.995         3.4312         2.2529
 91  6.095         3.4601         2.2683
 92  6.195         3.4880         2.2826
 93  6.295         3.5152         2.2977
 94  6.395         3.5414         2.3098
 95  6.495         3.5669         2.3219
 96  6.595         3.5914         2.3320
 97  6.695         3.6153         2.3431
 98  6.795         3.6385         2.3543
 99  6.895         3.6610         2.3646
100  6.995         3.6830         2.3761
101  7.095         3.7045         2.3894
102  7.195         3.7255         2.3983
103  7.295         3.7463         2.4168
104  7.395         3.7670         2.4347
105  7.495         3.7871         2.4426
106  7.595         3.8075         2.4696
107  7.695         3.8275         2.4818
108  7.795         3.8485         2.5205
109  7.895         3.8693         2.5411
110  7.995         3.8922         2.6011
111  8.095         3.9137         2.5991
112  8.195         3.9361         2.6366
113  8.295         3.9599         2.6864
114  8.395         3.9847         2.7297
115  8.495         4.0114         2.7876
116  8.595         4.0397         2.8383
117  8.695         4.0692         2.8877
118  8.795         4.0984         2.9105
119  8.895         4.1248         2.8958
120  8.995         4.1584         3.0308
121  9.095         4.1987         3.1460
122  9.195         4.2366         3.1587
123  9.295         4.2732         3.1807
124  9.395         4.3106         3.2275
125  9.495         4.3461         3.2402
126  9.595         4.3796         3.2501
127  9.695         4.4122         3.2722
128  9.795         4.4445         3.2992
129  9.895         4.4756         3.3152
130  9.995         4.5054         3.3279
131 10.095         4.5341         3.3388
132 10.195         4.5618         3.3524
133 10.295         4.5888         3.3690
134 10.395         4.6153         3.3884
135 10.495         4.6413         3.4048
136 10.595         4.6663         3.4154
137 10.695         4.6906         3.4263
138 10.795         4.7142         3.4372
139 10.895         4.7371         3.4473
140 10.995         4.7592         3.4547
141 11.095         4.7802         3.4548
142 11.195         4.8003         3.4560
143 11.295         4.8196         3.4576
144 11.395         4.8381         3.4575
145 11.495         4.8558         3.4575
146 11.595         4.8730         3.4620
147 11.695         4.8898         3.4695
148 11.795         4.9061         3.4730
149 11.895         4.9221         3.4797
150 11.995         4.9379         3.4912
151 12.095         4.9536         3.5045
152 12.195         4.9692         3.5147
153 12.295         4.9846         3.5272
154 12.395         5.0000         3.5423
