#NUMBER OF AGES=15
#----------------------------------------------------       
#MIX-LEN  Y      Z          Zeff        [Fe/H] [a/Fe]       
# 1.9380  0.2519 4.2094E-03 4.2094E-03  -0.60   0.00        
#----------------------------------------------------       
#**PHOTOMETRIC SYSTEM**: SDSS (AB)                          
#----------------------------------------------------       
#AGE= 0.010 BINS=139 Power-law IMF: x=-2.350
# N  sdss_r       Log10(N)       Log10(dN)
  1 -2.142         1.7103         1.7103
  2 -2.042         1.9710         1.6255
  3 -1.942         2.1115         1.5530
  4 -1.841         2.2021         1.4767
  5 -1.742         2.2655         1.3984
  6 -1.642         2.3119         1.3184
  7 -1.542         2.3470         1.2370
  8 -1.442         2.3751         1.1721
  9 -1.341         2.3975         1.0993
 10 -1.242         2.4158         1.0310
 11 -1.142         2.4313         0.9751
 12 -1.042         2.4450         0.9383
 13 -0.942         2.4580         0.9272
 14 -0.841         2.4962         1.4211
 15 -0.742         2.5362         1.4810
 16 -0.642         2.5758         1.5154
 17 -0.542         2.6151         1.5526
 18 -0.442         2.6494         1.5301
 19 -0.341         2.6772         1.4690
 20 -0.242         2.7141         1.6252
 21 -0.142         2.7647         1.8063
 22 -0.042         2.7994         1.6846
 23  0.058         2.8255         1.5916
 24  0.159         2.8573         1.7055
 25  0.258         2.8996         1.8676
 26  0.358         2.9365         1.8477
 27  0.458         2.9733         1.8823
 28  0.558         3.0088         1.9035
 29  0.659         3.0449         1.9476
 30  0.758         3.0836         2.0141
 31  0.858         3.1260         2.0946
 32  0.958         3.1645         2.0929
 33  1.058         3.2024         2.1245
 34  1.159         3.2475         2.2415
 35  1.258         3.3158         2.4784
 36  1.358         3.3618         2.3644
 37  1.458         3.3862         2.1229
 38  1.558         3.4077         2.0926
 39  1.659         3.4289         2.1056
 40  1.758         3.4497         2.1195
 41  1.858         3.4701         2.1338
 42  1.958         3.4903         2.1466
 43  2.058         3.5101         2.1589
 44  2.159         3.5301         2.1841
 45  2.258         3.5500         2.2006
 46  2.358         3.5695         2.2121
 47  2.458         3.5882         2.2123
 48  2.559         3.6060         2.2104
 49  2.659         3.6233         2.2150
 50  2.758         3.6403         2.2253
 51  2.858         3.6570         2.2338
 52  2.958         3.6734         2.2420
 53  3.059         3.6894         2.2477
 54  3.159         3.7052         2.2567
 55  3.258         3.7210         2.2750
 56  3.358         3.7370         2.2943
 57  3.458         3.7529         2.3106
 58  3.559         3.7686         2.3178
 59  3.659         3.7836         2.3134
 60  3.758         3.7982         2.3182
 61  3.858         3.8125         2.3227
 62  3.958         3.8261         2.3141
 63  4.058         3.8390         2.3065
 64  4.159         3.8518         2.3157
 65  4.258         3.8632         2.2778
 66  4.358         3.8741         2.2660
 67  4.458         3.8849         2.2755
 68  4.558         3.8957         2.2852
 69  4.659         3.9064         2.2949
 70  4.758         3.9172         2.3048
 71  4.858         3.9279         2.3148
 72  4.958         3.9386         2.3249
 73  5.058         3.9493         2.3350
 74  5.159         3.9599         2.3453
 75  5.258         3.9706         2.3558
 76  5.358         3.9813         2.3660
 77  5.458         3.9919         2.3734
 78  5.558         4.0024         2.3819
 79  5.659         4.0129         2.3932
 80  5.758         4.0236         2.4075
 81  5.858         4.0344         2.4246
 82  5.958         4.0460         2.4665
 83  6.058         4.0598         2.5555
 84  6.159         4.0745         2.5955
 85  6.258         4.0877         2.5646
 86  6.358         4.0957         2.3583
 87  6.458         4.0909         2.3583
 88  6.558         4.0937         1.8970
 89  6.659         4.1039         2.4706
 90  6.758         4.1159         2.5502
 91  6.858         4.1262         2.4965
 92  6.958         4.1350         2.4393
 93  7.058         4.1443         2.4707
 94  7.159         4.1539         2.4930
 95  7.258         4.1639         2.5207
 96  7.359         4.1736         2.5173
 97  7.458         4.1826         2.4951
 98  7.558         4.1912         2.4812
 99  7.659         4.2012         2.5591
100  7.758         4.2232         2.9170
101  7.858         4.2489         3.0083
102  7.958         4.2745         3.0318
103  8.059         4.3002         3.0593
104  8.159         4.3266         3.0982
105  8.258         4.3531         3.1247
106  8.358         4.3808         3.1718
107  8.459         4.4079         3.1904
108  8.559         4.4340         3.1992
109  8.659         4.4588         3.2035
110  8.758         4.4822         3.2021
111  8.858         4.5039         3.1914
112  8.959         4.5239         3.1774
113  9.059         4.5424         3.1627
114  9.159         4.5595         3.1466
115  9.258         4.5754         3.1308
116  9.358         4.5905         3.1241
117  9.459         4.6054         3.1336
118  9.559         4.6209         3.1640
119  9.659         4.6366         3.1871
120  9.758         4.6516         3.1831
121  9.858         4.6661         3.1841
122  9.959         4.6819         3.2351
123 10.059         4.6979         3.2543
124 10.159         4.7140         3.2756
125 10.258         4.7304         3.2990
126 10.358         4.7471         3.3247
127 10.459         4.7643         3.3525
128 10.559         4.7819         3.3824
129 10.659         4.8000         3.4103
130 10.758         4.8182         3.4317
131 10.858         4.8366         3.4547
132 10.959         4.8553         3.4798
133 11.059         4.8744         3.5069
134 11.159         4.8939         3.5362
135 11.258         4.9139         3.5679
136 11.358         4.9346         3.6024
137 11.459         4.9561         3.6406
138 11.559         4.9781         3.6714
139 11.659         5.0000         3.6917


#AGE= 0.100 BINS=136 Power-law IMF: x=-2.350
# N  sdss_r       Log10(N)       Log10(dN)
  1 -1.739         1.8099         1.8099
  2 -1.639         2.0515         1.6815
  3 -1.539         2.1815         1.5943
  4 -1.439         2.2634         1.4990
  5 -1.339         2.3199         1.4060
  6 -1.239         2.3614         1.3215
  7 -1.139         2.3925         1.2318
  8 -1.039         2.4164         1.1445
  9 -0.939         2.4354         1.0669
 10 -0.839         2.4512         1.0049
 11 -0.739         2.4657         0.9807
 12 -0.639         2.4798         0.9854
 13 -0.539         2.4944         1.0124
 14 -0.439         2.5101         1.0604
 15 -0.339         2.5379         1.3309
 16 -0.239         2.5789         1.5332
 17 -0.139         2.6270         1.6478
 18 -0.039         2.6963         1.8648
 19  0.061         2.7450         1.7709
 20  0.161         2.7793         1.6601
 21  0.261         2.8167         1.7332
 22  0.361         2.8661         1.8970
 23  0.461         2.9074         1.8653
 24  0.561         2.9482         1.9009
 25  0.661         2.9858         1.9044
 26  0.761         3.0223         1.9294
 27  0.861         3.0598         1.9770
 28  0.961         3.1004         2.0510
 29  1.061         3.1368         2.0423
 30  1.161         3.1731         2.0767
 31  1.261         3.2185         2.2151
 32  1.361         3.2849         2.4369
 33  1.461         3.3351         2.3727
 34  1.561         3.3605         2.1148
 35  1.661         3.3832         2.0898
 36  1.761         3.4054         2.1042
 37  1.861         3.4270         2.1123
 38  1.961         3.4488         2.1391
 39  2.061         3.4703         2.1542
 40  2.161         3.4915         2.1686
 41  2.261         3.5123         2.1833
 42  2.361         3.5329         2.1990
 43  2.461         3.5533         2.2133
 44  2.561         3.5728         2.2169
 45  2.661         3.5914         2.2144
 46  2.761         3.6094         2.2174
 47  2.861         3.6271         2.2267
 48  2.961         3.6443         2.2352
 49  3.061         3.6612         2.2432
 50  3.161         3.6777         2.2492
 51  3.261         3.6940         2.2582
 52  3.361         3.7103         2.2765
 53  3.461         3.7266         2.2937
 54  3.561         3.7429         2.3087
 55  3.661         3.7587         2.3115
 56  3.761         3.7738         2.3089
 57  3.861         3.7887         2.3158
 58  3.961         3.8031         2.3168
 59  4.061         3.8167         2.3052
 60  4.161         3.8298         2.3037
 61  4.261         3.8425         2.3005
 62  4.361         3.8536         2.2552
 63  4.461         3.8646         2.2645
 64  4.561         3.8756         2.2740
 65  4.661         3.8866         2.2836
 66  4.761         3.8975         2.2932
 67  4.861         3.9084         2.3029
 68  4.961         3.9193         2.3127
 69  5.061         3.9302         2.3226
 70  5.161         3.9410         2.3326
 71  5.261         3.9518         2.3427
 72  5.361         3.9626         2.3528
 73  5.461         3.9734         2.3631
 74  5.561         3.9841         2.3711
 75  5.661         3.9948         2.3787
 76  5.761         4.0054         2.3892
 77  5.861         4.0161         2.4029
 78  5.961         4.0270         2.4197
 79  6.061         4.0386         2.4619
 80  6.161         4.0529         2.5624
 81  6.261         4.0678         2.5960
 82  6.361         4.0804         2.5356
 83  6.461         4.0866         2.2400
 84  6.561         4.0827         2.2400
 85  6.661         4.0869         2.0708
 86  6.761         4.0976         2.4850
 87  6.861         4.1100         2.5583
 88  6.961         4.1210         2.5170
 89  7.061         4.1308         2.4818
 90  7.161         4.1402         2.4710
 91  7.261         4.1499         2.4933
 92  7.361         4.1599         2.5154
 93  7.461         4.1692         2.4963
 94  7.561         4.1779         2.4778
 95  7.661         4.1869         2.4994
 96  7.761         4.1974         2.5739
 97  7.861         4.2071         2.5495
 98  7.961         4.2162         2.5343
 99  8.061         4.2429         3.0181
100  8.161         4.2702         3.0560
101  8.261         4.2985         3.0984
102  8.361         4.3274         3.1362
103  8.461         4.3577         3.1857
104  8.561         4.3870         3.2016
105  8.661         4.4152         3.2132
106  8.761         4.4420         3.2197
107  8.861         4.4673         3.2201
108  8.961         4.4907         3.2104
109  9.061         4.5120         3.1925
110  9.161         4.5315         3.1739
111  9.261         4.5494         3.1559
112  9.361         4.5661         3.1408
113  9.461         4.5818         3.1334
114  9.561         4.5977         3.1542
115  9.661         4.6143         3.1877
116  9.761         4.6304         3.1898
117  9.861         4.6451         3.1671
118  9.961         4.6613         3.2271
119 10.061         4.6776         3.2431
120 10.161         4.6939         3.2611
121 10.261         4.7104         3.2814
122 10.361         4.7271         3.3039
123 10.461         4.7441         3.3287
124 10.561         4.7616         3.3558
125 10.661         4.7794         3.3852
126 10.761         4.7978         3.4154
127 10.861         4.8164         3.4386
128 10.961         4.8352         3.4618
129 11.061         4.8542         3.4866
130 11.161         4.8736         3.5133
131 11.261         4.8934         3.5418
132 11.361         4.9136         3.5723
133 11.461         4.9345         3.6052
134 11.561         4.9561         3.6418
135 11.661         4.9781         3.6719
136 11.761         5.0000         3.6924


#AGE= 1.000 BINS=138 Power-law IMF: x=-2.350
# N  sdss_r       Log10(N)       Log10(dN)
  1 -0.914        -0.0268        -0.0268
  2 -0.814         0.2705        -0.0344
  3 -0.714         0.4445        -0.0366
  4 -0.614         0.5684        -0.0370
  5 -0.514         0.6646        -0.0370
  6 -0.414         0.7425        -0.0423
  7 -0.314         0.8087        -0.0412
  8 -0.214         0.8662        -0.0399
  9 -0.114         0.9168        -0.0424
 10 -0.014         0.9616        -0.0468
 11  0.086         1.0017        -0.0526
 12  0.186         1.0377        -0.0623
 13  0.286         1.0703        -0.0695
 14  0.386         1.1006        -0.0719
 15  0.486         1.1281        -0.0834
 16  0.586         1.3323         0.9064
 17  0.686         1.4280         0.7243
 18  0.786         1.4665         0.3943
 19  0.886         1.4941         0.2840
 20  0.986         1.8195         1.5415
 21  1.086         2.0129         1.5687
 22  1.186         2.1493         1.5799
 23  1.286         2.2589         1.6070
 24  1.386         2.3526         1.6405
 25  1.486         2.4356         1.6766
 26  1.586         2.5115         1.7164
 27  1.686         2.5791         1.7381
 28  1.786         2.6444         1.7888
 29  1.886         2.7072         1.8366
 30  1.986         2.7669         1.8751
 31  2.086         2.8228         1.9052
 32  2.186         2.8737         1.9173
 33  2.286         2.9206         1.9305
 34  2.386         2.9639         1.9413
 35  2.486         3.0050         1.9604
 36  2.586         3.0445         1.9838
 37  2.686         3.0810         1.9875
 38  2.786         3.1146         1.9862
 39  2.886         3.1470         2.0042
 40  2.986         3.1784         2.0222
 41  3.086         3.2088         2.0383
 42  3.186         3.2381         2.0525
 43  3.286         3.2663         2.0649
 44  3.386         3.2934         2.0754
 45  3.486         3.3194         2.0839
 46  3.586         3.3443         2.0903
 47  3.686         3.3681         2.0945
 48  3.786         3.3908         2.0973
 49  3.886         3.4126         2.1040
 50  3.986         3.4339         2.1121
 51  4.086         3.4545         2.1219
 52  4.186         3.4748         2.1344
 53  4.286         3.4948         2.1484
 54  4.386         3.5146         2.1623
 55  4.486         3.5340         2.1740
 56  4.586         3.5530         2.1842
 57  4.686         3.5716         2.1944
 58  4.786         3.5900         2.2075
 59  4.886         3.6075         2.2049
 60  4.986         3.6241         2.1972
 61  5.086         3.6405         2.2106
 62  5.186         3.6572         2.2344
 63  5.286         3.6741         2.2551
 64  5.386         3.6910         2.2733
 65  5.486         3.7079         2.2891
 66  5.586         3.7247         2.3026
 67  5.686         3.7412         2.3138
 68  5.786         3.7575         2.3227
 69  5.886         3.7734         2.3291
 70  5.986         3.7889         2.3331
 71  6.086         3.8038         2.3345
 72  6.186         3.8183         2.3331
 73  6.286         3.8321         2.3288
 74  6.386         3.8456         2.3291
 75  6.486         3.8587         2.3323
 76  6.586         3.8715         2.3353
 77  6.686         3.8840         2.3380
 78  6.786         3.8963         2.3405
 79  6.886         3.9083         2.3422
 80  6.986         3.9199         2.3442
 81  7.086         3.9314         2.3485
 82  7.186         3.9430         2.3616
 83  7.286         3.9542         2.3595
 84  7.386         3.9640         2.3136
 85  7.486         3.9735         2.3112
 86  7.586         3.9847         2.3899
 87  7.686         3.9965         2.4235
 88  7.786         4.0084         2.4394
 89  7.886         4.0203         2.4549
 90  7.986         4.0323         2.4676
 91  8.086         4.0444         2.4809
 92  8.186         4.0567         2.5027
 93  8.286         4.0694         2.5281
 94  8.386         4.0823         2.5507
 95  8.486         4.0954         2.5680
 96  8.586         4.1086         2.5857
 97  8.686         4.1221         2.6078
 98  8.786         4.1361         2.6364
 99  8.886         4.1505         2.6644
100  8.986         4.1653         2.6912
101  9.086         4.1805         2.7155
102  9.186         4.1960         2.7408
103  9.286         4.2130         2.7981
104  9.386         4.2312         2.8443
105  9.486         4.2498         2.8716
106  9.586         4.2690         2.9056
107  9.686         4.2888         2.9374
108  9.786         4.3088         2.9624
109  9.886         4.3287         2.9806
110  9.986         4.3492         3.0118
111 10.086         4.3694         3.0277
112 10.186         4.3915         3.0866
113 10.286         4.4152         3.1410
114 10.386         4.4398         3.1798
115 10.486         4.4653         3.2220
116 10.586         4.4911         3.2521
117 10.686         4.5164         3.2688
118 10.786         4.5411         3.2832
119 10.886         4.5655         3.3028
120 10.986         4.5896         3.3226
121 11.086         4.6135         3.3425
122 11.186         4.6372         3.3628
123 11.286         4.6608         3.3832
124 11.386         4.6842         3.4040
125 11.486         4.7075         3.4249
126 11.586         4.7305         3.4444
127 11.686         4.7534         3.4638
128 11.786         4.7762         3.4840
129 11.886         4.7988         3.5050
130 11.986         4.8214         3.5268
131 12.086         4.8441         3.5495
132 12.186         4.8667         3.5732
133 12.286         4.8894         3.5958
134 12.386         4.9120         3.6162
135 12.486         4.9343         3.6342
136 12.586         4.9563         3.6506
137 12.686         4.9782         3.6690
138 12.786         5.0000         3.6904


#AGE= 2.000 BINS=158 Power-law IMF: x=-2.350
# N  sdss_r       Log10(N)       Log10(dN)
  1 -2.606        -0.4904        -0.4904
  2 -2.506        -0.1884        -0.4884
  3 -2.406        -0.0072        -0.4743
  4 -2.306         0.1259        -0.4525
  5 -2.206         0.2331        -0.4270
  6 -2.106         0.3232        -0.4042
  7 -2.006         0.4020        -0.3783
  8 -1.906         0.4724        -0.3522
  9 -1.806         0.5371        -0.3216
 10 -1.706         0.5968        -0.2948
 11 -1.606         0.6525        -0.2666
 12 -1.506         0.7051        -0.2383
 13 -1.406         0.7546        -0.2125
 14 -1.306         0.8009        -0.1942
 15 -1.206         0.8439        -0.1819
 16 -1.106         0.8878        -0.1292
 17 -1.006         0.9307        -0.0955
 18 -0.906         0.9726        -0.0642
 19 -0.806         1.0130        -0.0388
 20 -0.706         1.0526        -0.0065
 21 -0.606         1.1116         0.2153
 22 -0.506         1.1537         0.1196
 23 -0.406         1.1899         0.0930
 24 -0.306         1.2228         0.0856
 25 -0.206         1.2507         0.0447
 26 -0.106         1.3947         0.8452
 27 -0.006         1.4266         0.2773
 28  0.094         1.4586         0.3095
 29  0.194         1.4903         0.3384
 30  0.294         1.5210         0.3541
 31  0.394         1.5497         0.3553
 32  0.494         1.5762         0.3486
 33  0.594         1.6011         0.3473
 34  0.694         1.6249         0.3526
 35  0.794         1.6477         0.3555
 36  0.894         1.6696         0.3623
 37  0.994         1.6906         0.3638
 38  1.094         1.7108         0.3678
 39  1.194         1.7301         0.3697
 40  1.294         1.7488         0.3729
 41  1.394         1.7667         0.3734
 42  1.494         1.7840         0.3747
 43  1.594         1.9231         1.3609
 44  1.694         2.0046         1.2379
 45  1.794         2.0951         1.3697
 46  1.894         2.1670         1.3501
 47  1.994         2.2517         1.5004
 48  2.094         2.3377         1.5920
 49  2.194         2.4357         1.7410
 50  2.294         2.5215         1.7749
 51  2.394         2.5946         1.7847
 52  2.494         2.6617         1.8180
 53  2.594         2.7216         1.8314
 54  2.694         2.7764         1.8507
 55  2.794         2.8285         1.8816
 56  2.894         2.8773         1.9037
 57  2.994         2.9241         1.9330
 58  3.094         2.9681         1.9525
 59  3.194         3.0078         1.9484
 60  3.294         3.0429         1.9337
 61  3.394         3.0780         1.9683
 62  3.494         3.1124         1.9930
 63  3.594         3.1453         2.0086
 64  3.694         3.1739         1.9781
 65  3.794         3.2021         2.0005
 66  3.894         3.2291         2.0102
 67  3.994         3.2534         1.9880
 68  4.094         3.2786         2.0306
 69  4.194         3.3038         2.0538
 70  4.294         3.3282         2.0656
 71  4.394         3.3519         2.0771
 72  4.494         3.3750         2.0895
 73  4.594         3.3976         2.1036
 74  4.694         3.4197         2.1156
 75  4.794         3.4415         2.1300
 76  4.894         3.4629         2.1450
 77  4.994         3.4837         2.1531
 78  5.094         3.5038         2.1611
 79  5.194         3.5236         2.1727
 80  5.294         3.5431         2.1853
 81  5.394         3.5622         2.1963
 82  5.494         3.5810         2.2079
 83  5.594         3.5996         2.2220
 84  5.694         3.6179         2.2338
 85  5.794         3.6359         2.2432
 86  5.894         3.6534         2.2502
 87  5.994         3.6704         2.2548
 88  6.094         3.6869         2.2570
 89  6.194         3.7027         2.2566
 90  6.294         3.7179         2.2553
 91  6.394         3.7327         2.2574
 92  6.494         3.7471         2.2602
 93  6.594         3.7611         2.2637
 94  6.694         3.7749         2.2677
 95  6.794         3.7883         2.2713
 96  6.894         3.8014         2.2743
 97  6.994         3.8142         2.2793
 98  7.094         3.8269         2.2849
 99  7.194         3.8387         2.2659
100  7.294         3.8494         2.2378
101  7.394         3.8609         2.2794
102  7.494         3.8733         2.3202
103  7.594         3.8857         2.3353
104  7.694         3.8982         2.3527
105  7.794         3.9111         2.3760
106  7.894         3.9240         2.3918
107  7.994         3.9369         2.4014
108  8.094         3.9498         2.4158
109  8.194         3.9630         2.4406
110  8.294         3.9766         2.4657
111  8.394         3.9905         2.4883
112  8.494         4.0046         2.5084
113  8.594         4.0188         2.5275
114  8.694         4.0334         2.5511
115  8.794         4.0483         2.5771
116  8.894         4.0636         2.6040
117  8.994         4.0794         2.6314
118  9.094         4.0948         2.6368
119  9.194         4.1117         2.6948
120  9.294         4.1307         2.7617
121  9.394         4.1504         2.7962
122  9.494         4.1700         2.8157
123  9.594         4.1901         2.8457
124  9.694         4.2109         2.8794
125  9.794         4.2324         2.9173
126  9.894         4.2550         2.9606
127  9.994         4.2776         2.9813
128 10.094         4.2981         2.9623
129 10.194         4.3202         3.0159
130 10.294         4.3439         3.0688
131 10.394         4.3690         3.1182
132 10.494         4.3944         3.1494
133 10.594         4.4202         3.1815
134 10.694         4.4462         3.2093
135 10.794         4.4717         3.2280
136 10.894         4.4965         3.2410
137 10.994         4.5208         3.2572
138 11.094         4.5448         3.2747
139 11.194         4.5685         3.2936
140 11.294         4.5920         3.3140
141 11.394         4.6155         3.3359
142 11.494         4.6389         3.3591
143 11.594         4.6622         3.3803
144 11.694         4.6854         3.4011
145 11.794         4.7084         3.4222
146 11.894         4.7314         3.4438
147 11.994         4.7544         3.4659
148 12.094         4.7773         3.4885
149 12.194         4.8003         3.5124
150 12.294         4.8232         3.5347
151 12.394         4.8460         3.5545
152 12.494         4.8685         3.5718
153 12.594         4.8907         3.5887
154 12.694         4.9128         3.6072
155 12.794         4.9347         3.6273
156 12.894         4.9566         3.6471
157 12.994         4.9783         3.6669
158 13.094         5.0000         3.6880


#AGE= 3.000 BINS=157 Power-law IMF: x=-2.350
# N  sdss_r       Log10(N)       Log10(dN)
  1 -2.575        -0.4936        -0.4936
  2 -2.475        -0.1954        -0.4992
  3 -2.375        -0.0134        -0.4788
  4 -2.275         0.1166        -0.4706
  5 -2.175         0.2203        -0.4528
  6 -2.075         0.3073        -0.4338
  7 -1.975         0.3845        -0.4038
  8 -1.875         0.4533        -0.3804
  9 -1.775         0.5162        -0.3544
 10 -1.675         0.5748        -0.3236
 11 -1.575         0.6299        -0.2939
 12 -1.475         0.6821        -0.2642
 13 -1.375         0.7318        -0.2344
 14 -1.275         0.7795        -0.2031
 15 -1.175         0.8232        -0.1963
 16 -1.075         0.8651        -0.1706
 17 -0.975         0.9079        -0.1202
 18 -0.875         0.9500        -0.0842
 19 -0.775         0.9910        -0.0542
 20 -0.675         1.0307        -0.0278
 21 -0.575         1.0752         0.0632
 22 -0.475         1.1337         0.2347
 23 -0.375         1.1751         0.1336
 24 -0.275         1.2124         0.1280
 25 -0.175         1.2486         0.1508
 26 -0.075         1.2816         0.1469
 27  0.025         1.3876         0.7232
 28  0.125         1.4423         0.5154
 29  0.225         1.4697         0.2556
 30  0.325         1.4959         0.2629
 31  0.425         1.5226         0.2978
 32  0.525         1.5500         0.3362
 33  0.625         1.5779         0.3723
 34  0.725         1.6059         0.4018
 35  0.825         1.6343         0.4363
 36  0.925         1.6631         0.4695
 37  1.025         1.6921         0.5031
 38  1.125         1.7215         0.5369
 39  1.225         1.7513         0.5730
 40  1.325         1.7814         0.6075
 41  1.425         1.8120         0.6447
 42  1.525         1.8429         0.6798
 43  1.625         1.8743         0.7176
 44  1.725         1.9063         0.7574
 45  1.825         1.9388         0.7970
 46  1.925         1.9713         0.8298
 47  2.025         2.0037         0.8604
 48  2.125         2.0363         0.8953
 49  2.225         2.2637         1.8739
 50  2.325         2.3786         1.7450
 51  2.425         2.4865         1.8286
 52  2.525         2.5436         1.6343
 53  2.625         2.6046         1.7225
 54  2.725         2.6649         1.7771
 55  2.825         2.7159         1.7610
 56  2.925         2.7498         1.6255
 57  3.025         2.7849         1.6744
 58  3.125         2.8391         1.9089
 59  3.225         2.8902         1.9355
 60  3.325         2.9402         1.9765
 61  3.425         2.9819         1.9435
 62  3.525         3.0180         1.9200
 63  3.625         3.0543         1.9581
 64  3.725         3.0883         1.9657
 65  3.825         3.1203         1.9705
 66  3.925         3.1506         1.9792
 67  4.025         3.1816         2.0200
 68  4.125         3.2116         2.0359
 69  4.225         3.2405         2.0495
 70  4.325         3.2685         2.0641
 71  4.425         3.2957         2.0794
 72  4.525         3.3222         2.0941
 73  4.625         3.3479         2.1066
 74  4.725         3.3729         2.1213
 75  4.825         3.3975         2.1381
 76  4.925         3.4213         2.1493
 77  5.025         3.4446         2.1609
 78  5.125         3.4674         2.1764
 79  5.225         3.4902         2.1993
 80  5.325         3.5126         2.2150
 81  5.425         3.5344         2.2237
 82  5.525         3.5554         2.2288
 83  5.625         3.5755         2.2323
 84  5.725         3.5950         2.2373
 85  5.825         3.6139         2.2426
 86  5.925         3.6322         2.2475
 87  6.025         3.6499         2.2520
 88  6.125         3.6671         2.2566
 89  6.225         3.6839         2.2609
 90  6.325         3.7001         2.2647
 91  6.425         3.7159         2.2683
 92  6.525         3.7312         2.2721
 93  6.625         3.7462         2.2760
 94  6.725         3.7608         2.2805
 95  6.825         3.7750         2.2836
 96  6.925         3.7889         2.2859
 97  7.025         3.8024         2.2890
 98  7.125         3.8153         2.2799
 99  7.225         3.8274         2.2666
100  7.325         3.8400         2.2960
101  7.425         3.8530         2.3239
102  7.525         3.8661         2.3374
103  7.625         3.8792         2.3533
104  7.725         3.8927         2.3781
105  7.825         3.9064         2.3977
106  7.925         3.9200         2.4095
107  8.025         3.9335         2.4204
108  8.125         3.9472         2.4404
109  8.225         3.9613         2.4659
110  8.325         3.9758         2.4907
111  8.425         3.9905         2.5121
112  8.525         4.0053         2.5303
113  8.625         4.0203         2.5525
114  8.725         4.0357         2.5771
115  8.825         4.0515         2.6045
116  8.925         4.0678         2.6334
117  9.025         4.0841         2.6509
118  9.125         4.1005         2.6707
119  9.225         4.1190         2.7388
120  9.325         4.1386         2.7839
121  9.425         4.1585         2.8086
122  9.525         4.1789         2.8402
123  9.625         4.2000         2.8762
124  9.725         4.2221         2.9170
125  9.825         4.2454         2.9633
126  9.925         4.2702         3.0149
127 10.025         4.2934         3.0092
128 10.125         4.3153         3.0086
129 10.225         4.3386         3.0563
130 10.325         4.3632         3.1034
131 10.425         4.3886         3.1440
132 10.525         4.4146         3.1775
133 10.625         4.4403         3.2012
134 10.725         4.4661         3.2259
135 10.825         4.4913         3.2436
136 10.925         4.5160         3.2584
137 11.025         4.5403         3.2752
138 11.125         4.5642         3.2938
139 11.225         4.5880         3.3144
140 11.325         4.6117         3.3370
141 11.425         4.6353         3.3579
142 11.525         4.6586         3.3779
143 11.625         4.6819         3.3988
144 11.725         4.7051         3.4207
145 11.825         4.7282         3.4436
146 11.925         4.7514         3.4675
147 12.025         4.7747         3.4930
148 12.125         4.7981         3.5176
149 12.225         4.8214         3.5395
150 12.325         4.8445         3.5586
151 12.425         4.8673         3.5751
152 12.525         4.8898         3.5929
153 12.625         4.9121         3.6117
154 12.725         4.9342         3.6314
155 12.825         4.9563         3.6503
156 12.925         4.9781         3.6697
157 13.025         5.0000         3.6908


#AGE= 4.000 BINS=154 Power-law IMF: x=-2.350
# N  sdss_r       Log10(N)       Log10(dN)
  1 -2.509        -0.5575        -0.5575
  2 -2.409        -0.2656        -0.5760
  3 -2.309        -0.0877        -0.5612
  4 -2.209         0.0428        -0.5428
  5 -2.109         0.1473        -0.5229
  6 -2.009         0.2341        -0.5076
  7 -1.909         0.3120        -0.4726
  8 -1.809         0.3800        -0.4590
  9 -1.709         0.4435        -0.4231
 10 -1.609         0.5023        -0.3950
 11 -1.509         0.5575        -0.3657
 12 -1.409         0.6097        -0.3358
 13 -1.309         0.6598        -0.3035
 14 -1.209         0.7074        -0.2764
 15 -1.109         0.7531        -0.2473
 16 -1.009         0.7952        -0.2391
 17 -0.909         0.8373        -0.1973
 18 -0.809         0.8791        -0.1580
 19 -0.709         0.9204        -0.1219
 20 -0.609         0.9605        -0.0945
 21 -0.509         1.0001        -0.0596
 22 -0.409         1.0511         0.0958
 23 -0.309         1.1022         0.1475
 24 -0.209         1.1402         0.0633
 25 -0.109         1.1759         0.0736
 26 -0.009         1.2104         0.0936
 27  0.091         1.3350         0.7317
 28  0.191         1.3658         0.2021
 29  0.291         1.3941         0.1937
 30  0.391         1.4210         0.1989
 31  0.491         1.4472         0.2151
 32  0.591         1.4743         0.2561
 33  0.691         1.5021         0.2944
 34  0.791         1.5304         0.3310
 35  0.891         1.5592         0.3656
 36  0.991         1.5881         0.3969
 37  1.091         1.6174         0.4322
 38  1.191         1.6470         0.4656
 39  1.291         1.6768         0.4984
 40  1.391         1.7068         0.5315
 41  1.491         1.7368         0.5615
 42  1.591         1.7673         0.5981
 43  1.691         1.7981         0.6331
 44  1.791         1.8295         0.6736
 45  1.891         1.8613         0.7097
 46  1.991         1.8936         0.7496
 47  2.091         1.9260         0.7828
 48  2.191         1.9587         0.8194
 49  2.291         1.9904         0.8375
 50  2.391         2.0225         0.8760
 51  2.491         2.2449         1.8477
 52  2.591         2.3984         1.8722
 53  2.691         2.4686         1.6424
 54  2.791         2.5349         1.6858
 55  2.891         2.5992         1.7379
 56  2.991         2.6615         1.7879
 57  3.091         2.7205         1.8239
 58  3.191         2.7771         1.8641
 59  3.291         2.8310         1.8983
 60  3.391         2.8829         1.9343
 61  3.491         2.9318         1.9597
 62  3.591         2.9747         1.9479
 63  3.691         3.0180         1.9951
 64  3.791         3.0581         2.0039
 65  3.891         3.0961         2.0189
 66  3.991         3.1324         2.0364
 67  4.091         3.1673         2.0547
 68  4.191         3.2008         2.0723
 69  4.291         3.2333         2.0904
 70  4.391         3.2647         2.1081
 71  4.491         3.2949         2.1231
 72  4.591         3.3242         2.1376
 73  4.691         3.3526         2.1540
 74  4.791         3.3802         2.1709
 75  4.891         3.4070         2.1837
 76  4.991         3.4331         2.1983
 77  5.091         3.4587         2.2160
 78  5.191         3.4841         2.2397
 79  5.291         3.5091         2.2560
 80  5.391         3.5330         2.2619
 81  5.491         3.5559         2.2667
 82  5.591         3.5779         2.2718
 83  5.691         3.5991         2.2770
 84  5.791         3.6196         2.2834
 85  5.891         3.6395         2.2915
 86  5.991         3.6589         2.2976
 87  6.091         3.6775         2.3000
 88  6.191         3.6955         2.3040
 89  6.291         3.7130         2.3096
 90  6.391         3.7300         2.3144
 91  6.491         3.7465         2.3181
 92  6.591         3.7625         2.3220
 93  6.691         3.7781         2.3244
 94  6.791         3.7932         2.3272
 95  6.891         3.8078         2.3275
 96  6.991         3.8218         2.3221
 97  7.091         3.8355         2.3284
 98  7.191         3.8494         2.3459
 99  7.291         3.8631         2.3573
100  7.391         3.8767         2.3660
101  7.491         3.8904         2.3817
102  7.591         3.9042         2.3990
103  7.691         3.9182         2.4211
104  7.791         3.9326         2.4446
105  7.891         3.9468         2.4554
106  7.991         3.9610         2.4684
107  8.091         3.9753         2.4859
108  8.191         3.9900         2.5113
109  8.291         4.0050         2.5368
110  8.391         4.0203         2.5578
111  8.491         4.0357         2.5775
112  8.591         4.0512         2.5984
113  8.691         4.0671         2.6224
114  8.791         4.0834         2.6489
115  8.891         4.1001         2.6764
116  8.991         4.1172         2.7052
117  9.091         4.1343         2.7200
118  9.191         4.1524         2.7625
119  9.291         4.1720         2.8180
120  9.391         4.1925         2.8565
121  9.491         4.2134         2.8844
122  9.591         4.2348         2.9179
123  9.691         4.2572         2.9578
124  9.791         4.2809         3.0050
125  9.891         4.3063         3.0616
126  9.991         4.3317         3.0859
127 10.091         4.3549         3.0711
128 10.191         4.3787         3.1058
129 10.291         4.4035         3.1472
130 10.391         4.4291         3.1868
131 10.491         4.4552         3.2211
132 10.591         4.4813         3.2475
133 10.691         4.5072         3.2696
134 10.791         4.5323         3.2824
135 10.891         4.5570         3.2983
136 10.991         4.5813         3.3183
137 11.091         4.6055         3.3385
138 11.191         4.6293         3.3574
139 11.291         4.6530         3.3778
140 11.391         4.6766         3.3996
141 11.491         4.7002         3.4230
142 11.591         4.7237         3.4460
143 11.691         4.7472         3.4684
144 11.791         4.7706         3.4908
145 11.891         4.7940         3.5131
146 11.991         4.8173         3.5355
147 12.091         4.8406         3.5582
148 12.191         4.8639         3.5824
149 12.291         4.8872         3.6047
150 12.391         4.9103         3.6244
151 12.491         4.9330         3.6413
152 12.591         4.9555         3.6578
153 12.691         4.9778         3.6767
154 12.791         5.0000         3.6983


#AGE= 5.000 BINS=157 Power-law IMF: x=-2.350
# N  sdss_r       Log10(N)       Log10(dN)
  1 -2.494        -0.4582        -0.4582
  2 -2.394        -0.2499        -0.6689
  3 -2.294        -0.1167        -0.6949
  4 -2.194        -0.0116        -0.6794
  5 -2.094         0.0788        -0.6469
  6 -1.994         0.1566        -0.6290
  7 -1.894         0.2257        -0.6064
  8 -1.794         0.2872        -0.5918
  9 -1.694         0.3461        -0.5508
 10 -1.594         0.4001        -0.5318
 11 -1.494         0.4527        -0.4907
 12 -1.394         0.5014        -0.4725
 13 -1.294         0.5490        -0.4351
 14 -1.194         0.5946        -0.4067
 15 -1.094         0.6388        -0.3754
 16 -0.994         0.6811        -0.3518
 17 -0.894         0.7214        -0.3307
 18 -0.794         0.7610        -0.2985
 19 -0.694         0.8009        -0.2555
 20 -0.594         0.8406        -0.2186
 21 -0.494         0.8794        -0.1889
 22 -0.394         0.9174        -0.1594
 23 -0.294         0.9688         0.0167
 24 -0.194         1.0160         0.0290
 25 -0.094         1.0533        -0.0318
 26  0.006         1.0886        -0.0194
 27  0.106         1.1226         0.0004
 28  0.206         1.2429         0.6267
 29  0.306         1.2800         0.1929
 30  0.406         1.3082         0.1068
 31  0.506         1.3343         0.0999
 32  0.606         1.3607         0.1312
 33  0.706         1.3883         0.1783
 34  0.806         1.4163         0.2109
 35  0.906         1.4447         0.2474
 36  1.006         1.4736         0.2816
 37  1.106         1.5029         0.3171
 38  1.206         1.5324         0.3502
 39  1.306         1.5622         0.3841
 40  1.406         1.5924         0.4196
 41  1.506         1.6231         0.4576
 42  1.606         1.6539         0.4887
 43  1.706         1.6852         0.5275
 44  1.806         1.7170         0.5652
 45  1.906         1.7499         0.6138
 46  2.006         1.7843         0.6653
 47  2.106         1.8197         0.7134
 48  2.206         1.8585         0.7904
 49  2.306         1.8979         0.8367
 50  2.406         1.9356         0.8550
 51  2.506         1.9718         0.8749
 52  2.606         2.0081         0.9121
 53  2.706         2.2218         1.8113
 54  2.806         2.3625         1.8046
 55  2.906         2.4332         1.6097
 56  3.006         2.4991         1.6482
 57  3.106         2.5614         1.6870
 58  3.206         2.6202         1.7232
 59  3.306         2.6759         1.7562
 60  3.406         2.7282         1.7825
 61  3.506         2.7785         1.8180
 62  3.606         2.8273         1.8532
 63  3.706         2.8747         1.8895
 64  3.806         2.9194         1.9100
 65  3.906         2.9615         1.9271
 66  4.006         3.0014         1.9449
 67  4.106         3.0395         1.9634
 68  4.206         3.0760         1.9825
 69  4.306         3.1112         2.0023
 70  4.406         3.1451         2.0208
 71  4.506         3.1777         2.0371
 72  4.606         3.2093         2.0551
 73  4.706         3.2399         2.0728
 74  4.806         3.2695         2.0890
 75  4.906         3.2983         2.1053
 76  5.006         3.3265         2.1241
 77  5.106         3.3542         2.1451
 78  5.206         3.3814         2.1660
 79  5.306         3.4077         2.1763
 80  5.406         3.4327         2.1795
 81  5.506         3.4567         2.1874
 82  5.606         3.4797         2.1932
 83  5.706         3.5020         2.2005
 84  5.806         3.5236         2.2091
 85  5.906         3.5445         2.2167
 86  6.006         3.5646         2.2207
 87  6.106         3.5840         2.2248
 88  6.206         3.6029         2.2304
 89  6.306         3.6211         2.2352
 90  6.406         3.6388         2.2398
 91  6.506         3.6559         2.2439
 92  6.606         3.6726         2.2482
 93  6.706         3.6887         2.2503
 94  6.806         3.7043         2.2521
 95  6.906         3.7195         2.2554
 96  7.006         3.7343         2.2591
 97  7.106         3.7489         2.2684
 98  7.206         3.7633         2.2775
 99  7.306         3.7776         2.2865
100  7.406         3.7917         2.2983
101  7.506         3.8059         2.3134
102  7.606         3.8203         2.3322
103  7.706         3.8350         2.3574
104  7.806         3.8498         2.3737
105  7.906         3.8645         2.3879
106  8.006         3.8792         2.4008
107  8.106         3.8941         2.4226
108  8.206         3.9094         2.4481
109  8.306         3.9250         2.4723
110  8.406         3.9408         2.4932
111  8.506         3.9566         2.5118
112  8.606         3.9728         2.5340
113  8.706         3.9892         2.5586
114  8.806         4.0060         2.5858
115  8.906         4.0233         2.6149
116  9.006         4.0408         2.6378
117  9.106         4.0585         2.6591
118  9.206         4.0776         2.7114
119  9.306         4.0978         2.7547
120  9.406         4.1183         2.7834
121  9.506         4.1392         2.8100
122  9.606         4.1607         2.8461
123  9.706         4.1836         2.8936
124  9.806         4.2085         2.9545
125  9.906         4.2359         3.0223
126 10.006         4.2618         3.0235
127 10.106         4.2861         3.0229
128 10.206         4.3109         3.0548
129 10.306         4.3364         3.0919
130 10.406         4.3625         3.1297
131 10.506         4.3888         3.1581
132 10.606         4.4149         3.1807
133 10.706         4.4406         3.1987
134 10.806         4.4657         3.2159
135 10.906         4.4903         3.2311
136 11.006         4.5146         3.2492
137 11.106         4.5386         3.2705
138 11.206         4.5625         3.2898
139 11.306         4.5861         3.3103
140 11.406         4.6097         3.3324
141 11.506         4.6332         3.3560
142 11.606         4.6568         3.3792
143 11.706         4.6803         3.4020
144 11.806         4.7038         3.4247
145 11.906         4.7272         3.4474
146 12.006         4.7506         3.4700
147 12.106         4.7740         3.4937
148 12.206         4.7974         3.5180
149 12.306         4.8208         3.5397
150 12.406         4.8439         3.5586
151 12.506         4.8667         3.5754
152 12.606         4.8892         3.5934
153 12.706         4.9116         3.6125
154 12.806         4.9339         3.6327
155 12.906         4.9560         3.6522
156 13.006         4.9780         3.6721
157 13.106         5.0000         3.6933


#AGE= 6.000 BINS=155 Power-law IMF: x=-2.350
# N  sdss_r       Log10(N)       Log10(dN)
  1 -2.360        -0.6278        -0.6278
  2 -2.260        -0.3565        -0.6895
  3 -2.160        -0.1781        -0.6507
  4 -2.060        -0.0499        -0.6423
  5 -1.960         0.0534        -0.6207
  6 -1.860         0.1405        -0.6003
  7 -1.760         0.2167        -0.5764
  8 -1.660         0.2858        -0.5471
  9 -1.560         0.3485        -0.5229
 10 -1.460         0.4078        -0.4865
 11 -1.360         0.4633        -0.4576
 12 -1.260         0.5150        -0.4347
 13 -1.160         0.5654        -0.3944
 14 -1.060         0.6130        -0.3715
 15 -0.960         0.6593        -0.3355
 16 -0.860         0.7031        -0.3151
 17 -0.760         0.7446        -0.2959
 18 -0.660         0.7862        -0.2530
 19 -0.560         0.8277        -0.2123
 20 -0.460         0.8683        -0.1808
 21 -0.360         0.9076        -0.1553
 22 -0.260         0.9512        -0.0688
 23 -0.160         1.0049         0.0706
 24 -0.060         1.0476         0.0193
 25  0.040         1.0850         0.0006
 26  0.140         1.1205         0.0158
 27  0.240         1.1563         0.0547
 28  0.340         1.2855         0.6958
 29  0.440         1.3158         0.1454
 30  0.540         1.3435         0.1346
 31  0.640         1.3697         0.1358
 32  0.740         1.3969         0.1808
 33  0.840         1.4250         0.2217
 34  0.940         1.4534         0.2553
 35  1.040         1.4821         0.2871
 36  1.140         1.5115         0.3275
 37  1.240         1.5410         0.3583
 38  1.340         1.5706         0.3893
 39  1.440         1.6005         0.4242
 40  1.540         1.6308         0.4589
 41  1.640         1.6612         0.4913
 42  1.740         1.6922         0.5302
 43  1.840         1.7235         0.5659
 44  1.940         1.7555         0.6068
 45  2.040         1.7887         0.6565
 46  2.140         1.8232         0.7058
 47  2.240         1.8596         0.7652
 48  2.340         1.8992         0.8391
 49  2.440         1.9372         0.8597
 50  2.540         1.9736         0.8791
 51  2.640         2.0086         0.8973
 52  2.740         2.0434         0.9306
 53  2.840         2.0827         1.0199
 54  2.940         2.3388         1.9876
 55  3.040         2.4127         1.6075
 56  3.140         2.4798         1.6352
 57  3.240         2.5424         1.6707
 58  3.340         2.6016         1.7070
 59  3.440         2.6581         1.7444
 60  3.540         2.7120         1.7791
 61  3.640         2.7642         1.8181
 62  3.740         2.8152         1.8601
 63  3.840         2.8655         1.9042
 64  3.940         2.9131         1.9292
 65  4.040         2.9575         1.9455
 66  4.140         2.9993         1.9619
 67  4.240         3.0391         1.9808
 68  4.340         3.0771         2.0004
 69  4.440         3.1136         2.0200
 70  4.540         3.1488         2.0397
 71  4.640         3.1827         2.0590
 72  4.740         3.2156         2.0784
 73  4.840         3.2475         2.0977
 74  4.940         3.2786         2.1177
 75  5.040         3.3090         2.1390
 76  5.140         3.3387         2.1598
 77  5.240         3.3674         2.1728
 78  5.340         3.3946         2.1779
 79  5.440         3.4207         2.1856
 80  5.540         3.4457         2.1950
 81  5.640         3.4698         2.2013
 82  5.740         3.4931         2.2110
 83  5.840         3.5156         2.2185
 84  5.940         3.5373         2.2260
 85  6.040         3.5583         2.2307
 86  6.140         3.5784         2.2351
 87  6.240         3.5980         2.2420
 88  6.340         3.6169         2.2470
 89  6.440         3.6352         2.2514
 90  6.540         3.6530         2.2563
 91  6.640         3.6703         2.2603
 92  6.740         3.6870         2.2636
 93  6.840         3.7031         2.2660
 94  6.940         3.7188         2.2681
 95  7.040         3.7342         2.2760
 96  7.140         3.7493         2.2841
 97  7.240         3.7643         2.2930
 98  7.340         3.7790         2.3040
 99  7.440         3.7937         2.3152
100  7.540         3.8085         2.3336
101  7.640         3.8235         2.3548
102  7.740         3.8387         2.3752
103  7.840         3.8541         2.3936
104  7.940         3.8692         2.4039
105  8.040         3.8845         2.4243
106  8.140         3.9001         2.4481
107  8.240         3.9161         2.4726
108  8.340         3.9322         2.4952
109  8.440         3.9485         2.5154
110  8.540         3.9650         2.5352
111  8.640         3.9817         2.5578
112  8.740         3.9987         2.5832
113  8.840         4.0162         2.6119
114  8.940         4.0340         2.6389
115  9.040         4.0522         2.6660
116  9.140         4.0712         2.7013
117  9.240         4.0908         2.7355
118  9.340         4.1109         2.7661
119  9.440         4.1316         2.7998
120  9.540         4.1532         2.8397
121  9.640         4.1761         2.8867
122  9.740         4.2006         2.9392
123  9.840         4.2267         2.9928
124  9.940         4.2547         3.0506
125 10.040         4.2805         3.0415
126 10.140         4.3060         3.0626
127 10.240         4.3318         3.0915
128 10.340         4.3580         3.1254
129 10.440         4.3846         3.1596
130 10.540         4.4112         3.1838
131 10.640         4.4373         3.2037
132 10.740         4.4627         3.2170
133 10.840         4.4876         3.2339
134 10.940         4.5121         3.2506
135 11.040         4.5362         3.2699
136 11.140         4.5602         3.2908
137 11.240         4.5840         3.3108
138 11.340         4.6077         3.3322
139 11.440         4.6313         3.3549
140 11.540         4.6548         3.3767
141 11.640         4.6783         3.3986
142 11.740         4.7017         3.4214
143 11.840         4.7251         3.4449
144 11.940         4.7485         3.4694
145 12.040         4.7721         3.4958
146 12.140         4.7958         3.5205
147 12.240         4.8194         3.5422
148 12.340         4.8427         3.5608
149 12.440         4.8657         3.5778
150 12.540         4.8884         3.5968
151 12.640         4.9110         3.6161
152 12.740         4.9335         3.6358
153 12.840         4.9558         3.6546
154 12.940         4.9779         3.6743
155 13.040         5.0000         3.6956


#AGE= 7.000 BINS=153 Power-law IMF: x=-2.350
# N  sdss_r       Log10(N)       Log10(dN)
  1 -2.268        -0.6584        -0.6584
  2 -2.168        -0.3748        -0.6941
  3 -2.067        -0.1978        -0.6730
  4 -1.967        -0.0681        -0.6562
  5 -1.867         0.0348        -0.6412
  6 -1.768         0.1239        -0.6074
  7 -1.668         0.2012        -0.5864
  8 -1.567         0.2705        -0.5613
  9 -1.467         0.3348        -0.5262
 10 -1.367         0.3931        -0.5077
 11 -1.268         0.4494        -0.4660
 12 -1.168         0.5019        -0.4419
 13 -1.067         0.5519        -0.4112
 14 -0.967         0.6002        -0.3777
 15 -0.867         0.6467        -0.3469
 16 -0.768         0.6899        -0.3332
 17 -0.668         0.7321        -0.3016
 18 -0.567         0.7747        -0.2553
 19 -0.467         0.8165        -0.2209
 20 -0.367         0.8569        -0.1944
 21 -0.268         0.8969        -0.1585
 22 -0.168         0.9401        -0.0838
 23 -0.067         0.9955         0.0743
 24  0.033         1.0365        -0.0092
 25  0.133         1.0739        -0.0091
 26  0.232         1.1100         0.0111
 27  0.332         1.1428         0.0050
 28  0.433         1.2761         0.6981
 29  0.533         1.3065         0.1371
 30  0.633         1.3339         0.1195
 31  0.732         1.3605         0.1349
 32  0.832         1.3878         0.1721
 33  0.933         1.4158         0.2111
 34  1.033         1.4442         0.2467
 35  1.133         1.4735         0.2869
 36  1.232         1.5024         0.3122
 37  1.332         1.5318         0.3471
 38  1.433         1.5615         0.3823
 39  1.533         1.5914         0.4145
 40  1.633         1.6218         0.4506
 41  1.732         1.6522         0.4833
 42  1.832         1.6831         0.5199
 43  1.933         1.7143         0.5543
 44  2.033         1.7467         0.6032
 45  2.133         1.7800         0.6487
 46  2.232         1.8150         0.7043
 47  2.332         1.8526         0.7710
 48  2.433         1.8916         0.8250
 49  2.533         1.9287         0.8429
 50  2.633         1.9642         0.8584
 51  2.732         1.9982         0.8749
 52  2.832         2.0315         0.9001
 53  2.933         2.0670         0.9614
 54  3.033         2.2117         1.6639
 55  3.133         2.3631         1.8322
 56  3.232         2.4381         1.6380
 57  3.332         2.5072         1.6749
 58  3.433         2.5726         1.7180
 59  3.533         2.6346         1.7590
 60  3.633         2.6935         1.7967
 61  3.732         2.7495         1.8318
 62  3.833         2.8036         1.8725
 63  3.933         2.8567         1.9177
 64  4.033         2.9073         1.9490
 65  4.133         2.9541         1.9628
 66  4.232         2.9980         1.9806
 67  4.333         3.0395         2.0001
 68  4.433         3.0794         2.0219
 69  4.533         3.1176         2.0429
 70  4.633         3.1544         2.0646
 71  4.732         3.1901         2.0875
 72  4.833         3.2248         2.1105
 73  4.933         3.2586         2.1328
 74  5.033         3.2914         2.1524
 75  5.133         3.3232         2.1717
 76  5.233         3.3534         2.1813
 77  5.333         3.3821         2.1875
 78  5.433         3.4097         2.1987
 79  5.533         3.4362         2.2088
 80  5.633         3.4616         2.2173
 81  5.733         3.4862         2.2265
 82  5.833         3.5099         2.2354
 83  5.933         3.5328         2.2427
 84  6.033         3.5548         2.2477
 85  6.133         3.5759         2.2527
 86  6.233         3.5964         2.2610
 87  6.333         3.6163         2.2668
 88  6.433         3.6355         2.2710
 89  6.533         3.6540         2.2756
 90  6.633         3.6720         2.2806
 91  6.733         3.6895         2.2848
 92  6.833         3.7063         2.2843
 93  6.933         3.7226         2.2897
 94  7.033         3.7386         2.2974
 95  7.133         3.7544         2.3061
 96  7.233         3.7699         2.3150
 97  7.333         3.7851         2.3233
 98  7.433         3.8004         2.3376
 99  7.533         3.8156         2.3543
100  7.633         3.8311         2.3758
101  7.733         3.8468         2.3972
102  7.833         3.8625         2.4131
103  7.933         3.8782         2.4283
104  8.033         3.8940         2.4461
105  8.133         3.9101         2.4722
106  8.233         3.9266         2.4969
107  8.332         3.9432         2.5185
108  8.433         3.9600         2.5381
109  8.533         3.9769         2.5582
110  8.633         3.9940         2.5810
111  8.733         4.0115         2.6074
112  8.832         4.0293         2.6346
113  8.933         4.0476         2.6624
114  9.033         4.0661         2.6862
115  9.133         4.0854         2.7234
116  9.233         4.1059         2.7702
117  9.333         4.1271         2.8050
118  9.433         4.1484         2.8284
119  9.533         4.1701         2.8567
120  9.633         4.1926         2.8970
121  9.733         4.2168         2.9512
122  9.833         4.2436         3.0195
123  9.933         4.2717         3.0697
124 10.033         4.2987         3.0780
125 10.133         4.3250         3.0947
126 10.233         4.3514         3.1222
127 10.333         4.3782         3.1540
128 10.433         4.4051         3.1847
129 10.533         4.4319         3.2086
130 10.633         4.4583         3.2287
131 10.733         4.4838         3.2401
132 10.833         4.5088         3.2557
133 10.933         4.5333         3.2730
134 11.033         4.5575         3.2922
135 11.133         4.5815         3.3123
136 11.233         4.6053         3.3325
137 11.333         4.6290         3.3540
138 11.433         4.6526         3.3745
139 11.533         4.6759         3.3954
140 11.633         4.6993         3.4182
141 11.733         4.7227         3.4429
142 11.833         4.7463         3.4697
143 11.933         4.7701         3.4962
144 12.033         4.7938         3.5204
145 12.133         4.8175         3.5421
146 12.233         4.8409         3.5611
147 12.333         4.8642         3.5812
148 12.433         4.8873         3.6019
149 12.533         4.9102         3.6216
150 12.633         4.9329         3.6402
151 12.733         4.9554         3.6580
152 12.833         4.9777         3.6774
153 12.933         5.0000         3.6988


#AGE= 8.000 BINS=151 Power-law IMF: x=-2.350
# N  sdss_r       Log10(N)       Log10(dN)
  1 -2.207        -0.6795        -0.6795
  2 -2.107        -0.3776        -0.6778
  3 -2.007        -0.1982        -0.6688
  4 -1.907        -0.0660        -0.6467
  5 -1.807         0.0374        -0.6366
  6 -1.707         0.1274        -0.6006
  7 -1.607         0.2049        -0.5816
  8 -1.507         0.2757        -0.5468
  9 -1.407         0.3395        -0.5249
 10 -1.307         0.4000        -0.4864
 11 -1.207         0.4560        -0.4608
 12 -1.107         0.5093        -0.4286
 13 -1.007         0.5594        -0.4027
 14 -0.907         0.6074        -0.3734
 15 -0.807         0.6548        -0.3305
 16 -0.707         0.6986        -0.3197
 17 -0.607         0.7416        -0.2839
 18 -0.507         0.7841        -0.2467
 19 -0.407         0.8259        -0.2109
 20 -0.307         0.8670        -0.1774
 21 -0.207         0.9060        -0.1599
 22 -0.107         0.9532        -0.0339
 23 -0.007         1.0053         0.0586
 24  0.093         1.0470         0.0084
 25  0.193         1.0846         0.0030
 26  0.293         1.1207         0.0231
 27  0.393         1.1568         0.0587
 28  0.493         1.2853         0.6938
 29  0.593         1.3170         0.1640
 30  0.693         1.3454         0.1462
 31  0.793         1.3723         0.1512
 32  0.893         1.3997         0.1858
 33  0.993         1.4281         0.2294
 34  1.093         1.4569         0.2656
 35  1.193         1.4861         0.2979
 36  1.293         1.5156         0.3336
 37  1.393         1.5453         0.3660
 38  1.493         1.5754         0.4005
 39  1.593         1.6058         0.4358
 40  1.693         1.6365         0.4704
 41  1.793         1.6674         0.5044
 42  1.893         1.6986         0.5403
 43  1.993         1.7303         0.5776
 44  2.093         1.7630         0.6229
 45  2.193         1.7968         0.6707
 46  2.293         1.8322         0.7266
 47  2.393         1.8702         0.7935
 48  2.493         1.9100         0.8517
 49  2.593         1.9479         0.8706
 50  2.693         1.9843         0.8891
 51  2.793         2.0191         0.9057
 52  2.893         2.0530         0.9287
 53  2.993         2.0876         0.9719
 54  3.093         2.1278         1.0742
 55  3.193         2.3313         1.9041
 56  3.293         2.4216         1.6956
 57  3.393         2.4960         1.6927
 58  3.493         2.5645         1.7291
 59  3.593         2.6292         1.7699
 60  3.693         2.6903         1.8084
 61  3.793         2.7481         1.8435
 62  3.893         2.8032         1.8794
 63  3.993         2.8570         1.9232
 64  4.093         2.9095         1.9658
 65  4.193         2.9583         1.9848
 66  4.293         3.0039         2.0025
 67  4.393         3.0471         2.0239
 68  4.493         3.0883         2.0452
 69  4.593         3.1282         2.0709
 70  4.693         3.1669         2.0977
 71  4.793         3.2045         2.1236
 72  4.893         3.2409         2.1457
 73  4.993         3.2758         2.1643
 74  5.093         3.3096         2.1836
 75  5.193         3.3417         2.1946
 76  5.293         3.3721         2.2021
 77  5.393         3.4013         2.2142
 78  5.493         3.4295         2.2276
 79  5.593         3.4565         2.2365
 80  5.693         3.4825         2.2466
 81  5.793         3.5075         2.2559
 82  5.893         3.5317         2.2646
 83  5.993         3.5548         2.2709
 84  6.093         3.5771         2.2763
 85  6.193         3.5987         2.2844
 86  6.293         3.6196         2.2908
 87  6.393         3.6397         2.2956
 88  6.493         3.6591         2.3002
 89  6.593         3.6780         2.3064
 90  6.693         3.6963         2.3109
 91  6.793         3.7138         2.3112
 92  6.893         3.7308         2.3162
 93  6.993         3.7475         2.3232
 94  7.093         3.7639         2.3326
 95  7.193         3.7800         2.3399
 96  7.293         3.7958         2.3487
 97  7.393         3.8114         2.3608
 98  7.493         3.8271         2.3768
 99  7.593         3.8429         2.3954
100  7.693         3.8589         2.4177
101  7.793         3.8751         2.4384
102  7.893         3.8912         2.4516
103  7.993         3.9074         2.4716
104  8.093         3.9238         2.4939
105  8.193         3.9406         2.5181
106  8.293         3.9576         2.5426
107  8.393         3.9748         2.5629
108  8.493         3.9920         2.5819
109  8.593         4.0094         2.6038
110  8.693         4.0271         2.6286
111  8.793         4.0452         2.6565
112  8.893         4.0637         2.6843
113  8.993         4.0826         2.7119
114  9.093         4.1018         2.7361
115  9.193         4.1221         2.7815
116  9.293         4.1437         2.8293
117  9.393         4.1658         2.8628
118  9.493         4.1879         2.8831
119  9.593         4.2103         2.9110
120  9.693         4.2338         2.9557
121  9.793         4.2596         3.0200
122  9.893         4.2879         3.0884
123  9.993         4.3158         3.1101
124 10.093         4.3430         3.1266
125 10.193         4.3700         3.1504
126 10.293         4.3972         3.1796
127 10.393         4.4244         3.2086
128 10.493         4.4516         3.2338
129 10.593         4.4784         3.2557
130 10.693         4.5044         3.2683
131 10.793         4.5296         3.2808
132 10.893         4.5543         3.2976
133 10.993         4.5787         3.3156
134 11.093         4.6028         3.3351
135 11.193         4.6267         3.3549
136 11.293         4.6504         3.3758
137 11.393         4.6739         3.3957
138 11.493         4.6973         3.4177
139 11.593         4.7208         3.4421
140 11.693         4.7444         3.4671
141 11.793         4.7680         3.4914
142 11.893         4.7916         3.5149
143 11.993         4.8151         3.5377
144 12.093         4.8386         3.5606
145 12.193         4.8622         3.5852
146 12.293         4.8857         3.6078
147 12.393         4.9091         3.6276
148 12.493         4.9321         3.6450
149 12.593         4.9549         3.6628
150 12.693         4.9775         3.6825
151 12.793         5.0000         3.7041


#AGE= 9.000 BINS=153 Power-law IMF: x=-2.350
# N  sdss_r       Log10(N)       Log10(dN)
  1 -2.234        -0.5078        -0.5078
  2 -2.134        -0.3082        -0.7416
  3 -2.034        -0.1653        -0.7174
  4 -1.934        -0.0534        -0.6971
  5 -1.834         0.0334        -0.7088
  6 -1.734         0.1130        -0.6632
  7 -1.634         0.1820        -0.6506
  8 -1.534         0.2435        -0.6361
  9 -1.434         0.3042        -0.5806
 10 -1.334         0.3597        -0.5608
 11 -1.234         0.4111        -0.5410
 12 -1.134         0.4618        -0.4963
 13 -1.034         0.5109        -0.4605
 14 -0.934         0.5564        -0.4461
 15 -0.834         0.6010        -0.4093
 16 -0.734         0.6446        -0.3752
 17 -0.634         0.6858        -0.3579
 18 -0.534         0.7260        -0.3266
 19 -0.434         0.7664        -0.2857
 20 -0.334         0.8064        -0.2492
 21 -0.234         0.8456        -0.2182
 22 -0.134         0.8842        -0.1857
 23 -0.034         0.9266        -0.1052
 24  0.066         0.9792         0.0366
 25  0.166         1.0190        -0.0393
 26  0.266         1.0556        -0.0369
 27  0.366         1.0910        -0.0144
 28  0.466         1.1215        -0.0479
 29  0.566         1.2509         0.6618
 30  0.666         1.2816         0.1162
 31  0.766         1.3094         0.1016
 32  0.866         1.3363         0.1158
 33  0.966         1.3639         0.1521
 34  1.066         1.3922         0.1935
 35  1.166         1.4209         0.2267
 36  1.266         1.4501         0.2629
 37  1.366         1.4794         0.2943
 38  1.466         1.5092         0.3301
 39  1.566         1.5390         0.3612
 40  1.666         1.5693         0.3975
 41  1.766         1.5999         0.4330
 42  1.866         1.6307         0.4659
 43  1.966         1.6619         0.5024
 44  2.066         1.6936         0.5414
 45  2.166         1.7261         0.5840
 46  2.266         1.7597         0.6320
 47  2.366         1.7954         0.6923
 48  2.466         1.8341         0.7650
 49  2.566         1.8735         0.8114
 50  2.666         1.9111         0.8301
 51  2.766         1.9473         0.8496
 52  2.866         1.9818         0.8649
 53  2.966         2.0156         0.8898
 54  3.066         2.0497         0.9278
 55  3.166         2.0875         1.0083
 56  3.266         2.1569         1.3267
 57  3.366         2.3458         1.8933
 58  3.466         2.4261         1.6533
 59  3.566         2.4972         1.6760
 60  3.666         2.5636         1.7157
 61  3.766         2.6266         1.7570
 62  3.866         2.6861         1.7935
 63  3.966         2.7426         1.8286
 64  4.066         2.7974         1.8712
 65  4.166         2.8510         1.9161
 66  4.266         2.9014         1.9411
 67  4.366         2.9485         1.9607
 68  4.466         2.9933         1.9847
 69  4.566         3.0365         2.0120
 70  4.666         3.0782         2.0401
 71  4.766         3.1187         2.0681
 72  4.866         3.1575         2.0894
 73  4.966         3.1945         2.1069
 74  5.066         3.2301         2.1253
 75  5.166         3.2638         2.1379
 76  5.266         3.2959         2.1484
 77  5.366         3.3267         2.1619
 78  5.466         3.3564         2.1763
 79  5.566         3.3848         2.1873
 80  5.666         3.4122         2.1973
 81  5.766         3.4385         2.2079
 82  5.866         3.4638         2.2170
 83  5.966         3.4882         2.2247
 84  6.066         3.5115         2.2303
 85  6.166         3.5341         2.2386
 86  6.266         3.5559         2.2453
 87  6.366         3.5769         2.2519
 88  6.466         3.5972         2.2556
 89  6.566         3.6168         2.2625
 90  6.666         3.6358         2.2669
 91  6.766         3.6541         2.2694
 92  6.866         3.6717         2.2726
 93  6.966         3.6891         2.2808
 94  7.066         3.7060         2.2892
 95  7.166         3.7226         2.2976
 96  7.266         3.7389         2.3050
 97  7.366         3.7550         2.3161
 98  7.466         3.7711         2.3315
 99  7.566         3.7873         2.3509
100  7.666         3.8037         2.3713
101  7.766         3.8202         2.3915
102  7.866         3.8367         2.4094
103  7.966         3.8533         2.4275
104  8.066         3.8702         2.4510
105  8.166         3.8873         2.4748
106  8.266         3.9047         2.4974
107  8.366         3.9222         2.5189
108  8.466         3.9398         2.5396
109  8.566         3.9575         2.5594
110  8.666         3.9755         2.5835
111  8.766         3.9938         2.6104
112  8.866         4.0127         2.6399
113  8.966         4.0318         2.6660
114  9.066         4.0514         2.6967
115  9.166         4.0717         2.7309
116  9.266         4.0929         2.7717
117  9.366         4.1151         2.8112
118  9.466         4.1379         2.8470
119  9.566         4.1610         2.8767
120  9.666         4.1846         2.9080
121  9.766         4.2098         2.9606
122  9.866         4.2377         3.0307
123  9.966         4.2662         3.0688
124 10.066         4.2941         3.0895
125 10.166         4.3219         3.1139
126 10.266         4.3495         3.1388
127 10.366         4.3771         3.1670
128 10.466         4.4046         3.1926
129 10.566         4.4318         3.2142
130 10.666         4.4582         3.2282
131 10.766         4.4837         3.2410
132 10.866         4.5087         3.2553
133 10.966         4.5332         3.2725
134 11.066         4.5574         3.2913
135 11.166         4.5813         3.3113
136 11.266         4.6051         3.3318
137 11.366         4.6287         3.3526
138 11.466         4.6523         3.3746
139 11.566         4.6757         3.3954
140 11.666         4.6990         3.4175
141 11.766         4.7224         3.4416
142 11.866         4.7459         3.4679
143 11.966         4.7696         3.4955
144 12.066         4.7935         3.5206
145 12.166         4.8172         3.5427
146 12.266         4.8406         3.5615
147 12.366         4.8639         3.5812
148 12.466         4.8870         3.6018
149 12.566         4.9100         3.6216
150 12.666         4.9327         3.6406
151 12.766         4.9553         3.6591
152 12.866         4.9777         3.6789
153 12.966         5.0000         3.7003


#AGE=10.000 BINS=150 Power-law IMF: x=-2.350
# N  sdss_r       Log10(N)       Log10(dN)
  1 -2.118        -0.6220        -0.6220
  2 -2.018        -0.3585        -0.7005
  3 -1.918        -0.1959        -0.7012
  4 -1.818        -0.0716        -0.6758
  5 -1.718         0.0298        -0.6519
  6 -1.618         0.1159        -0.6290
  7 -1.518         0.1905        -0.6116
  8 -1.418         0.2593        -0.5748
  9 -1.318         0.3212        -0.5549
 10 -1.218         0.3802        -0.5161
 11 -1.118         0.4364        -0.4794
 12 -1.018         0.4889        -0.4552
 13 -0.918         0.5391        -0.4223
 14 -0.818         0.5871        -0.3932
 15 -0.718         0.6329        -0.3674
 16 -0.618         0.6772        -0.3363
 17 -0.518         0.7193        -0.3147
 18 -0.418         0.7616        -0.2710
 19 -0.318         0.8034        -0.2337
 20 -0.218         0.8444        -0.2010
 21 -0.118         0.8838        -0.1781
 22 -0.018         0.9259        -0.1082
 23  0.082         0.9776         0.0278
 24  0.182         1.0224         0.0134
 25  0.282         1.0609        -0.0104
 26  0.382         1.0970        -0.0016
 27  0.482         1.1318         0.0188
 28  0.582         1.2537         0.6423
 29  0.682         1.2925         0.2250
 30  0.782         1.3221         0.1402
 31  0.882         1.3497         0.1401
 32  0.982         1.3772         0.1642
 33  1.082         1.4057         0.2092
 34  1.182         1.4351         0.2513
 35  1.282         1.4645         0.2793
 36  1.382         1.4943         0.3168
 37  1.482         1.5244         0.3491
 38  1.582         1.5547         0.3837
 39  1.682         1.5851         0.4160
 40  1.782         1.6162         0.4555
 41  1.882         1.6474         0.4872
 42  1.982         1.6789         0.5238
 43  2.082         1.7109         0.5630
 44  2.182         1.7434         0.6010
 45  2.282         1.7769         0.6477
 46  2.382         1.8120         0.7021
 47  2.482         1.8500         0.7737
 48  2.582         1.8901         0.8348
 49  2.682         1.9288         0.8600
 50  2.782         1.9658         0.8782
 51  2.882         2.0012         0.8940
 52  2.982         2.0350         0.9099
 53  3.082         2.0682         0.9355
 54  3.182         2.1027         0.9852
 55  3.282         2.1432         1.0921
 56  3.382         2.2660         1.6576
 57  3.482         2.3919         1.7927
 58  3.582         2.4726         1.7018
 59  3.682         2.5446         1.7289
 60  3.782         2.6117         1.7676
 61  3.882         2.6750         1.8069
 62  3.982         2.7346         1.8431
 63  4.082         2.7911         1.8774
 64  4.182         2.8463         1.9230
 65  4.282         2.9003         1.9678
 66  4.382         2.9510         1.9931
 67  4.482         2.9989         2.0184
 68  4.582         3.0450         2.0481
 69  4.682         3.0892         2.0748
 70  4.782         3.1313         2.0969
 71  4.882         3.1714         2.1173
 72  4.982         3.2095         2.1338
 73  5.082         3.2460         2.1522
 74  5.182         3.2808         2.1670
 75  5.282         3.3139         2.1796
 76  5.382         3.3459         2.1968
 77  5.482         3.3766         2.2111
 78  5.582         3.4060         2.2213
 79  5.682         3.4342         2.2324
 80  5.782         3.4613         2.2433
 81  5.882         3.4874         2.2533
 82  5.982         3.5124         2.2602
 83  6.082         3.5364         2.2674
 84  6.182         3.5596         2.2757
 85  6.282         3.5820         2.2832
 86  6.382         3.6036         2.2886
 87  6.482         3.6243         2.2937
 88  6.582         3.6445         2.3005
 89  6.682         3.6639         2.3047
 90  6.782         3.6826         2.3065
 91  6.882         3.7007         2.3127
 92  6.982         3.7185         2.3212
 93  7.082         3.7359         2.3305
 94  7.182         3.7528         2.3357
 95  7.282         3.7695         2.3453
 96  7.382         3.7860         2.3573
 97  7.482         3.8025         2.3733
 98  7.582         3.8190         2.3925
 99  7.682         3.8359         2.4154
100  7.782         3.8527         2.4341
101  7.882         3.8697         2.4533
102  7.982         3.8868         2.4733
103  8.082         3.9042         2.4970
104  8.182         3.9217         2.5202
105  8.282         3.9395         2.5432
106  8.382         3.9574         2.5639
107  8.482         3.9754         2.5836
108  8.582         3.9936         2.6053
109  8.682         4.0120         2.6305
110  8.782         4.0308         2.6571
111  8.882         4.0499         2.6851
112  8.982         4.0694         2.7119
113  9.082         4.0896         2.7466
114  9.182         4.1105         2.7829
115  9.282         4.1321         2.8172
116  9.382         4.1543         2.8530
117  9.482         4.1774         2.8902
118  9.582         4.2012         2.9288
119  9.682         4.2257         2.9643
120  9.782         4.2517         3.0157
121  9.882         4.2799         3.0792
122  9.982         4.3084         3.1108
123 10.082         4.3371         3.1431
124 10.182         4.3654         3.1658
125 10.282         4.3934         3.1889
126 10.382         4.4215         3.2176
127 10.482         4.4492         3.2408
128 10.582         4.4764         3.2600
129 10.682         4.5028         3.2727
130 10.782         4.5284         3.2866
131 10.882         4.5534         3.3010
132 10.982         4.5779         3.3179
133 11.082         4.6021         3.3360
134 11.182         4.6261         3.3563
135 11.282         4.6499         3.3764
136 11.382         4.6735         3.3965
137 11.482         4.6969         3.4162
138 11.582         4.7202         3.4391
139 11.682         4.7437         3.4649
140 11.782         4.7673         3.4902
141 11.882         4.7909         3.5145
142 11.982         4.8145         3.5377
143 12.082         4.8380         3.5607
144 12.182         4.8617         3.5857
145 12.282         4.8853         3.6085
146 12.382         4.9087         3.6286
147 12.482         4.9318         3.6461
148 12.582         4.9546         3.6646
149 12.682         4.9773         3.6846
150 12.782         5.0000         3.7062


#AGE=11.000 BINS=151 Power-law IMF: x=-2.350
# N  sdss_r       Log10(N)       Log10(dN)
  1 -2.075        -0.6914        -0.6914
  2 -1.975        -0.4148        -0.7418
  3 -1.875        -0.2540        -0.7634
  4 -1.775        -0.1216        -0.7019
  5 -1.675        -0.0217        -0.7090
  6 -1.575         0.0664        -0.6701
  7 -1.475         0.1404        -0.6641
  8 -1.375         0.2105        -0.6163
  9 -1.275         0.2742        -0.5909
 10 -1.175         0.3333        -0.5625
 11 -1.075         0.3892        -0.5282
 12 -0.975         0.4420        -0.4998
 13 -0.875         0.4930        -0.4625
 14 -0.775         0.5403        -0.4459
 15 -0.675         0.5868        -0.4067
 16 -0.575         0.6325        -0.3680
 17 -0.475         0.6745        -0.3612
 18 -0.375         0.7169        -0.3145
 19 -0.275         0.7590        -0.2753
 20 -0.175         0.8000        -0.2452
 21 -0.075         0.8399        -0.2162
 22  0.025         0.8821        -0.1516
 23  0.125         0.9329        -0.0238
 24  0.225         0.9777        -0.0311
 25  0.325         1.0163        -0.0540
 26  0.425         1.0529        -0.0401
 27  0.525         1.0894        -0.0045
 28  0.625         1.2132         0.6079
 29  0.725         1.2474         0.1267
 30  0.825         1.2778         0.1068
 31  0.925         1.3060         0.1052
 32  1.025         1.3335         0.1211
 33  1.125         1.3622         0.1677
 34  1.225         1.3917         0.2098
 35  1.325         1.4215         0.2431
 36  1.425         1.4515         0.2753
 37  1.525         1.4817         0.3090
 38  1.625         1.5123         0.3452
 39  1.725         1.5431         0.3785
 40  1.825         1.5743         0.4147
 41  1.925         1.6055         0.4476
 42  2.025         1.6372         0.4847
 43  2.125         1.6696         0.5253
 44  2.225         1.7021         0.5610
 45  2.325         1.7356         0.6057
 46  2.425         1.7708         0.6619
 47  2.525         1.8084         0.7279
 48  2.625         1.8490         0.7988
 49  2.725         1.8879         0.8214
 50  2.825         1.9252         0.8403
 51  2.925         1.9609         0.8583
 52  3.025         1.9950         0.8733
 53  3.125         2.0283         0.8961
 54  3.225         2.0621         0.9369
 55  3.325         2.0995         1.0149
 56  3.425         2.1537         1.2238
 57  3.525         2.3073         1.7811
 58  3.625         2.3995         1.6812
 59  3.725         2.4761         1.6847
 60  3.825         2.5462         1.7195
 61  3.925         2.6117         1.7583
 62  4.025         2.6737         1.7976
 63  4.125         2.7322         1.8329
 64  4.225         2.7890         1.8772
 65  4.325         2.8449         1.9269
 66  4.425         2.8988         1.9658
 67  4.525         2.9493         1.9897
 68  4.625         2.9968         2.0126
 69  4.725         3.0419         2.0357
 70  4.825         3.0845         2.0549
 71  4.925         3.1249         2.0730
 72  5.025         3.1634         2.0926
 73  5.125         3.2004         2.1124
 74  5.225         3.2357         2.1278
 75  5.325         3.2696         2.1461
 76  5.425         3.3024         2.1633
 77  5.525         3.3335         2.1739
 78  5.625         3.3634         2.1863
 79  5.725         3.3921         2.1972
 80  5.825         3.4197         2.2090
 81  5.925         3.4462         2.2182
 82  6.025         3.4715         2.2251
 83  6.125         3.4959         2.2333
 84  6.225         3.5195         2.2422
 85  6.325         3.5421         2.2486
 86  6.425         3.5640         2.2544
 87  6.525         3.5850         2.2603
 88  6.625         3.6054         2.2662
 89  6.725         3.6250         2.2696
 90  6.825         3.6439         2.2743
 91  6.925         3.6624         2.2812
 92  7.025         3.6805         2.2910
 93  7.125         3.6981         2.2983
 94  7.225         3.7153         2.3048
 95  7.325         3.7323         2.3150
 96  7.425         3.7491         2.3283
 97  7.525         3.7660         2.3473
 98  7.625         3.7830         2.3683
 99  7.725         3.8003         2.3912
100  7.825         3.8176         2.4094
101  7.925         3.8350         2.4297
102  8.025         3.8526         2.4518
103  8.125         3.8705         2.4755
104  8.225         3.8885         2.4988
105  8.325         3.9068         2.5208
106  8.425         3.9251         2.5411
107  8.525         3.9435         2.5617
108  8.625         3.9621         2.5835
109  8.725         3.9810         2.6105
110  8.825         4.0003         2.6381
111  8.925         4.0199         2.6656
112  9.025         4.0399         2.6933
113  9.125         4.0608         2.7325
114  9.225         4.0824         2.7678
115  9.325         4.1045         2.8013
116  9.425         4.1274         2.8371
117  9.525         4.1510         2.8750
118  9.625         4.1755         2.9136
119  9.725         4.2007         2.9530
120  9.825         4.2282         3.0155
121  9.925         4.2568         3.0619
122 10.025         4.2855         3.0908
123 10.125         4.3149         3.1304
124 10.225         4.3435         3.1476
125 10.325         4.3719         3.1744
126 10.425         4.4002         3.1990
127 10.525         4.4280         3.2203
128 10.625         4.4550         3.2364
129 10.725         4.4813         3.2493
130 10.825         4.5066         3.2607
131 10.925         4.5316         3.2779
132 11.025         4.5561         3.2953
133 11.125         4.5802         3.3135
134 11.225         4.6041         3.3329
135 11.325         4.6278         3.3527
136 11.425         4.6513         3.3734
137 11.525         4.6748         3.3954
138 11.625         4.6981         3.4165
139 11.725         4.7214         3.4398
140 11.825         4.7449         3.4658
141 11.925         4.7686         3.4936
142 12.025         4.7924         3.5193
143 12.125         4.8161         3.5419
144 12.225         4.8396         3.5615
145 12.325         4.8630         3.5827
146 12.425         4.8863         3.6040
147 12.525         4.9094         3.6240
148 12.625         4.9323         3.6428
149 12.725         4.9550         3.6614
150 12.825         4.9775         3.6813
151 12.925         5.0000         3.7027


#AGE=12.000 BINS=152 Power-law IMF: x=-2.350
# N  sdss_r       Log10(N)       Log10(dN)
  1 -2.042        -0.7070        -0.7070
  2 -1.942        -0.4578        -0.8177
  3 -1.842        -0.2849        -0.7686
  4 -1.742        -0.1588        -0.7574
  5 -1.642        -0.0620        -0.7615
  6 -1.542         0.0269        -0.7052
  7 -1.442         0.1007        -0.7058
  8 -1.342         0.1712        -0.6528
  9 -1.242         0.2322        -0.6508
 10 -1.142         0.2919        -0.5993
 11 -1.042         0.3465        -0.5810
 12 -0.942         0.4011        -0.5263
 13 -0.842         0.4519        -0.5053
 14 -0.742         0.4996        -0.4830
 15 -0.642         0.5458        -0.4503
 16 -0.542         0.5909        -0.4155
 17 -0.442         0.6340        -0.3904
 18 -0.342         0.6756        -0.3642
 19 -0.242         0.7173        -0.3209
 20 -0.142         0.7584        -0.2856
 21 -0.042         0.7992        -0.2479
 22  0.058         0.8389        -0.2204
 23  0.158         0.8926        -0.0414
 24  0.258         0.9361        -0.0845
 25  0.358         0.9750        -0.0922
 26  0.458         1.0119        -0.0774
 27  0.558         1.0447        -0.0935
 28  0.658         1.1645         0.5467
 29  0.758         1.2055         0.1598
 30  0.858         1.2373         0.0859
 31  0.958         1.2654         0.0632
 32  1.058         1.2930         0.0824
 33  1.158         1.3218         0.1283
 34  1.258         1.3515         0.1718
 35  1.358         1.3815         0.2059
 36  1.458         1.4117         0.2396
 37  1.558         1.4422         0.2739
 38  1.658         1.4728         0.3056
 39  1.758         1.5038         0.3416
 40  1.858         1.5352         0.3783
 41  1.958         1.5666         0.4110
 42  2.058         1.5985         0.4479
 43  2.158         1.6308         0.4868
 44  2.258         1.6634         0.5223
 45  2.358         1.6969         0.5669
 46  2.458         1.7318         0.6196
 47  2.558         1.7689         0.6828
 48  2.658         1.8097         0.7619
 49  2.758         1.8491         0.7875
 50  2.858         1.8867         0.8049
 51  2.958         1.9226         0.8226
 52  3.058         1.9567         0.8352
 53  3.158         1.9899         0.8558
 54  3.258         2.0230         0.8885
 55  3.358         2.0580         0.9479
 56  3.458         2.1008         1.0733
 57  3.558         2.2027         1.5229
 58  3.658         2.3229         1.7065
 59  3.758         2.4058         1.6458
 60  3.858         2.4799         1.6751
 61  3.958         2.5488         1.7156
 62  4.058         2.6139         1.7576
 63  4.158         2.6758         1.7985
 64  4.258         2.7346         1.8377
 65  4.358         2.7924         1.8875
 66  4.458         2.8483         1.9306
 67  4.558         2.9003         1.9529
 68  4.658         2.9488         1.9722
 69  4.758         2.9942         1.9909
 70  4.858         3.0371         2.0109
 71  4.958         3.0780         2.0321
 72  5.058         3.1174         2.0547
 73  5.158         3.1551         2.0747
 74  5.258         3.1913         2.0942
 75  5.358         3.2261         2.1131
 76  5.458         3.2594         2.1277
 77  5.558         3.2912         2.1401
 78  5.658         3.3217         2.1521
 79  5.758         3.3509         2.1643
 80  5.858         3.3789         2.1755
 81  5.958         3.4058         2.1840
 82  6.058         3.4316         2.1920
 83  6.158         3.4564         2.2016
 84  6.258         3.4803         2.2092
 85  6.358         3.5034         2.2165
 86  6.458         3.5255         2.2215
 87  6.558         3.5469         2.2289
 88  6.658         3.5675         2.2340
 89  6.758         3.5874         2.2373
 90  6.858         3.6066         2.2435
 91  6.958         3.6254         2.2530
 92  7.058         3.6438         2.2614
 93  7.158         3.6617         2.2664
 94  7.258         3.6791         2.2747
 95  7.358         3.6964         2.2868
 96  7.458         3.7135         2.3017
 97  7.558         3.7308         2.3225
 98  7.658         3.7483         2.3444
 99  7.758         3.7660         2.3670
100  7.858         3.7837         2.3861
101  7.958         3.8016         2.4073
102  8.058         3.8197         2.4296
103  8.158         3.8380         2.4533
104  8.258         3.8565         2.4776
105  8.358         3.8751         2.4979
106  8.458         3.8938         2.5183
107  8.558         3.9126         2.5397
108  8.658         3.9316         2.5632
109  8.758         3.9510         2.5906
110  8.858         3.9707         2.6186
111  8.958         3.9908         2.6453
112  9.058         4.0114         2.6765
113  9.158         4.0329         2.7168
114  9.258         4.0549         2.7502
115  9.358         4.0776         2.7839
116  9.458         4.1010         2.8204
117  9.558         4.1252         2.8601
118  9.658         4.1504         2.9009
119  9.758         4.1767         2.9452
120  9.858         4.2046         2.9996
121  9.958         4.2332         3.0376
122 10.058         4.2627         3.0802
123 10.158         4.2924         3.1121
124 10.258         4.3214         3.1312
125 10.358         4.3501         3.1563
126 10.458         4.3785         3.1795
127 10.558         4.4063         3.1995
128 10.658         4.4334         3.2138
129 10.758         4.4593         3.2234
130 10.858         4.4847         3.2390
131 10.958         4.5096         3.2553
132 11.058         4.5341         3.2725
133 11.158         4.5582         3.2914
134 11.258         4.5821         3.3108
135 11.358         4.6058         3.3306
136 11.458         4.6292         3.3491
137 11.558         4.6525         3.3704
138 11.658         4.6759         3.3957
139 11.758         4.6994         3.4205
140 11.858         4.7229         3.4448
141 11.958         4.7464         3.4688
142 12.058         4.7701         3.4945
143 12.158         4.7938         3.5198
144 12.258         4.8175         3.5419
145 12.358         4.8409         3.5608
146 12.458         4.8641         3.5798
147 12.558         4.8871         3.5998
148 12.658         4.9099         3.6199
149 12.758         4.9327         3.6398
150 12.858         4.9552         3.6592
151 12.958         4.9776         3.6795
152 13.058         5.0000         3.7007


#AGE=13.000 BINS=150 Power-law IMF: x=-2.350
# N  sdss_r       Log10(N)       Log10(dN)
  1 -2.069        -0.4699        -0.4699
  2 -1.969        -0.2620        -0.6819
  3 -1.869        -0.1376        -0.7412
  4 -1.769        -0.0403        -0.7377
  5 -1.669         0.0442        -0.7085
  6 -1.569         0.1186        -0.6839
  7 -1.469         0.1831        -0.6771
  8 -1.369         0.2440        -0.6394
  9 -1.269         0.3009        -0.6100
 10 -1.169         0.3548        -0.5777
 11 -1.069         0.4059        -0.5487
 12 -0.969         0.4542        -0.5234
 13 -0.869         0.5013        -0.4876
 14 -0.769         0.5480        -0.4433
 15 -0.669         0.5920        -0.4242
 16 -0.569         0.6352        -0.3888
 17 -0.469         0.6760        -0.3706
 18 -0.369         0.7151        -0.3501
 19 -0.269         0.7558        -0.2922
 20 -0.169         0.7960        -0.2583
 21 -0.069         0.8351        -0.2296
 22  0.031         0.8731        -0.2042
 23  0.131         0.9171        -0.0992
 24  0.231         0.9649        -0.0171
 25  0.331         1.0059        -0.0387
 26  0.431         1.0429        -0.0455
 27  0.531         1.0781        -0.0310
 28  0.631         1.1112        -0.0227
 29  0.731         1.2308         0.6122
 30  0.831         1.2661         0.1596
 31  0.931         1.2969         0.1315
 32  1.031         1.3248         0.1188
 33  1.131         1.3523         0.1401
 34  1.231         1.3813         0.1911
 35  1.331         1.4111         0.2328
 36  1.431         1.4414         0.2704
 37  1.531         1.4714         0.2952
 38  1.631         1.5019         0.3344
 39  1.731         1.5325         0.3646
 40  1.831         1.5634         0.4000
 41  1.931         1.5948         0.4387
 42  2.031         1.6263         0.4709
 43  2.131         1.6583         0.5092
 44  2.231         1.6906         0.5469
 45  2.331         1.7233         0.5833
 46  2.431         1.7569         0.6287
 47  2.531         1.7922         0.6845
 48  2.631         1.8304         0.7558
 49  2.731         1.8712         0.8236
 50  2.831         1.9102         0.8445
 51  2.931         1.9473         0.8603
 52  3.031         1.9827         0.8771
 53  3.131         2.0166         0.8912
 54  3.231         2.0494         0.9122
 55  3.331         2.0825         0.9475
 56  3.431         2.1178         1.0100
 57  3.531         2.1612         1.1397
 58  3.631         2.2551         1.5440
 59  3.731         2.3707         1.7393
 60  3.831         2.4556         1.7050
 61  3.931         2.5312         1.7348
 62  4.031         2.6018         1.7779
 63  4.131         2.6684         1.8212
 64  4.231         2.7313         1.8608
 65  4.331         2.7904         1.8955
 66  4.431         2.8479         1.9409
 67  4.531         2.9029         1.9782
 68  4.631         2.9538         1.9981
 69  4.731         3.0012         2.0158
 70  4.831         3.0459         2.0363
 71  4.931         3.0887         2.0607
 72  5.031         3.1298         2.0851
 73  5.131         3.1692         2.1078
 74  5.231         3.2071         2.1291
 75  5.331         3.2436         2.1500
 76  5.431         3.2784         2.1649
 77  5.531         3.3116         2.1787
 78  5.631         3.3434         2.1918
 79  5.731         3.3739         2.2053
 80  5.831         3.4031         2.2167
 81  5.931         3.4311         2.2260
 82  6.031         3.4578         2.2343
 83  6.131         3.4836         2.2443
 84  6.231         3.5085         2.2533
 85  6.331         3.5323         2.2606
 86  6.431         3.5553         2.2663
 87  6.531         3.5773         2.2723
 88  6.631         3.5987         2.2794
 89  6.731         3.6192         2.2844
 90  6.831         3.6391         2.2897
 91  6.931         3.6585         2.2990
 92  7.031         3.6774         2.3077
 93  7.131         3.6958         2.3117
 94  7.231         3.7137         2.3197
 95  7.331         3.7313         2.3313
 96  7.431         3.7488         2.3459
 97  7.531         3.7664         2.3655
 98  7.631         3.7843         2.3890
 99  7.731         3.8023         2.4106
100  7.831         3.8204         2.4313
101  7.931         3.8386         2.4521
102  8.031         3.8569         2.4740
103  8.131         3.8755         2.4973
104  8.231         3.8943         2.5221
105  8.331         3.9133         2.5438
106  8.431         3.9323         2.5644
107  8.531         3.9514         2.5853
108  8.631         3.9707         2.6076
109  8.731         3.9903         2.6347
110  8.831         4.0102         2.6626
111  8.931         4.0305         2.6905
112  9.031         4.0512         2.7186
113  9.131         4.0728         2.7586
114  9.231         4.0951         2.7938
115  9.331         4.1179         2.8280
116  9.431         4.1415         2.8642
117  9.531         4.1658         2.9021
118  9.631         4.1909         2.9398
119  9.731         4.2170         2.9828
120  9.831         4.2446         3.0342
121  9.931         4.2732         3.0777
122 10.031         4.3027         3.1204
123 10.131         4.3331         3.1632
124 10.231         4.3627         3.1801
125 10.331         4.3918         3.2041
126 10.431         4.4206         3.2274
127 10.531         4.4488         3.2482
128 10.631         4.4762         3.2616
129 10.731         4.5027         3.2749
130 10.831         4.5284         3.2876
131 10.931         4.5535         3.3036
132 11.031         4.5782         3.3202
133 11.131         4.6025         3.3380
134 11.231         4.6264         3.3565
135 11.331         4.6502         3.3759
136 11.431         4.6737         3.3960
137 11.531         4.6971         3.4169
138 11.631         4.7204         3.4376
139 11.731         4.7437         3.4621
140 11.831         4.7672         3.4899
141 11.931         4.7910         3.5163
142 12.031         4.8147         3.5400
143 12.131         4.8382         3.5613
144 12.231         4.8618         3.5844
145 12.331         4.8853         3.6067
146 12.431         4.9086         3.6271
147 12.531         4.9317         3.6457
148 12.631         4.9546         3.6648
149 12.731         4.9773         3.6851
150 12.831         5.0000         3.7065
