#NUMBER OF AGES=15
#----------------------------------------------------       
#MIX-LEN  Y      Z          Zeff        [Fe/H] [a/Fe]       
# 1.9380  0.2461 6.6437E-04 6.6437E-04  -1.40   0.00        
#----------------------------------------------------       
#**PHOTOMETRIC SYSTEM**: SDSS (AB)                          
#----------------------------------------------------       
#AGE= 0.010 BINS=130 Power-law IMF: x=-2.350
# N  sdss_r       Log10(N)       Log10(dN)
  1 -1.726            NaN         0.0000
  2 -1.627            NaN         0.0000
  3 -1.527            NaN         1.2885
  4 -1.427            NaN         1.3340
  5 -1.326         1.2744         1.2943
  6 -1.226         1.5901         1.3033
  7 -1.127         1.7810         1.3320
  8 -1.027         1.7437         1.3320
  9 -0.927         1.4727         1.3320
 10 -0.826         1.6160         1.0645
 11 -0.726         1.8735         1.5241
 12 -0.627         2.0510         1.5768
 13 -0.527         2.1817         1.5963
 14 -0.427         2.2827         1.5998
 15 -0.326         2.3633         1.5920
 16 -0.226         2.4290         1.5769
 17 -0.127         2.4845         1.5631
 18 -0.027         2.5371         1.5949
 19  0.073         2.5903         1.6519
 20  0.174         2.6459         1.7256
 21  0.274         2.7025         1.7894
 22  0.373         2.7507         1.7722
 23  0.473         2.8002         1.8321
 24  0.573         2.8509         1.8938
 25  0.674         2.8953         1.8828
 26  0.774         2.9357         1.8839
 27  0.873         2.9743         1.9045
 28  0.973         3.0109         1.9174
 29  1.073         3.0464         1.9418
 30  1.174         3.0817         1.9737
 31  1.274         3.1173         2.0133
 32  1.373         3.1519         2.0363
 33  1.473         3.1817         2.0035
 34  1.573         3.2088         1.9910
 35  1.674         3.2384         2.0567
 36  1.774         3.2635         2.0133
 37  1.873         3.3720         2.7165
 38  1.973         3.4340         2.5576
 39  2.074         3.4757         2.4373
 40  2.174         3.4950         2.1350
 41  2.274         3.5129         2.1175
 42  2.373         3.5302         2.1220
 43  2.473         3.5468         2.1201
 44  2.574         3.5631         2.1310
 45  2.674         3.5798         2.1563
 46  2.774         3.5967         2.1786
 47  2.873         3.6138         2.2007
 48  2.973         3.6312         2.2246
 49  3.074         3.6488         2.2472
 50  3.174         3.6667         2.2741
 51  3.274         3.6845         2.2865
 52  3.373         3.7014         2.2841
 53  3.474         3.7180         2.2915
 54  3.574         3.7337         2.2844
 55  3.674         3.7458         2.1834
 56  3.774         3.7579         2.1981
 57  3.873         3.7701         2.2130
 58  3.974         3.7824         2.2283
 59  4.074         3.7948         2.2439
 60  4.174         3.8073         2.2599
 61  4.274         3.8199         2.2761
 62  4.373         3.8326         2.2927
 63  4.474         3.8454         2.3097
 64  4.574         3.8584         2.3270
 65  4.674         3.8715         2.3452
 66  4.774         3.8848         2.3625
 67  4.873         3.8981         2.3770
 68  4.974         3.9113         2.3887
 69  5.074         3.9244         2.3974
 70  5.174         3.9373         2.4037
 71  5.274         3.9502         2.4162
 72  5.373         3.9630         2.4270
 73  5.474         3.9756         2.4328
 74  5.574         3.9879         2.4333
 75  5.674         3.9997         2.4285
 76  5.774         4.0110         2.4210
 77  5.873         4.0220         2.4183
 78  5.974         4.0328         2.4219
 79  6.074         4.0435         2.4320
 80  6.174         4.0544         2.4484
 81  6.274         4.0654         2.4620
 82  6.373         4.0724         2.2753
 83  6.474         4.0758         1.9688
 84  6.574         4.0810         2.1631
 85  6.674         4.0880         2.2872
 86  6.774         4.0963         2.3729
 87  6.874         4.1032         2.3056
 88  6.974         4.1090         2.2281
 89  7.074         4.1183         2.4437
 90  7.174         4.1280         2.4752
 91  7.274         4.1388         2.5288
 92  7.373         4.1505         2.5737
 93  7.474         4.1629         2.6123
 94  7.574         4.1759         2.6458
 95  7.674         4.1915         2.7382
 96  7.774         4.2437         3.2975
 97  7.873         4.2940         3.3328
 98  7.974         4.3401         3.3439
 99  8.074         4.3810         3.3347
100  8.174         4.4197         3.3498
101  8.274         4.4543         3.3391
102  8.373         4.4844         3.3093
103  8.474         4.5105         3.2765
104  8.574         4.5337         3.2496
105  8.674         4.5541         3.2175
106  8.774         4.5727         3.1947
107  8.873         4.5905         3.1925
108  8.974         4.6086         3.2206
109  9.074         4.6283         3.2759
110  9.174         4.6493         3.3222
111  9.274         4.6684         3.3037
112  9.373         4.6863         3.2923
113  9.474         4.7052         3.3336
114  9.574         4.7237         3.3437
115  9.674         4.7417         3.3513
116  9.774         4.7594         3.3602
117  9.873         4.7768         3.3706
118  9.974         4.7940         3.3826
119 10.074         4.8110         3.3961
120 10.174         4.8280         3.4113
121 10.274         4.8449         3.4281
122 10.373         4.8620         3.4466
123 10.474         4.8790         3.4643
124 10.574         4.8958         3.4762
125 10.674         4.9126         3.4914
126 10.774         4.9295         3.5109
127 10.873         4.9467         3.5348
128 10.974         4.9643         3.5626
129 11.074         4.9821         3.5875
130 11.174         5.0000         3.6056


#AGE= 0.100 BINS=128 Power-law IMF: x=-2.350
# N  sdss_r       Log10(N)       Log10(dN)
  1 -1.415            NaN         3.6056
  2 -1.315            NaN         3.6056
  3 -1.215            NaN         0.8261
  4 -1.115            NaN         1.3366
  5 -1.015            NaN         1.2972
  6 -0.915            NaN         1.3378
  7 -0.815         0.3952         1.3390
  8 -0.715            NaN         1.3390
  9 -0.615            NaN         0.9874
 10 -0.515        -0.3959         1.5491
 11 -0.415         1.6120         1.6077
 12 -0.315         1.9193         1.6245
 13 -0.215         2.0969         1.6226
 14 -0.115         2.2193         1.6096
 15 -0.015         2.3108         1.5895
 16  0.085         2.3884         1.6022
 17  0.185         2.4612         1.6497
 18  0.285         2.5360         1.7351
 19  0.385         2.6081         1.7925
 20  0.485         2.6761         1.8374
 21  0.585         2.7487         1.9361
 22  0.685         2.8094         1.9245
 23  0.785         2.8614         1.9142
 24  0.885         2.9085         1.9206
 25  0.985         2.9514         1.9244
 26  1.085         2.9915         1.9370
 27  1.185         3.0299         1.9572
 28  1.285         3.0675         1.9865
 29  1.385         3.1052         2.0256
 30  1.485         3.1429         2.0622
 31  1.585         3.1751         2.0298
 32  1.685         3.2039         2.0102
 33  1.785         3.2367         2.0986
 34  1.885         3.2597         1.9731
 35  1.985         3.3918         2.8103
 36  2.085         3.4199         2.2168
 37  2.185         3.4640         2.4488
 38  2.285         3.4847         2.1537
 39  2.385         3.5034         2.1279
 40  2.485         3.5213         2.1265
 41  2.585         3.5384         2.1259
 42  2.685         3.5551         2.1316
 43  2.785         3.5720         2.1537
 44  2.885         3.5891         2.1768
 45  2.985         3.6064         2.1982
 46  3.085         3.6240         2.2217
 47  3.185         3.6417         2.2443
 48  3.285         3.6598         2.2709
 49  3.385         3.6777         2.2833
 50  3.485         3.6948         2.2814
 51  3.585         3.7116         2.2903
 52  3.685         3.7266         2.2573
 53  3.785         3.7388         2.1828
 54  3.885         3.7511         2.1973
 55  3.985         3.7635         2.2121
 56  4.085         3.7760         2.2272
 57  4.185         3.7885         2.2426
 58  4.285         3.8011         2.2583
 59  4.385         3.8139         2.2744
 60  4.485         3.8267         2.2909
 61  4.585         3.8396         2.3076
 62  4.685         3.8527         2.3248
 63  4.785         3.8659         2.3425
 64  4.885         3.8793         2.3605
 65  4.985         3.8927         2.3759
 66  5.085         3.9061         2.3883
 67  5.185         3.9193         2.3976
 68  5.285         3.9324         2.4038
 69  5.385         3.9454         2.4153
 70  5.485         3.9584         2.4266
 71  5.585         3.9711         2.4324
 72  5.685         3.9835         2.4329
 73  5.785         3.9954         2.4277
 74  5.885         4.0068         2.4201
 75  5.985         4.0179         2.4182
 76  6.085         4.0288         2.4230
 77  6.185         4.0397         2.4346
 78  6.285         4.0508         2.4516
 79  6.385         4.0618         2.4630
 80  6.485         4.0729         2.4744
 81  6.585         4.0792         2.2391
 82  6.685         4.0799         1.2619
 83  6.785         4.0841         2.0640
 84  6.885         4.0909         2.2837
 85  6.985         4.0966         2.2089
 86  7.085         4.1036         2.3094
 87  7.185         4.1130         2.4416
 88  7.285         4.1238         2.5173
 89  7.385         4.1358         2.5717
 90  7.485         4.1487         2.6151
 91  7.585         4.1623         2.6508
 92  7.685         4.1765         2.6843
 93  7.785         4.1922         2.7407
 94  7.885         4.2082         2.7668
 95  7.985         4.2603         3.3139
 96  8.085         4.3095         3.3389
 97  8.185         4.3559         3.3615
 98  8.285         4.3996         3.3809
 99  8.385         4.4378         3.3630
100  8.485         4.4706         3.3320
101  8.585         4.4988         3.2970
102  8.685         4.5228         3.2548
103  8.785         4.5438         3.2171
104  8.885         4.5629         3.1977
105  8.985         4.5818         3.2091
106  9.085         4.6020         3.2608
107  9.185         4.6239         3.3143
108  9.285         4.6441         3.3024
109  9.385         4.6624         3.2791
110  9.485         4.6819         3.3233
111  9.585         4.7012         3.3387
112  9.685         4.7202         3.3532
113  9.785         4.7388         3.3610
114  9.885         4.7570         3.3696
115  9.985         4.7748         3.3794
116 10.085         4.7924         3.3907
117 10.185         4.8098         3.4036
118 10.285         4.8271         3.4180
119 10.385         4.8443         3.4340
120 10.485         4.8615         3.4517
121 10.585         4.8788         3.4694
122 10.685         4.8958         3.4815
123 10.785         4.9128         3.4961
124 10.885         4.9298         3.5144
125 10.985         4.9470         3.5365
126 11.085         4.9646         3.5617
127 11.185         4.9823         3.5842
128 11.285         5.0000         3.6019


#AGE= 1.000 BINS=135 Power-law IMF: x=-2.350
# N  sdss_r       Log10(N)       Log10(dN)
  1 -1.001         0.0755         0.0755
  2 -0.901         0.3892         0.1004
  3 -0.801         0.5722         0.1085
  4 -0.701         0.7028         0.1173
  5 -0.601         0.8041         0.1223
  6 -0.501         0.8873         0.1285
  7 -0.401         0.9575         0.1320
  8 -0.301         1.0181         0.1326
  9 -0.201         1.0710         0.1303
 10 -0.101         1.1175         0.1246
 11 -0.001         1.1591         0.1199
 12  0.099         1.1962         0.1094
 13  0.199         1.2301         0.1056
 14  0.299         1.2609         0.0966
 15  0.399         1.3475         0.6042
 16  0.499         1.4442         0.7443
 17  0.599         1.5214         0.7336
 18  0.699         1.5693         0.5877
 19  0.799         1.6015         0.4560
 20  0.899         1.6370         0.5317
 21  0.999         1.6685         0.5127
 22  1.099         1.6840         0.2314
 23  1.199         1.6898        -0.1932
 24  1.299         1.8976         1.4777
 25  1.399         2.0539         1.5343
 26  1.499         2.1672         1.5282
 27  1.599         2.2646         1.5676
 28  1.699         2.3527         1.6165
 29  1.799         2.4305         1.6456
 30  1.899         2.5041         1.6968
 31  1.999         2.5847         1.8134
 32  2.099         2.6628         1.8793
 33  2.199         2.7356         1.9239
 34  2.299         2.8048         1.9729
 35  2.399         2.8703         2.0163
 36  2.499         2.9151         1.9063
 37  2.599         2.9814         2.1329
 38  2.699         3.0334         2.0859
 39  2.799         3.0781         2.0685
 40  2.899         3.1226         2.1108
 41  2.999         3.1638         2.1205
 42  3.099         3.2017         2.1243
 43  3.199         3.2365         2.1223
 44  3.299         3.2670         2.0989
 45  3.399         3.2948         2.0863
 46  3.499         3.3214         2.0956
 47  3.599         3.3462         2.0913
 48  3.699         3.3694         2.0844
 49  3.799         3.3934         2.1237
 50  3.899         3.4165         2.1317
 51  3.999         3.4388         2.1375
 52  4.099         3.4604         2.1463
 53  4.199         3.4816         2.1600
 54  4.299         3.5023         2.1703
 55  4.399         3.5228         2.1860
 56  4.499         3.5430         2.2004
 57  4.599         3.5626         2.2086
 58  4.699         3.5823         2.2279
 59  4.799         3.6024         2.2594
 60  4.899         3.6221         2.2683
 61  4.999         3.6413         2.2776
 62  5.099         3.6601         2.2865
 63  5.199         3.6784         2.2951
 64  5.299         3.6964         2.3034
 65  5.399         3.7139         2.3113
 66  5.499         3.7311         2.3189
 67  5.599         3.7478         2.3262
 68  5.699         3.7642         2.3331
 69  5.799         3.7803         2.3396
 70  5.899         3.7960         2.3459
 71  5.999         3.8113         2.3517
 72  6.099         3.8263         2.3572
 73  6.199         3.8410         2.3623
 74  6.299         3.8553         2.3674
 75  6.399         3.8694         2.3732
 76  6.499         3.8832         2.3792
 77  6.599         3.8968         2.3859
 78  6.699         3.9102         2.3924
 79  6.799         3.9233         2.3951
 80  6.899         3.9360         2.3946
 81  6.999         3.9484         2.3997
 82  7.099         3.9608         2.4104
 83  7.199         3.9731         2.4193
 84  7.299         3.9853         2.4282
 85  7.399         3.9973         2.4311
 86  7.499         4.0091         2.4397
 87  7.599         4.0210         2.4519
 88  7.699         4.0330         2.4687
 89  7.799         4.0454         2.4936
 90  7.899         4.0581         2.5190
 91  7.999         4.0710         2.5366
 92  8.099         4.0841         2.5572
 93  8.199         4.0977         2.5867
 94  8.299         4.1118         2.6171
 95  8.399         4.1267         2.6537
 96  8.499         4.1422         2.6869
 97  8.599         4.1577         2.7014
 98  8.699         4.1746         2.7560
 99  8.799         4.1932         2.8180
100  8.899         4.2137         2.8758
101  8.999         4.2356         2.9270
102  9.099         4.2583         2.9664
103  9.199         4.2813         2.9930
104  9.299         4.3040         3.0108
105  9.399         4.3274         3.0469
106  9.499         4.3492         3.0409
107  9.599         4.3724         3.0873
108  9.699         4.3983         3.1606
109  9.799         4.4255         3.2099
110  9.899         4.4541         3.2573
111  9.999         4.4827         3.2871
112 10.099         4.5103         3.3001
113 10.199         4.5375         3.3210
114 10.299         4.5644         3.3435
115 10.399         4.5909         3.3633
116 10.499         4.6169         3.3802
117 10.599         4.6421         3.3941
118 10.699         4.6666         3.4052
119 10.799         4.6905         3.4188
120 10.899         4.7138         3.4329
121 10.999         4.7366         3.4455
122 11.099         4.7588         3.4564
123 11.199         4.7804         3.4657
124 11.299         4.8013         3.4734
125 11.399         4.8216         3.4817
126 11.499         4.8414         3.4901
127 11.599         4.8607         3.4980
128 11.699         4.8794         3.5054
129 11.799         4.8977         3.5117
130 11.899         4.9153         3.5161
131 11.999         4.9326         3.5242
132 12.099         4.9498         3.5367
133 12.199         4.9666         3.5481
134 12.299         4.9833         3.5595
135 12.399         5.0000         3.5758


#AGE= 2.000 BINS=157 Power-law IMF: x=-2.350
# N  sdss_r       Log10(N)       Log10(dN)
  1 -2.857        -0.5408        -0.5408
  2 -2.757        -0.2320        -0.5254
  3 -2.657        -0.0455        -0.5025
  4 -2.557         0.0910        -0.4779
  5 -2.457         0.2009        -0.4498
  6 -2.357         0.2935        -0.4229
  7 -2.257         0.3738        -0.3992
  8 -2.157         0.4456        -0.3712
  9 -2.057         0.5114        -0.3410
 10 -1.957         0.5713        -0.3182
 11 -1.857         0.6269        -0.2935
 12 -1.757         0.6754        -0.3011
 13 -1.657         0.7233        -0.2575
 14 -1.557         0.7710        -0.2124
 15 -1.457         0.8168        -0.1823
 16 -1.357         0.8607        -0.1564
 17 -1.257         0.9442         0.1868
 18 -1.157         1.0508         0.3886
 19 -1.057         1.0844        -0.0430
 20 -0.957         1.1167        -0.0283
 21 -0.857         1.1602         0.1389
 22 -0.757         1.1993         0.1344
 23 -0.657         1.2297         0.0594
 24 -0.557         1.2592         0.0765
 25 -0.457         1.2876         0.0889
 26 -0.357         1.3150         0.1027
 27 -0.257         1.3429         0.1365
 28 -0.157         1.3717         0.1786
 29 -0.057         1.4008         0.2128
 30  0.043         1.4300         0.2433
 31  0.143         1.4591         0.2710
 32  0.243         1.4882         0.2997
 33  0.343         1.5171         0.3252
 34  0.443         1.5462         0.3576
 35  0.543         1.5751         0.3848
 36  0.643         1.6046         0.4214
 37  0.743         1.6342         0.4528
 38  0.843         1.6639         0.4843
 39  0.943         1.6947         0.5298
 40  1.043         1.7250         0.5545
 41  1.143         1.7544         0.5701
 42  1.243         1.7830         0.5867
 43  1.343         1.8883         1.2216
 44  1.443         1.9990         1.3509
 45  1.543         2.0565         1.1500
 46  1.643         2.0949         1.0230
 47  1.743         2.1399         1.1323
 48  1.843         2.1906         1.2331
 49  1.943         2.2483         1.3430
 50  2.043         2.3124         1.4496
 51  2.143         2.3781         1.5259
 52  2.243         2.4450         1.5993
 53  2.343         2.5128         1.6730
 54  2.443         2.5807         1.7414
 55  2.543         2.6469         1.7968
 56  2.643         2.7104         1.8443
 57  2.743         2.7712         1.8872
 58  2.843         2.8289         1.9236
 59  2.943         2.8825         1.9479
 60  3.043         2.9322         1.9659
 61  3.143         2.9763         1.9614
 62  3.243         3.0153         1.9487
 63  3.343         3.0519         1.9597
 64  3.443         3.0865         1.9708
 65  3.543         3.1191         1.9774
 66  3.643         3.1508         1.9983
 67  3.743         3.1822         2.0267
 68  3.843         3.2122         2.0358
 69  3.943         3.2407         2.0438
 70  4.043         3.2682         2.0563
 71  4.143         3.2951         2.0730
 72  4.243         3.3215         2.0922
 73  4.343         3.3474         2.1113
 74  4.443         3.3726         2.1237
 75  4.543         3.3969         2.1313
 76  4.643         3.4201         2.1372
 77  4.743         3.4428         2.1490
 78  4.843         3.4653         2.1683
 79  4.943         3.4879         2.1942
 80  5.043         3.5105         2.2154
 81  5.143         3.5322         2.2205
 82  5.243         3.5530         2.2217
 83  5.343         3.5731         2.2289
 84  5.443         3.5929         2.2419
 85  5.543         3.6125         2.2572
 86  5.643         3.6318         2.2695
 87  5.743         3.6507         2.2802
 88  5.843         3.6692         2.2890
 89  5.943         3.6874         2.3002
 90  6.043         3.7052         2.3091
 91  6.143         3.7224         2.3119
 92  6.243         3.7389         2.3121
 93  6.343         3.7550         2.3157
 94  6.443         3.7708         2.3222
 95  6.543         3.7862         2.3285
 96  6.643         3.8012         2.3327
 97  6.743         3.8158         2.3358
 98  6.843         3.8301         2.3393
 99  6.943         3.8440         2.3414
100  7.043         3.8575         2.3458
101  7.143         3.8711         2.3602
102  7.243         3.8846         2.3689
103  7.343         3.8978         2.3731
104  7.443         3.9107         2.3776
105  7.543         3.9235         2.3871
106  7.643         3.9364         2.4021
107  7.743         3.9495         2.4248
108  7.843         3.9632         2.4532
109  7.943         3.9770         2.4723
110  8.043         3.9911         2.4958
111  8.143         4.0057         2.5260
112  8.243         4.0203         2.5388
113  8.343         4.0345         2.5416
114  8.444         4.0507         2.6145
115  8.543         4.0675         2.6459
116  8.643         4.0851         2.6848
117  8.743         4.1043         2.7399
118  8.843         4.1258         2.8097
119  8.943         4.1491         2.8681
120  9.043         4.1737         2.9139
121  9.143         4.1987         2.9465
122  9.243         4.2232         2.9629
123  9.343         4.2474         2.9802
124  9.443         4.2734         3.0377
125  9.543         4.2963         3.0069
126  9.643         4.3213         3.0689
127  9.743         4.3481         3.1262
128  9.843         4.3765         3.1768
129  9.943         4.4047         3.2043
130 10.043         4.4329         3.2313
131 10.143         4.4608         3.2547
132 10.243         4.4880         3.2715
133 10.343         4.5147         3.2900
134 10.443         4.5409         3.3087
135 10.543         4.5666         3.3254
136 10.643         4.5917         3.3401
137 10.743         4.6160         3.3534
138 10.843         4.6400         3.3689
139 10.943         4.6634         3.3835
140 11.043         4.6862         3.3960
141 11.143         4.7085         3.4066
142 11.243         4.7300         3.4151
143 11.343         4.7509         3.4225
144 11.443         4.7712         3.4311
145 11.543         4.7910         3.4394
146 11.643         4.8102         3.4472
147 11.743         4.8290         3.4546
148 11.843         4.8471         3.4597
149 11.943         4.8648         3.4657
150 12.043         4.8822         3.4757
151 12.143         4.8994         3.4888
152 12.243         4.9163         3.4987
153 12.343         4.9331         3.5114
154 12.443         4.9499         3.5281
155 12.543         4.9666         3.5444
156 12.643         4.9833         3.5600
157 12.743         5.0000         3.5763


#AGE= 3.000 BINS=157 Power-law IMF: x=-2.350
# N  sdss_r       Log10(N)       Log10(dN)
  1 -2.921        -0.6374        -0.6374
  2 -2.821        -0.3336        -0.6319
  3 -2.721        -0.1453        -0.5989
  4 -2.621        -0.0088        -0.5782
  5 -2.521         0.0986        -0.5605
  6 -2.421         0.1903        -0.5300
  7 -2.321         0.2702        -0.5043
  8 -2.221         0.3420        -0.4753
  9 -2.121         0.4065        -0.4537
 10 -2.021         0.4672        -0.4172
 11 -1.921         0.5234        -0.3924
 12 -1.821         0.5759        -0.3681
 13 -1.721         0.6260        -0.3366
 14 -1.621         0.6731        -0.3145
 15 -1.521         0.7158        -0.3130
 16 -1.421         0.7578        -0.2773
 17 -1.321         0.8002        -0.2315
 18 -1.221         0.8415        -0.2012
 19 -1.121         0.8812        -0.1776
 20 -1.021         0.9760         0.2685
 21 -0.921         1.0574         0.2901
 22 -0.821         1.0895        -0.0581
 23 -0.721         1.1199        -0.0503
 24 -0.621         1.1685         0.1934
 25 -0.521         1.2023         0.0766
 26 -0.421         1.2317         0.0481
 27 -0.321         1.2604         0.0669
 28 -0.221         1.2888         0.0891
 29 -0.121         1.3162         0.1036
 30 -0.021         1.3434         0.1267
 31  0.079         1.3718         0.1735
 32  0.179         1.4008         0.2106
 33  0.279         1.4300         0.2430
 34  0.379         1.4593         0.2738
 35  0.479         1.4887         0.3044
 36  0.579         1.5181         0.3336
 37  0.679         1.5473         0.3610
 38  0.779         1.5770         0.3969
 39  0.879         1.6071         0.4327
 40  0.979         1.6377         0.4710
 41  1.079         1.6694         0.5173
 42  1.179         1.7026         0.5684
 43  1.279         1.7349         0.5913
 44  1.379         1.7666         0.6136
 45  1.479         1.7982         0.6439
 46  1.579         1.8290         0.6654
 47  1.679         1.8596         0.6915
 48  1.779         2.0251         1.5261
 49  1.879         2.0923         1.2489
 50  1.979         2.1437         1.1912
 51  2.079         2.1996         1.2812
 52  2.179         2.2578         1.3563
 53  2.279         2.3200         1.4452
 54  2.379         2.3844         1.5241
 55  2.479         2.4500         1.5964
 56  2.579         2.5154         1.6609
 57  2.679         2.5807         1.7260
 58  2.779         2.6446         1.7803
 59  2.879         2.7070         1.8339
 60  2.979         2.7641         1.8547
 61  3.079         2.8148         1.8563
 62  3.179         2.8629         1.8835
 63  3.279         2.9082         1.9046
 64  3.379         2.9506         1.9188
 65  3.479         2.9900         1.9280
 66  3.579         3.0283         1.9553
 67  3.679         3.0657         1.9816
 68  3.779         3.1010         1.9936
 69  3.879         3.1346         2.0065
 70  3.979         3.1673         2.0279
 71  4.079         3.1995         2.0535
 72  4.179         3.2312         2.0793
 73  4.279         3.2620         2.0967
 74  4.379         3.2913         2.1056
 75  4.479         3.3190         2.1100
 76  4.579         3.3456         2.1197
 77  4.679         3.3717         2.1370
 78  4.779         3.3975         2.1595
 79  4.879         3.4232         2.1817
 80  4.979         3.4487         2.2048
 81  5.079         3.4731         2.2109
 82  5.179         3.4964         2.2140
 83  5.279         3.5190         2.2237
 84  5.379         3.5412         2.2391
 85  5.479         3.5629         2.2519
 86  5.579         3.5842         2.2635
 87  5.679         3.6050         2.2744
 88  5.779         3.6253         2.2852
 89  5.879         3.6452         2.2965
 90  5.979         3.6646         2.3050
 91  6.079         3.6835         2.3122
 92  6.179         3.7018         2.3189
 93  6.279         3.7197         2.3256
 94  6.379         3.7371         2.3309
 95  6.479         3.7539         2.3339
 96  6.579         3.7703         2.3377
 97  6.679         3.7862         2.3423
 98  6.779         3.8017         2.3465
 99  6.879         3.8167         2.3484
100  6.979         3.8313         2.3511
101  7.079         3.8459         2.3636
102  7.179         3.8603         2.3737
103  7.279         3.8745         2.3809
104  7.379         3.8883         2.3844
105  7.479         3.9019         2.3915
106  7.579         3.9155         2.4038
107  7.679         3.9292         2.4218
108  7.779         3.9434         2.4509
109  7.879         3.9579         2.4755
110  7.979         3.9726         2.4924
111  8.079         3.9861         2.4740
112  8.179         4.0004         2.5112
113  8.279         4.0167         2.5827
114  8.379         4.0336         2.6136
115  8.479         4.0509         2.6435
116  8.579         4.0688         2.6757
117  8.679         4.0876         2.7151
118  8.779         4.1086         2.7808
119  8.879         4.1316         2.8451
120  8.979         4.1563         2.8978
121  9.079         4.1818         2.9392
122  9.179         4.2076         2.9677
123  9.279         4.2323         2.9754
124  9.379         4.2603         3.0560
125  9.479         4.2870         3.0627
126  9.579         4.3123         3.0649
127  9.679         4.3391         3.1156
128  9.779         4.3672         3.1639
129  9.879         4.3957         3.1992
130  9.979         4.4243         3.2292
131 10.079         4.4523         3.2464
132 10.179         4.4796         3.2652
133 10.279         4.5065         3.2841
134 10.379         4.5329         3.3036
135 10.479         4.5588         3.3219
136 10.579         4.5842         3.3382
137 10.679         4.6090         3.3535
138 10.779         4.6334         3.3705
139 10.879         4.6573         3.3858
140 10.979         4.6806         3.3988
141 11.079         4.7032         3.4096
142 11.179         4.7252         3.4186
143 11.279         4.7467         3.4295
144 11.379         4.7676         3.4396
145 11.479         4.7879         3.4483
146 11.579         4.8077         3.4557
147 11.679         4.8268         3.4616
148 11.779         4.8453         3.4660
149 11.879         4.8634         3.4730
150 11.979         4.8811         3.4832
151 12.079         4.8986         3.4950
152 12.179         4.9158         3.5037
153 12.279         4.9327         3.5158
154 12.379         4.9496         3.5319
155 12.479         4.9665         3.5468
156 12.579         4.9832         3.5616
157 12.679         5.0000         3.5779


#AGE= 4.000 BINS=155 Power-law IMF: x=-2.350
# N  sdss_r       Log10(N)       Log10(dN)
  1 -2.963        -0.7963        -0.7963
  2 -2.863        -0.4214        -0.6593
  3 -2.763        -0.2182        -0.6459
  4 -2.663        -0.0742        -0.6237
  5 -2.563         0.0385        -0.6023
  6 -2.463         0.1337        -0.5722
  7 -2.363         0.2149        -0.5531
  8 -2.263         0.2883        -0.5204
  9 -2.163         0.3544        -0.4956
 10 -2.063         0.4155        -0.4663
 11 -1.963         0.4724        -0.4388
 12 -1.863         0.5254        -0.4140
 13 -1.763         0.5762        -0.3813
 14 -1.663         0.6243        -0.3544
 15 -1.563         0.6704        -0.3266
 16 -1.463         0.7150        -0.2962
 17 -1.363         0.7550        -0.3002
 18 -1.263         0.7948        -0.2624
 19 -1.163         0.8351        -0.2176
 20 -1.063         0.8745        -0.1873
 21 -0.963         0.9126        -0.1633
 22 -0.863         1.0311         0.4091
 23 -0.763         1.0789         0.0972
 24 -0.663         1.1107        -0.0404
 25 -0.563         1.1451         0.0272
 26 -0.463         1.1918         0.2000
 27 -0.363         1.2236         0.0720
 28 -0.263         1.2531         0.0708
 29 -0.163         1.2823         0.0950
 30 -0.063         1.3100         0.1017
 31  0.037         1.3375         0.1242
 32  0.137         1.3658         0.1667
 33  0.237         1.3949         0.2067
 34  0.337         1.4243         0.2399
 35  0.437         1.4539         0.2729
 36  0.537         1.4835         0.3020
 37  0.637         1.5132         0.3331
 38  0.737         1.5432         0.3676
 39  0.837         1.5729         0.3934
 40  0.937         1.6029         0.4267
 41  1.037         1.6333         0.4642
 42  1.137         1.6645         0.5045
 43  1.237         1.6967         0.5514
 44  1.337         1.7306         0.6056
 45  1.437         1.7644         0.6393
 46  1.537         1.7978         0.6677
 47  1.637         1.8310         0.6968
 48  1.737         1.8629         0.7142
 49  1.837         1.8944         0.7384
 50  1.937         1.9266         0.7803
 51  2.037         2.0761         1.5405
 52  2.137         2.1435         1.3010
 53  2.237         2.2002         1.2880
 54  2.337         2.2603         1.3719
 55  2.437         2.3232         1.4528
 56  2.537         2.3877         1.5277
 57  2.637         2.4524         1.5938
 58  2.737         2.5163         1.6524
 59  2.837         2.5790         1.7075
 60  2.937         2.6400         1.7575
 61  3.037         2.6992         1.8039
 62  3.137         2.7569         1.8517
 63  3.237         2.8115         1.8841
 64  3.337         2.8615         1.8980
 65  3.437         2.9083         1.9176
 66  3.537         2.9530         1.9432
 67  3.637         2.9951         1.9604
 68  3.737         3.0349         1.9773
 69  3.837         3.0735         2.0033
 70  3.937         3.1115         2.0348
 71  4.037         3.1488         2.0644
 72  4.137         3.1849         2.0864
 73  4.237         3.2194         2.1020
 74  4.337         3.2519         2.1106
 75  4.437         3.2829         2.1203
 76  4.537         3.3129         2.1376
 77  4.637         3.3424         2.1600
 78  4.737         3.3715         2.1838
 79  4.837         3.4001         2.2034
 80  4.937         3.4281         2.2236
 81  5.037         3.4548         2.2313
 82  5.137         3.4803         2.2351
 83  5.237         3.5050         2.2475
 84  5.337         3.5292         2.2641
 85  5.437         3.5529         2.2785
 86  5.537         3.5761         2.2909
 87  5.637         3.5986         2.3027
 88  5.737         3.6207         2.3150
 89  5.837         3.6422         2.3264
 90  5.937         3.6631         2.3367
 91  6.037         3.6835         2.3446
 92  6.137         3.7033         2.3520
 93  6.237         3.7225         2.3589
 94  6.337         3.7412         2.3647
 95  6.437         3.7593         2.3703
 96  6.537         3.7768         2.3746
 97  6.637         3.7938         2.3787
 98  6.737         3.8104         2.3824
 99  6.837         3.8264         2.3862
100  6.937         3.8420         2.3890
101  7.037         3.8573         2.3965
102  7.137         3.8726         2.4115
103  7.237         3.8875         2.4169
104  7.337         3.9021         2.4208
105  7.437         3.9165         2.4284
106  7.537         3.9307         2.4399
107  7.637         3.9451         2.4565
108  7.737         3.9597         2.4806
109  7.837         3.9748         2.5076
110  7.937         3.9901         2.5307
111  8.037         4.0052         2.5390
112  8.137         4.0194         2.5247
113  8.237         4.0352         2.5884
114  8.337         4.0526         2.6485
115  8.437         4.0704         2.6739
116  8.537         4.0888         2.7065
117  8.637         4.1080         2.7446
118  8.737         4.1285         2.7913
119  8.837         4.1510         2.8551
120  8.937         4.1755         2.9134
121  9.037         4.2012         2.9617
122  9.137         4.2277         2.9996
123  9.237         4.2539         3.0207
124  9.337         4.2807         3.0582
125  9.437         4.3117         3.1493
126  9.537         4.3386         3.1175
127  9.637         4.3660         3.1532
128  9.737         4.3944         3.1956
129  9.837         4.4233         3.2325
130  9.937         4.4523         3.2623
131 10.037         4.4806         3.2802
132 10.137         4.5081         3.2963
133 10.237         4.5351         3.3154
134 10.337         4.5616         3.3341
135 10.437         4.5876         3.3518
136 10.537         4.6132         3.3700
137 10.637         4.6383         3.3871
138 10.737         4.6628         3.4022
139 10.837         4.6867         3.4165
140 10.937         4.7103         3.4324
141 11.037         4.7333         3.4463
142 11.137         4.7557         3.4579
143 11.237         4.7775         3.4671
144 11.337         4.7986         3.4749
145 11.437         4.8192         3.4840
146 11.537         4.8392         3.4927
147 11.637         4.8587         3.5009
148 11.737         4.8776         3.5085
149 11.837         4.8960         3.5139
150 11.937         4.9140         3.5202
151 12.037         4.9315         3.5303
152 12.137         4.9490         3.5436
153 12.237         4.9661         3.5538
154 12.337         4.9831         3.5660
155 12.437         5.0000         3.5827


#AGE= 5.000 BINS=154 Power-law IMF: x=-2.350
# N  sdss_r       Log10(N)       Log10(dN)
  1 -2.868        -0.7347        -0.7347
  2 -2.768        -0.4206        -0.7090
  3 -2.668        -0.2291        -0.6769
  4 -2.568        -0.0910        -0.6559
  5 -2.468         0.0168        -0.6411
  6 -2.368         0.1116        -0.5960
  7 -2.268         0.1923        -0.5783
  8 -2.168         0.2630        -0.5605
  9 -2.068         0.3279        -0.5297
 10 -1.968         0.3885        -0.4964
 11 -1.868         0.4446        -0.4719
 12 -1.768         0.4977        -0.4417
 13 -1.668         0.5477        -0.4160
 14 -1.568         0.5956        -0.3851
 15 -1.468         0.6416        -0.3561
 16 -1.368         0.6861        -0.3254
 17 -1.268         0.7263        -0.3276
 18 -1.168         0.7665        -0.2868
 19 -1.068         0.8065        -0.2490
 20 -0.968         0.8457        -0.2179
 21 -0.868         0.8845        -0.1840
 22 -0.768         1.0065         0.3955
 23 -0.668         1.0453        -0.0227
 24 -0.568         1.0781        -0.0608
 25 -0.468         1.1113        -0.0216
 26 -0.368         1.1581         0.1670
 27 -0.268         1.1923         0.0723
 28 -0.168         1.2228         0.0541
 29 -0.068         1.2526         0.0737
 30  0.032         1.2815         0.0899
 31  0.132         1.3093         0.1019
 32  0.232         1.3378         0.1415
 33  0.332         1.3674         0.1858
 34  0.432         1.3971         0.2182
 35  0.532         1.4271         0.2510
 36  0.632         1.4572         0.2836
 37  0.732         1.4875         0.3148
 38  0.832         1.5179         0.3478
 39  0.932         1.5483         0.3787
 40  1.032         1.5787         0.4085
 41  1.132         1.6095         0.4455
 42  1.232         1.6406         0.4804
 43  1.332         1.6726         0.5236
 44  1.432         1.7062         0.5785
 45  1.532         1.7412         0.6293
 46  1.632         1.7753         0.6541
 47  1.732         1.8093         0.6862
 48  1.832         1.8422         0.7052
 49  1.932         1.8738         0.7203
 50  2.032         1.9050         0.7450
 51  2.132         1.9373         0.7930
 52  2.232         1.9921         1.0663
 53  2.332         2.1343         1.5801
 54  2.432         2.1938         1.3011
 55  2.532         2.2560         1.3813
 56  2.632         2.3200         1.4567
 57  2.732         2.3852         1.5297
 58  2.832         2.4505         1.5951
 59  2.932         2.5147         1.6525
 60  3.032         2.5774         1.7059
 61  3.132         2.6380         1.7528
 62  3.232         2.6964         1.7968
 63  3.332         2.7536         1.8443
 64  3.432         2.8076         1.8757
 65  3.532         2.8577         1.8946
 66  3.632         2.9051         1.9199
 67  3.732         2.9509         1.9511
 68  3.832         2.9953         1.9826
 69  3.932         3.0379         2.0092
 70  4.032         3.0787         2.0315
 71  4.132         3.1174         2.0479
 72  4.232         3.1541         2.0630
 73  4.332         3.1893         2.0802
 74  4.432         3.2234         2.1012
 75  4.532         3.2568         2.1265
 76  4.632         3.2896         2.1511
 77  4.732         3.3213         2.1697
 78  4.832         3.3521         2.1870
 79  4.932         3.3820         2.2052
 80  5.032         3.4105         2.2124
 81  5.132         3.4377         2.2213
 82  5.232         3.4642         2.2371
 83  5.332         3.4903         2.2551
 84  5.432         3.5156         2.2695
 85  5.532         3.5403         2.2821
 86  5.632         3.5643         2.2949
 87  5.732         3.5877         2.3077
 88  5.832         3.6105         2.3199
 89  5.932         3.6328         2.3307
 90  6.032         3.6543         2.3391
 91  6.132         3.6752         2.3474
 92  6.232         3.6955         2.3546
 93  6.332         3.7151         2.3610
 94  6.432         3.7342         2.3661
 95  6.532         3.7526         2.3715
 96  6.632         3.7705         2.3767
 97  6.732         3.7878         2.3802
 98  6.832         3.8046         2.3841
 99  6.932         3.8209         2.3872
100  7.032         3.8370         2.3971
101  7.132         3.8530         2.4101
102  7.232         3.8685         2.4151
103  7.332         3.8837         2.4199
104  7.432         3.8986         2.4274
105  7.532         3.9135         2.4398
106  7.632         3.9285         2.4584
107  7.732         3.9438         2.4832
108  7.832         3.9594         2.5078
109  7.932         3.9751         2.5253
110  8.032         3.9911         2.5509
111  8.132         4.0077         2.5799
112  8.232         4.0236         2.5797
113  8.332         4.0398         2.6042
114  8.432         4.0583         2.6792
115  8.532         4.0773         2.7084
116  8.632         4.0972         2.7479
117  8.732         4.1183         2.7948
118  8.832         4.1411         2.8501
119  8.932         4.1654         2.9012
120  9.032         4.1909         2.9470
121  9.132         4.2173         2.9873
122  9.232         4.2435         3.0106
123  9.332         4.2737         3.1005
124  9.432         4.3059         3.1599
125  9.532         4.3346         3.1406
126  9.632         4.3630         3.1656
127  9.732         4.3922         3.2048
128  9.832         4.4217         3.2395
129  9.932         4.4510         3.2646
130 10.032         4.4794         3.2815
131 10.132         4.5071         3.2983
132 10.232         4.5342         3.3149
133 10.332         4.5607         3.3335
134 10.432         4.5867         3.3514
135 10.532         4.6122         3.3681
136 10.632         4.6372         3.3850
137 10.732         4.6617         3.4006
138 10.832         4.6856         3.4150
139 10.932         4.7091         3.4308
140 11.032         4.7322         3.4453
141 11.132         4.7547         3.4575
142 11.232         4.7765         3.4671
143 11.332         4.7977         3.4754
144 11.432         4.8183         3.4849
145 11.532         4.8384         3.4939
146 11.632         4.8580         3.5022
147 11.732         4.8771         3.5098
148 11.832         4.8955         3.5151
149 11.932         4.9135         3.5220
150 12.032         4.9312         3.5324
151 12.132         4.9487         3.5456
152 12.232         4.9660         3.5555
153 12.332         4.9830         3.5678
154 12.432         5.0000         3.5846


#AGE= 6.000 BINS=157 Power-law IMF: x=-2.350
# N  sdss_r       Log10(N)       Log10(dN)
  1 -2.888        -0.8440        -0.8440
  2 -2.788        -0.5238        -0.8065
  3 -2.688        -0.3305        -0.7751
  4 -2.588        -0.1954        -0.7684
  5 -2.488        -0.0822        -0.7213
  6 -2.388         0.0076        -0.7210
  7 -2.288         0.0874        -0.6878
  8 -2.188         0.1621        -0.6389
  9 -2.088         0.2252        -0.6442
 10 -1.988         0.2860        -0.5979
 11 -1.888         0.3422        -0.5734
 12 -1.788         0.3950        -0.5467
 13 -1.688         0.4459        -0.5105
 14 -1.588         0.4938        -0.4869
 15 -1.488         0.5398        -0.4584
 16 -1.388         0.5836        -0.4340
 17 -1.288         0.6274        -0.3902
 18 -1.188         0.6669        -0.3946
 19 -1.088         0.7056        -0.3635
 20 -0.988         0.7450        -0.3170
 21 -0.888         0.7839        -0.2827
 22 -0.788         0.8215        -0.2595
 23 -0.688         0.9388         0.3128
 24 -0.588         0.9756        -0.1151
 25 -0.488         1.0087        -0.1252
 26 -0.388         1.0403        -0.1133
 27 -0.288         1.0856         0.0816
 28 -0.188         1.1230         0.0394
 29 -0.088         1.1542        -0.0049
 30  0.012         1.1843         0.0096
 31  0.112         1.2140         0.0351
 32  0.212         1.2420         0.0371
 33  0.312         1.2705         0.0739
 34  0.412         1.3001         0.1179
 35  0.512         1.3302         0.1570
 36  0.612         1.3606         0.1903
 37  0.712         1.3910         0.2200
 38  0.812         1.4217         0.2563
 39  0.912         1.4523         0.2845
 40  1.012         1.4831         0.3190
 41  1.112         1.5138         0.3477
 42  1.212         1.5449         0.3852
 43  1.312         1.5762         0.4178
 44  1.412         1.6083         0.4609
 45  1.512         1.6412         0.5053
 46  1.612         1.6763         0.5664
 47  1.712         1.7114         0.6012
 48  1.812         1.7462         0.6321
 49  1.912         1.7801         0.6560
 50  2.012         1.8127         0.6722
 51  2.112         1.8442         0.6894
 52  2.212         1.8757         0.7200
 53  2.312         1.9098         0.7880
 54  2.412         1.9984         1.2642
 55  2.512         2.0907         1.3730
 56  2.612         2.1523         1.2737
 57  2.712         2.2151         1.3443
 58  2.812         2.2795         1.4188
 59  2.912         2.3443         1.4863
 60  3.012         2.4087         1.5477
 61  3.112         2.4721         1.6052
 62  3.212         2.5345         1.6609
 63  3.312         2.5955         1.7131
 64  3.412         2.6556         1.7670
 65  3.512         2.7147         1.8192
 66  3.612         2.7705         1.8515
 67  3.712         2.8225         1.8748
 68  3.812         2.8713         1.8978
 69  3.912         2.9173         1.9193
 70  4.012         2.9607         1.9388
 71  4.112         3.0019         1.9590
 72  4.212         3.0414         1.9804
 73  4.312         3.0795         2.0041
 74  4.412         3.1167         2.0313
 75  4.512         3.1531         2.0581
 76  4.612         3.1885         2.0817
 77  4.712         3.2224         2.0989
 78  4.812         3.2552         2.1170
 79  4.912         3.2870         2.1356
 80  5.012         3.3172         2.1445
 81  5.112         3.3463         2.1575
 82  5.212         3.3747         2.1765
 83  5.312         3.4024         2.1939
 84  5.412         3.4294         2.2094
 85  5.512         3.4556         2.2228
 86  5.612         3.4810         2.2360
 87  5.712         3.5059         2.2502
 88  5.812         3.5300         2.2631
 89  5.912         3.5535         2.2742
 90  6.012         3.5762         2.2840
 91  6.112         3.5982         2.2922
 92  6.212         3.6195         2.3002
 93  6.312         3.6402         2.3075
 94  6.412         3.6602         2.3135
 95  6.512         3.6796         2.3190
 96  6.612         3.6983         2.3242
 97  6.712         3.7165         2.3287
 98  6.812         3.7341         2.3331
 99  6.912         3.7511         2.3367
100  7.012         3.7679         2.3466
101  7.112         3.7844         2.3565
102  7.212         3.8007         2.3656
103  7.312         3.8165         2.3693
104  7.412         3.8320         2.3778
105  7.512         3.8474         2.3896
106  7.612         3.8629         2.4064
107  7.712         3.8787         2.4321
108  7.812         3.8948         2.4551
109  7.912         3.9110         2.4758
110  8.012         3.9274         2.4964
111  8.112         3.9442         2.5219
112  8.212         3.9618         2.5605
113  8.312         3.9789         2.5672
114  8.412         3.9961         2.5861
115  8.512         4.0158         2.6607
116  8.612         4.0360         2.6944
117  8.712         4.0574         2.7403
118  8.812         4.0801         2.7869
119  8.912         4.1040         2.8318
120  9.012         4.1291         2.8788
121  9.112         4.1556         2.9283
122  9.212         4.1837         2.9808
123  9.312         4.2134         3.0334
124  9.412         4.2472         3.1211
125  9.512         4.2776         3.1072
126  9.612         4.3072         3.1266
127  9.712         4.3369         3.1576
128  9.812         4.3669         3.1915
129  9.912         4.3967         3.2180
130 10.012         4.4256         3.2342
131 10.112         4.4536         3.2490
132 10.212         4.4809         3.2655
133 10.312         4.5076         3.2826
134 10.412         4.5337         3.3007
135 10.512         4.5593         3.3171
136 10.612         4.5844         3.3327
137 10.712         4.6089         3.3481
138 10.812         4.6329         3.3632
139 10.912         4.6564         3.3794
140 11.012         4.6795         3.3937
141 11.112         4.7021         3.4056
142 11.212         4.7239         3.4154
143 11.312         4.7453         3.4265
144 11.412         4.7661         3.4369
145 11.512         4.7864         3.4460
146 11.612         4.8062         3.4537
147 11.712         4.8253         3.4594
148 11.812         4.8438         3.4654
149 11.912         4.8620         3.4742
150 12.012         4.8799         3.4859
151 12.112         4.8975         3.4966
152 12.212         4.9148         3.5062
153 12.312         4.9319         3.5197
154 12.412         4.9491         3.5364
155 12.512         4.9661         3.5512
156 12.612         4.9831         3.5663
157 12.712         5.0000         3.5826


#AGE= 7.000 BINS=156 Power-law IMF: x=-2.350
# N  sdss_r       Log10(N)       Log10(dN)
  1 -2.899        -0.9407        -0.9407
  2 -2.799        -0.5869        -0.8409
  3 -2.699        -0.3893        -0.8264
  4 -2.599        -0.2418        -0.7826
  5 -2.499        -0.1268        -0.7598
  6 -2.399        -0.0290        -0.7246
  7 -2.299         0.0516        -0.7193
  8 -2.199         0.1257        -0.6792
  9 -2.099         0.1908        -0.6654
 10 -1.999         0.2531        -0.6209
 11 -1.899         0.3083        -0.6147
 12 -1.799         0.3620        -0.5724
 13 -1.699         0.4124        -0.5483
 14 -1.599         0.4610        -0.5136
 15 -1.499         0.5078        -0.4837
 16 -1.399         0.5522        -0.4598
 17 -1.299         0.5957        -0.4255
 18 -1.199         0.6369        -0.4063
 19 -1.099         0.6756        -0.3933
 20 -0.999         0.7151        -0.3459
 21 -0.899         0.7541        -0.3123
 22 -0.799         0.7924        -0.2811
 23 -0.699         0.8299        -0.2518
 24 -0.599         0.9406         0.2928
 25 -0.499         0.9769        -0.1197
 26 -0.399         1.0096        -0.1292
 27 -0.299         1.0420        -0.1020
 28 -0.199         1.0888         0.0981
 29 -0.099         1.1243         0.0197
 30  0.001         1.1559         0.0016
 31  0.101         1.1864         0.0185
 32  0.201         1.2166         0.0430
 33  0.301         1.2454         0.0534
 34  0.401         1.2741         0.0798
 35  0.501         1.3042         0.1301
 36  0.601         1.3347         0.1663
 37  0.701         1.3654         0.1993
 38  0.801         1.3964         0.2341
 39  0.901         1.4273         0.2648
 40  1.001         1.4585         0.2994
 41  1.101         1.4897         0.3294
 42  1.201         1.5209         0.3626
 43  1.301         1.5525         0.3989
 44  1.401         1.5843         0.4320
 45  1.501         1.6167         0.4737
 46  1.601         1.6499         0.5173
 47  1.701         1.6855         0.5815
 48  1.801         1.7213         0.6194
 49  1.901         1.7565         0.6481
 50  2.001         1.7913         0.6771
 51  2.101         1.8246         0.6935
 52  2.201         1.8568         0.7100
 53  2.301         1.8885         0.7362
 54  2.401         1.9216         0.7870
 55  2.501         1.9646         0.9396
 56  2.601         2.0672         1.3903
 57  2.701         2.1406         1.3322
 58  2.801         2.2050         1.3440
 59  2.901         2.2709         1.4196
 60  3.001         2.3379         1.4935
 61  3.101         2.4052         1.5621
 62  3.201         2.4716         1.6228
 63  3.301         2.5363         1.6773
 64  3.401         2.5989         1.7270
 65  3.501         2.6590         1.7706
 66  3.601         2.7172         1.8156
 67  3.701         2.7729         1.8531
 68  3.801         2.8247         1.8755
 69  3.901         2.8732         1.8977
 70  4.001         2.9194         1.9231
 71  4.101         2.9633         1.9457
 72  4.201         3.0053         1.9703
 73  4.301         3.0461         1.9984
 74  4.401         3.0857         2.0259
 75  4.501         3.1241         2.0517
 76  4.601         3.1611         2.0734
 77  4.701         3.1966         2.0913
 78  4.801         3.2311         2.1145
 79  4.901         3.2645         2.1332
 80  5.001         3.2963         2.1450
 81  5.101         3.3270         2.1620
 82  5.201         3.3572         2.1834
 83  5.301         3.3864         2.2001
 84  5.401         3.4148         2.2160
 85  5.501         3.4423         2.2306
 86  5.601         3.4690         2.2444
 87  5.701         3.4950         2.2599
 88  5.801         3.5203         2.2726
 89  5.901         3.5449         2.2851
 90  6.001         3.5687         2.2953
 91  6.101         3.5917         2.3043
 92  6.201         3.6139         2.3122
 93  6.301         3.6355         2.3207
 94  6.401         3.6563         2.3270
 95  6.501         3.6765         2.3328
 96  6.601         3.6960         2.3384
 97  6.701         3.7148         2.3437
 98  6.801         3.7331         2.3479
 99  6.901         3.7509         2.3533
100  7.001         3.7682         2.3608
101  7.101         3.7854         2.3738
102  7.201         3.8021         2.3806
103  7.301         3.8185         2.3854
104  7.401         3.8345         2.3950
105  7.501         3.8505         2.4071
106  7.601         3.8665         2.4241
107  7.701         3.8827         2.4488
108  7.801         3.8993         2.4716
109  7.901         3.9159         2.4916
110  8.001         3.9327         2.5119
111  8.101         3.9499         2.5392
112  8.201         3.9677         2.5699
113  8.301         3.9864         2.6118
114  8.401         4.0039         2.6004
115  8.501         4.0231         2.6582
116  8.601         4.0439         2.7154
117  8.701         4.0657         2.7549
118  8.801         4.0887         2.8002
119  8.901         4.1128         2.8458
120  9.001         4.1381         2.8908
121  9.101         4.1642         2.9306
122  9.201         4.1916         2.9772
123  9.301         4.2234         3.0719
124  9.401         4.2577         3.1383
125  9.501         4.2895         3.1390
126  9.601         4.3202         3.1545
127  9.701         4.3506         3.1808
128  9.801         4.3812         3.2132
129  9.901         4.4113         3.2379
130 10.001         4.4407         3.2557
131 10.101         4.4689         3.2684
132 10.201         4.4965         3.2850
133 10.301         4.5234         3.3016
134 10.401         4.5497         3.3189
135 10.501         4.5754         3.3346
136 10.601         4.6004         3.3487
137 10.701         4.6249         3.3637
138 10.801         4.6489         3.3798
139 10.901         4.6725         3.3955
140 11.001         4.6955         3.4089
141 11.101         4.7180         3.4206
142 11.201         4.7400         3.4336
143 11.301         4.7615         3.4453
144 11.401         4.7824         3.4549
145 11.501         4.8027         3.4624
146 11.601         4.8224         3.4690
147 11.701         4.8416         3.4766
148 11.801         4.8603         3.4856
149 11.901         4.8787         3.4960
150 12.001         4.8966         3.5041
151 12.101         4.9142         3.5128
152 12.201         4.9316         3.5252
153 12.301         4.9489         3.5405
154 12.401         4.9660         3.5533
155 12.501         4.9830         3.5674
156 12.601         5.0000         3.5839


#AGE= 8.000 BINS=154 Power-law IMF: x=-2.350
# N  sdss_r       Log10(N)       Log10(dN)
  1 -2.843        -0.8285        -0.8285
  2 -2.743        -0.5292        -0.8321
  3 -2.643        -0.3325        -0.7711
  4 -2.543        -0.1913        -0.7477
  5 -2.443        -0.0793        -0.7230
  6 -2.343         0.0118        -0.7109
  7 -2.243         0.0927        -0.6773
  8 -2.143         0.1653        -0.6469
  9 -2.043         0.2324        -0.6116
 10 -1.943         0.2915        -0.6045
 11 -1.843         0.3472        -0.5719
 12 -1.743         0.4016        -0.5275
 13 -1.643         0.4507        -0.5205
 14 -1.543         0.4995        -0.4743
 15 -1.443         0.5459        -0.4482
 16 -1.343         0.5907        -0.4176
 17 -1.243         0.6335        -0.3943
 18 -1.143         0.6753        -0.3617
 19 -1.043         0.7144        -0.3515
 20 -0.943         0.7533        -0.3132
 21 -0.843         0.7922        -0.2750
 22 -0.743         0.8301        -0.2480
 23 -0.643         0.8649        -0.2487
 24 -0.543         0.9718         0.3108
 25 -0.443         1.0121        -0.0402
 26 -0.343         1.0460        -0.0793
 27 -0.243         1.0781        -0.0686
 28 -0.143         1.1228         0.1127
 29 -0.043         1.1612         0.0897
 30  0.057         1.1934         0.0472
 31  0.157         1.2245         0.0638
 32  0.257         1.2551         0.0875
 33  0.357         1.2840         0.0936
 34  0.457         1.3132         0.1260
 35  0.557         1.3432         0.1681
 36  0.657         1.3738         0.2053
 37  0.757         1.4046         0.2411
 38  0.857         1.4358         0.2757
 39  0.957         1.4672         0.3107
 40  1.057         1.4985         0.3418
 41  1.157         1.5300         0.3736
 42  1.257         1.5615         0.4073
 43  1.357         1.5932         0.4406
 44  1.457         1.6252         0.4762
 45  1.557         1.6576         0.5139
 46  1.657         1.6907         0.5571
 47  1.757         1.7253         0.6094
 48  1.857         1.7615         0.6643
 49  1.957         1.7974         0.6966
 50  2.057         1.8330         0.7294
 51  2.157         1.8674         0.7493
 52  2.257         1.9004         0.7648
 53  2.357         1.9325         0.7849
 54  2.457         1.9644         0.8148
 55  2.557         1.9990         0.8834
 56  2.657         2.0485         1.0807
 57  2.757         2.1399         1.4180
 58  2.857         2.2083         1.3717
 59  2.957         2.2702         1.3936
 60  3.057         2.3341         1.4701
 61  3.157         2.3987         1.5394
 62  3.257         2.4629         1.6014
 63  3.357         2.5258         1.6552
 64  3.457         2.5868         1.7045
 65  3.557         2.6460         1.7510
 66  3.657         2.7034         1.7963
 67  3.757         2.7597         1.8447
 68  3.857         2.8141         1.8852
 69  3.957         2.8650         1.9085
 70  4.057         2.9133         1.9357
 71  4.157         2.9595         1.9627
 72  4.257         3.0035         1.9874
 73  4.357         3.0457         2.0132
 74  4.457         3.0865         2.0390
 75  4.557         3.1256         2.0601
 76  4.657         3.1631         2.0812
 77  4.757         3.1998         2.1077
 78  4.857         3.2354         2.1313
 79  4.957         3.2693         2.1459
 80  5.057         3.3023         2.1661
 81  5.157         3.3344         2.1878
 82  5.257         3.3656         2.2058
 83  5.357         3.3958         2.2227
 84  5.457         3.4250         2.2385
 85  5.557         3.4533         2.2537
 86  5.657         3.4808         2.2689
 87  5.757         3.5076         2.2840
 88  5.857         3.5336         2.2977
 89  5.957         3.5587         2.3085
 90  6.057         3.5830         2.3183
 91  6.157         3.6065         2.3277
 92  6.257         3.6292         2.3364
 93  6.357         3.6511         2.3439
 94  6.457         3.6723         2.3498
 95  6.557         3.6928         2.3560
 96  6.657         3.7126         2.3620
 97  6.757         3.7318         2.3674
 98  6.857         3.7504         2.3726
 99  6.957         3.7684         2.3786
100  7.057         3.7863         2.3914
101  7.157         3.8038         2.3993
102  7.257         3.8208         2.4052
103  7.357         3.8374         2.4132
104  7.457         3.8539         2.4252
105  7.557         3.8704         2.4409
106  7.657         3.8871         2.4627
107  7.757         3.9040         2.4873
108  7.857         3.9211         2.5061
109  7.957         3.9383         2.5278
110  8.057         3.9557         2.5516
111  8.157         3.9737         2.5812
112  8.258         3.9923         2.6144
113  8.357         4.0118         2.6555
114  8.457         4.0299         2.6389
115  8.557         4.0505         2.7167
116  8.657         4.0724         2.7641
117  8.758         4.0954         2.8076
118  8.857         4.1196         2.8546
119  8.957         4.1451         2.9009
120  9.057         4.1716         2.9443
121  9.157         4.1985         2.9762
122  9.258         4.2272         3.0332
123  9.357         4.2621         3.1498
124  9.457         4.2960         3.1717
125  9.557         4.3283         3.1832
126  9.657         4.3595         3.2008
127  9.758         4.3906         3.2305
128  9.857         4.4214         3.2560
129  9.957         4.4514         3.2771
130 10.057         4.4804         3.2893
131 10.157         4.5084         3.3052
132 10.258         4.5358         3.3218
133 10.357         4.5625         3.3382
134 10.457         4.5886         3.3537
135 10.557         4.6139         3.3669
136 10.657         4.6386         3.3812
137 10.758         4.6628         3.3972
138 10.857         4.6866         3.4122
139 10.957         4.7097         3.4255
140 11.057         4.7324         3.4392
141 11.157         4.7546         3.4521
142 11.258         4.7763         3.4630
143 11.357         4.7973         3.4722
144 11.457         4.8178         3.4820
145 11.557         4.8378         3.4915
146 11.657         4.8574         3.5004
147 11.758         4.8764         3.5086
148 11.857         4.8949         3.5147
149 11.957         4.9130         3.5230
150 12.057         4.9308         3.5345
151 12.157         4.9484         3.5478
152 12.258         4.9657         3.5580
153 12.357         4.9829         3.5709
154 12.457         5.0000         3.5878


#AGE= 9.000 BINS=156 Power-law IMF: x=-2.350
# N  sdss_r       Log10(N)       Log10(dN)
  1 -2.857        -0.9086        -0.9086
  2 -2.757        -0.5948        -0.8835
  3 -2.657        -0.4017        -0.8467
  4 -2.557        -0.2613        -0.8200
  5 -2.457        -0.1513        -0.8015
  6 -2.357        -0.0583        -0.7730
  7 -2.257         0.0257        -0.7290
  8 -2.157         0.0974        -0.7202
  9 -2.057         0.1630        -0.6903
 10 -1.957         0.2237        -0.6613
 11 -1.857         0.2803        -0.6326
 12 -1.757         0.3329        -0.6100
 13 -1.657         0.3836        -0.5745
 14 -1.557         0.4322        -0.5422
 15 -1.457         0.4784        -0.5176
 16 -1.357         0.5237        -0.4809
 17 -1.257         0.5658        -0.4686
 18 -1.157         0.6083        -0.4218
 19 -1.057         0.6482        -0.4089
 20 -0.957         0.6864        -0.3881
 21 -0.857         0.7254        -0.3401
 22 -0.757         0.7637        -0.3109
 23 -0.657         0.8006        -0.2876
 24 -0.557         0.8407        -0.2139
 25 -0.457         0.9436         0.2680
 26 -0.357         0.9797        -0.1186
 27 -0.257         1.0129        -0.1203
 28 -0.157         1.0460        -0.0884
 29 -0.057         1.0921         0.0947
 30  0.043         1.1281         0.0295
 31  0.143         1.1600         0.0098
 32  0.243         1.1910         0.0296
 33  0.343         1.2213         0.0498
 34  0.443         1.2509         0.0685
 35  0.543         1.2801         0.0936
 36  0.643         1.3102         0.1361
 37  0.743         1.3409         0.1758
 38  0.843         1.3721         0.2119
 39  0.943         1.4033         0.2444
 40  1.043         1.4347         0.2789
 41  1.143         1.4663         0.3125
 42  1.243         1.4980         0.3447
 43  1.343         1.5299         0.3802
 44  1.443         1.5618         0.4122
 45  1.543         1.5940         0.4483
 46  1.643         1.6264         0.4830
 47  1.743         1.6596         0.5269
 48  1.843         1.6943         0.5793
 49  1.943         1.7308         0.6371
 50  2.043         1.7673         0.6733
 51  2.143         1.8035         0.7063
 52  2.243         1.8382         0.7244
 53  2.343         1.8716         0.7401
 54  2.443         1.9036         0.7551
 55  2.543         1.9350         0.7782
 56  2.643         1.9675         0.8258
 57  2.743         2.0060         0.9351
 58  2.843         2.0776         1.2595
 59  2.943         2.1526         1.3528
 60  3.043         2.2164         1.3518
 61  3.143         2.2780         1.3991
 62  3.243         2.3420         1.4789
 63  3.343         2.4060         1.5432
 64  3.443         2.4694         1.6021
 65  3.543         2.5314         1.6552
 66  3.643         2.5920         1.7067
 67  3.743         2.6509         1.7546
 68  3.843         2.7088         1.8050
 69  3.943         2.7652         1.8508
 70  4.043         2.8180         1.8766
 71  4.143         2.8676         1.9005
 72  4.243         2.9145         1.9249
 73  4.343         2.9592         1.9497
 74  4.443         3.0020         1.9743
 75  4.543         3.0429         1.9965
 76  4.643         3.0825         2.0223
 77  4.743         3.1212         2.0521
 78  4.843         3.1586         2.0759
 79  4.943         3.1947         2.0957
 80  5.043         3.2296         2.1177
 81  5.143         3.2637         2.1411
 82  5.243         3.2966         2.1601
 83  5.343         3.3284         2.1778
 84  5.443         3.3592         2.1937
 85  5.543         3.3889         2.2102
 86  5.643         3.4179         2.2269
 87  5.743         3.4459         2.2424
 88  5.843         3.4731         2.2563
 89  5.943         3.4995         2.2690
 90  6.043         3.5248         2.2784
 91  6.143         3.5493         2.2885
 92  6.243         3.5730         2.2976
 93  6.343         3.5959         2.3065
 94  6.443         3.6179         2.3129
 95  6.543         3.6392         2.3183
 96  6.643         3.6598         2.3254
 97  6.743         3.6797         2.3316
 98  6.843         3.6990         2.3369
 99  6.943         3.7178         2.3443
100  7.043         3.7362         2.3540
101  7.143         3.7543         2.3650
102  7.243         3.7718         2.3702
103  7.343         3.7891         2.3787
104  7.443         3.8061         2.3900
105  7.543         3.8230         2.4062
106  7.643         3.8402         2.4286
107  7.743         3.8576         2.4514
108  7.843         3.8751         2.4726
109  7.943         3.8927         2.4909
110  8.043         3.9106         2.5172
111  8.143         3.9290         2.5465
112  8.243         3.9480         2.5804
113  8.343         3.9677         2.6133
114  8.443         3.9880         2.6473
115  8.543         4.0084         2.6713
116  8.643         4.0292         2.6987
117  8.743         4.0527         2.7754
118  8.843         4.0774         2.8191
119  8.943         4.1031         2.8631
120  9.043         4.1300         2.9080
121  9.143         4.1577         2.9492
122  9.243         4.1861         2.9875
123  9.343         4.2206         3.1028
124  9.443         4.2551         3.1379
125  9.543         4.2886         3.1598
126  9.643         4.3206         3.1718
127  9.743         4.3524         3.2007
128  9.843         4.3836         3.2256
129  9.943         4.4141         3.2456
130 10.043         4.4435         3.2590
131 10.143         4.4720         3.2747
132 10.243         4.4997         3.2904
133 10.343         4.5267         3.3074
134 10.443         4.5530         3.3218
135 10.543         4.5784         3.3333
136 10.643         4.6032         3.3477
137 10.743         4.6275         3.3629
138 10.843         4.6512         3.3770
139 10.943         4.6745         3.3910
140 11.043         4.6972         3.4044
141 11.143         4.7194         3.4164
142 11.243         4.7410         3.4287
143 11.343         4.7623         3.4406
144 11.443         4.7829         3.4506
145 11.543         4.8031         3.4585
146 11.643         4.8226         3.4652
147 11.743         4.8416         3.4731
148 11.843         4.8602         3.4827
149 11.943         4.8785         3.4938
150 12.043         4.8963         3.5023
151 12.143         4.9139         3.5121
152 12.243         4.9313         3.5255
153 12.343         4.9487         3.5413
154 12.443         4.9658         3.5547
155 12.543         4.9829         3.5693
156 12.643         5.0000         3.5858


#AGE=10.000 BINS=154 Power-law IMF: x=-2.350
# N  sdss_r       Log10(N)       Log10(dN)
  1 -2.848        -0.8792        -0.8792
  2 -2.748        -0.5813        -0.8854
  3 -2.648        -0.3900        -0.8384
  4 -2.548        -0.2548        -0.8272
  5 -2.448        -0.1389        -0.7693
  6 -2.348        -0.0474        -0.7690
  7 -2.248         0.0338        -0.7341
  8 -2.148         0.1080        -0.6964
  9 -2.048         0.1722        -0.6893
 10 -1.948         0.2317        -0.6608
 11 -1.848         0.2882        -0.6255
 12 -1.748         0.3425        -0.5880
 13 -1.648         0.3931        -0.5650
 14 -1.548         0.4405        -0.5450
 15 -1.448         0.4878        -0.4982
 16 -1.348         0.5314        -0.4885
 17 -1.248         0.5742        -0.4537
 18 -1.148         0.6164        -0.4172
 19 -1.048         0.6577        -0.3847
 20 -0.948         0.6964        -0.3732
 21 -0.848         0.7340        -0.3472
 22 -0.748         0.7729        -0.2937
 23 -0.648         0.8105        -0.2708
 24 -0.548         0.8460        -0.2588
 25 -0.448         0.9167         0.0929
 26 -0.348         0.9877         0.1662
 27 -0.248         1.0220        -0.0969
 28 -0.148         1.0541        -0.0938
 29 -0.048         1.0938         0.0356
 30  0.052         1.1361         0.1036
 31  0.152         1.1697         0.0410
 32  0.252         1.2013         0.0485
 33  0.352         1.2324         0.0721
 34  0.452         1.2626         0.0894
 35  0.552         1.2916         0.1008
 36  0.652         1.3216         0.1464
 37  0.752         1.3524         0.1878
 38  0.852         1.3833         0.2208
 39  0.952         1.4150         0.2626
 40  1.052         1.4463         0.2881
 41  1.152         1.4781         0.3264
 42  1.252         1.5099         0.3597
 43  1.352         1.5419         0.3933
 44  1.452         1.5741         0.4276
 45  1.552         1.6064         0.4624
 46  1.652         1.6390         0.4983
 47  1.752         1.6720         0.5356
 48  1.852         1.7058         0.5802
 49  1.952         1.7415         0.6392
 50  2.052         1.7786         0.6917
 51  2.152         1.8156         0.7277
 52  2.252         1.8519         0.7553
 53  2.352         1.8865         0.7712
 54  2.452         1.9197         0.7869
 55  2.552         1.9516         0.8013
 56  2.652         1.9831         0.8280
 57  2.752         2.0159         0.8778
 58  2.852         2.0552         0.9921
 59  2.952         2.1183         1.2492
 60  3.052         2.1909         1.3786
 61  3.152         2.2550         1.3924
 62  3.252         2.3182         1.4498
 63  3.352         2.3811         1.5111
 64  3.452         2.4456         1.5852
 65  3.552         2.5093         1.6447
 66  3.652         2.5717         1.6978
 67  3.752         2.6323         1.7475
 68  3.852         2.6908         1.7911
 69  3.952         2.7481         1.8400
 70  4.052         2.8035         1.8823
 71  4.152         2.8553         1.9061
 72  4.252         2.9040         1.9292
 73  4.352         2.9501         1.9537
 74  4.452         2.9942         1.9788
 75  4.552         3.0368         2.0071
 76  4.652         3.0783         2.0382
 77  4.752         3.1187         2.0674
 78  4.852         3.1576         2.0902
 79  4.952         3.1952         2.1142
 80  5.052         3.2318         2.1393
 81  5.152         3.2673         2.1621
 82  5.252         3.3017         2.1826
 83  5.352         3.3348         2.2012
 84  5.452         3.3668         2.2177
 85  5.552         3.3977         2.2349
 86  5.652         3.4278         2.2529
 87  5.752         3.4569         2.2685
 88  5.852         3.4850         2.2832
 89  5.952         3.5122         2.2950
 90  6.052         3.5384         2.3057
 91  6.152         3.5637         2.3159
 92  6.252         3.5881         2.3257
 93  6.352         3.6116         2.3344
 94  6.452         3.6343         2.3410
 95  6.552         3.6562         2.3467
 96  6.652         3.6774         2.3552
 97  6.752         3.6978         2.3610
 98  6.852         3.7176         2.3666
 99  6.952         3.7369         2.3752
100  7.052         3.7559         2.3862
101  7.152         3.7744         2.3949
102  7.252         3.7924         2.4017
103  7.352         3.8101         2.4106
104  7.452         3.8276         2.4234
105  7.552         3.8450         2.4408
106  7.652         3.8627         2.4626
107  7.752         3.8805         2.4857
108  7.852         3.8985         2.5052
109  7.952         3.9165         2.5269
110  8.052         3.9349         2.5519
111  8.152         3.9537         2.5808
112  8.252         3.9734         2.6193
113  8.352         3.9936         2.6517
114  8.452         4.0143         2.6827
115  8.552         4.0355         2.7137
116  8.652         4.0569         2.7378
117  8.752         4.0807         2.8074
118  8.852         4.1059         2.8576
119  8.952         4.1320         2.8979
120  9.052         4.1593         2.9441
121  9.152         4.1877         2.9891
122  9.252         4.2174         3.0372
123  9.352         4.2518         3.1340
124  9.452         4.2868         3.1758
125  9.552         4.3211         3.2018
126  9.652         4.3538         3.2139
127  9.752         4.3859         3.2389
128  9.852         4.4176         3.2653
129  9.952         4.4483         3.2819
130 10.052         4.4779         3.2976
131 10.152         4.5066         3.3112
132 10.252         4.5344         3.3275
133 10.352         4.5616         3.3444
134 10.452         4.5879         3.3566
135 10.552         4.6133         3.3693
136 10.652         4.6382         3.3828
137 10.752         4.6624         3.3963
138 10.852         4.6860         3.4103
139 10.952         4.7091         3.4238
140 11.052         4.7317         3.4370
141 11.152         4.7539         3.4504
142 11.252         4.7755         3.4622
143 11.352         4.7966         3.4719
144 11.452         4.8171         3.4817
145 11.552         4.8372         3.4915
146 11.652         4.8567         3.5007
147 11.752         4.8758         3.5091
148 11.852         4.8944         3.5158
149 11.952         4.9125         3.5247
150 12.052         4.9304         3.5365
151 12.152         4.9481         3.5496
152 12.252         4.9655         3.5597
153 12.352         4.9828         3.5729
154 12.452         5.0000         3.5898


#AGE=11.000 BINS=156 Power-law IMF: x=-2.350
# N  sdss_r       Log10(N)       Log10(dN)
  1 -2.895        -0.9008        -0.9008
  2 -2.795        -0.6299        -0.9634
  3 -2.695        -0.4409        -0.8933
  4 -2.595        -0.3067        -0.8822
  5 -2.495        -0.1935        -0.8328
  6 -2.395        -0.1026        -0.8263
  7 -2.295        -0.0184        -0.7726
  8 -2.195         0.0527        -0.7682
  9 -2.095         0.1189        -0.7307
 10 -1.995         0.1790        -0.7097
 11 -1.895         0.2351        -0.6810
 12 -1.795         0.2883        -0.6497
 13 -1.695         0.3373        -0.6346
 14 -1.595         0.3861        -0.5881
 15 -1.495         0.4325        -0.5614
 16 -1.395         0.4771        -0.5339
 17 -1.295         0.5202        -0.5037
 18 -1.195         0.5617        -0.4794
 19 -1.095         0.6029        -0.4397
 20 -0.995         0.6421        -0.4223
 21 -0.895         0.6798        -0.3998
 22 -0.795         0.7174        -0.3641
 23 -0.695         0.7550        -0.3265
 24 -0.595         0.7924        -0.2909
 25 -0.495         0.8287        -0.2672
 26 -0.395         0.9110         0.1481
 27 -0.295         0.9649         0.0320
 28 -0.195         1.0002        -0.1070
 29 -0.095         1.0327        -0.1099
 30  0.005         1.0697        -0.0176
 31  0.105         1.1132         0.0924
 32  0.205         1.1467         0.0161
 33  0.305         1.1784         0.0259
 34  0.405         1.2096         0.0503
 35  0.505         1.2398         0.0682
 36  0.605         1.2689         0.0800
 37  0.705         1.2993         0.1286
 38  0.805         1.3301         0.1655
 39  0.905         1.3613         0.2021
 40  1.005         1.3929         0.2401
 41  1.105         1.4246         0.2723
 42  1.205         1.4565         0.3059
 43  1.305         1.4885         0.3404
 44  1.405         1.5209         0.3771
 45  1.505         1.5532         0.4092
 46  1.605         1.5859         0.4460
 47  1.705         1.6187         0.4802
 48  1.805         1.6518         0.5171
 49  1.905         1.6855         0.5594
 50  2.005         1.7210         0.6157
 51  2.105         1.7584         0.6753
 52  2.205         1.7960         0.7141
 53  2.305         1.8329         0.7436
 54  2.405         1.8683         0.7624
 55  2.505         1.9020         0.7748
 56  2.605         1.9342         0.7890
 57  2.705         1.9656         0.8092
 58  2.805         1.9976         0.8479
 59  2.905         2.0326         0.9219
 60  3.005         2.0797         1.0922
 61  3.105         2.1485         1.3141
 62  3.205         2.2131         1.3533
 63  3.305         2.2757         1.4041
 64  3.405         2.3386         1.4683
 65  3.505         2.4007         1.5253
 66  3.605         2.4627         1.5864
 67  3.705         2.5241         1.6445
 68  3.805         2.5840         1.6939
 69  3.905         2.6415         1.7350
 70  4.005         2.6980         1.7843
 71  4.105         2.7532         1.8303
 72  4.205         2.8059         1.8637
 73  4.305         2.8553         1.8864
 74  4.405         2.9023         1.9137
 75  4.505         2.9477         1.9443
 76  4.605         2.9919         1.9781
 77  4.705         3.0349         2.0094
 78  4.805         3.0762         2.0330
 79  4.905         3.1160         2.0590
 80  5.005         3.1547         2.0853
 81  5.105         3.1924         2.1117
 82  5.205         3.2287         2.1337
 83  5.305         3.2639         2.1547
 84  5.405         3.2978         2.1730
 85  5.505         3.3305         2.1915
 86  5.605         3.3622         2.2099
 87  5.705         3.3929         2.2272
 88  5.805         3.4226         2.2421
 89  5.905         3.4512         2.2556
 90  6.005         3.4788         2.2677
 91  6.105         3.5053         2.2789
 92  6.205         3.5310         2.2890
 93  6.305         3.5557         2.2987
 94  6.405         3.5795         2.3066
 95  6.505         3.6024         2.3129
 96  6.605         3.6245         2.3210
 97  6.705         3.6459         2.3281
 98  6.805         3.6666         2.3346
 99  6.905         3.6867         2.3417
100  7.005         3.7064         2.3520
101  7.105         3.7256         2.3622
102  7.205         3.7443         2.3690
103  7.305         3.7626         2.3772
104  7.405         3.7806         2.3900
105  7.505         3.7985         2.4058
106  7.605         3.8166         2.4258
107  7.705         3.8348         2.4481
108  7.805         3.8531         2.4685
109  7.905         3.8714         2.4878
110  8.005         3.8901         2.5140
111  8.105         3.9091         2.5423
112  8.205         3.9287         2.5734
113  8.305         3.9492         2.6128
114  8.405         3.9701         2.6424
115  8.505         3.9916         2.6756
116  8.605         4.0137         2.7074
117  8.705         4.0367         2.7504
118  8.805         4.0614         2.8046
119  8.905         4.0873         2.8495
120  9.005         4.1143         2.8947
121  9.105         4.1426         2.9421
122  9.205         4.1719         2.9863
123  9.305         4.2047         3.0663
124  9.405         4.2393         3.1230
125  9.505         4.2754         3.1774
126  9.605         4.3094         3.1861
127  9.705         4.3422         3.2051
128  9.805         4.3747         3.2317
129  9.905         4.4061         3.2504
130 10.005         4.4366         3.2673
131 10.105         4.4660         3.2815
132 10.205         4.4945         3.2972
133 10.305         4.5221         3.3127
134 10.405         4.5490         3.3268
135 10.505         4.5750         3.3399
136 10.605         4.6002         3.3513
137 10.705         4.6247         3.3642
138 10.805         4.6486         3.3774
139 10.905         4.6720         3.3906
140 11.005         4.6948         3.4037
141 11.105         4.7171         3.4163
142 11.205         4.7389         3.4288
143 11.305         4.7602         3.4416
144 11.405         4.7811         3.4524
145 11.505         4.8014         3.4609
146 11.605         4.8211         3.4682
147 11.705         4.8403         3.4766
148 11.805         4.8591         3.4864
149 11.905         4.8776         3.4972
150 12.005         4.8957         3.5056
151 12.105         4.9134         3.5157
152 12.205         4.9310         3.5290
153 12.305         4.9484         3.5441
154 12.405         4.9657         3.5567
155 12.505         4.9829         3.5710
156 12.605         5.0000         3.5876


#AGE=12.000 BINS=154 Power-law IMF: x=-2.350
# N  sdss_r       Log10(N)       Log10(dN)
  1 -2.919        -0.8938        -0.8938
  2 -2.819        -0.6265        -0.9641
  3 -2.719        -0.4253        -0.8561
  4 -2.619        -0.2951        -0.8818
  5 -2.519        -0.1852        -0.8358
  6 -2.419        -0.0946        -0.8200
  7 -2.319        -0.0146        -0.7886
  8 -2.219         0.0603        -0.7400
  9 -2.119         0.1254        -0.7304
 10 -2.019         0.1872        -0.6908
 11 -1.919         0.2437        -0.6700
 12 -1.819         0.2978        -0.6332
 13 -1.719         0.3464        -0.6286
 14 -1.619         0.3938        -0.5916
 15 -1.519         0.4417        -0.5398
 16 -1.419         0.4872        -0.5155
 17 -1.319         0.5285        -0.5139
 18 -1.219         0.5708        -0.4610
 19 -1.119         0.6128        -0.4226
 20 -1.019         0.6518        -0.4143
 21 -0.919         0.6908        -0.3750
 22 -0.819         0.7277        -0.3619
 23 -0.719         0.7650        -0.3195
 24 -0.619         0.8029        -0.2753
 25 -0.519         0.8389        -0.2597
 26 -0.419         0.8731        -0.2476
 27 -0.319         0.9702         0.2720
 28 -0.219         1.0079        -0.0722
 29 -0.119         1.0417        -0.0841
 30 -0.019         1.0740        -0.0702
 31  0.081         1.1150         0.0695
 32  0.181         1.1545         0.0933
 33  0.281         1.1879         0.0568
 34  0.381         1.2195         0.0666
 35  0.481         1.2510         0.0953
 36  0.581         1.2811         0.1068
 37  0.681         1.3108         0.1308
 38  0.781         1.3412         0.1712
 39  0.881         1.3723         0.2119
 40  0.981         1.4037         0.2476
 41  1.081         1.4355         0.2842
 42  1.181         1.4676         0.3203
 43  1.281         1.4996         0.3517
 44  1.381         1.5321         0.3894
 45  1.481         1.5646         0.4226
 46  1.581         1.5971         0.4557
 47  1.681         1.6301         0.4934
 48  1.781         1.6630         0.5271
 49  1.881         1.6965         0.5662
 50  1.981         1.7305         0.6082
 51  2.081         1.7659         0.6591
 52  2.181         1.8039         0.7275
 53  2.281         1.8418         0.7629
 54  2.381         1.8789         0.7930
 55  2.481         1.9144         0.8087
 56  2.581         1.9480         0.8200
 57  2.681         1.9802         0.8337
 58  2.781         2.0115         0.8543
 59  2.881         2.0430         0.8876
 60  2.981         2.0771         0.9558
 61  3.081         2.1197         1.0901
 62  3.181         2.1809         1.2992
 63  3.281         2.2442         1.3767
 64  3.381         2.3053         1.4231
 65  3.481         2.3666         1.4861
 66  3.581         2.4284         1.5511
 67  3.681         2.4897         1.6095
 68  3.781         2.5501         1.6635
 69  3.881         2.6094         1.7152
 70  3.981         2.6669         1.7602
 71  4.081         2.7234         1.8102
 72  4.181         2.7789         1.8576
 73  4.281         2.8324         1.8967
 74  4.381         2.8830         1.9238
 75  4.481         2.9317         1.9576
 76  4.581         2.9788         1.9911
 77  4.681         3.0241         2.0191
 78  4.781         3.0675         2.0459
 79  4.881         3.1094         2.0737
 80  4.981         3.1502         2.1025
 81  5.081         3.1897         2.1286
 82  5.181         3.2279         2.1534
 83  5.281         3.2648         2.1763
 84  5.381         3.3004         2.1966
 85  5.481         3.3348         2.2162
 86  5.581         3.3681         2.2357
 87  5.681         3.4002         2.2533
 88  5.781         3.4312         2.2691
 89  5.881         3.4610         2.2831
 90  5.981         3.4898         2.2963
 91  6.081         3.5175         2.3084
 92  6.181         3.5441         2.3182
 93  6.281         3.5698         2.3296
 94  6.381         3.5946         2.3383
 95  6.481         3.6184         2.3450
 96  6.581         3.6413         2.3529
 97  6.681         3.6635         2.3614
 98  6.781         3.6850         2.3676
 99  6.881         3.7058         2.3759
100  6.981         3.7260         2.3852
101  7.081         3.7458         2.3948
102  7.181         3.7652         2.4042
103  7.281         3.7840         2.4108
104  7.381         3.8025         2.4226
105  7.481         3.8209         2.4396
106  7.581         3.8394         2.4602
107  7.681         3.8580         2.4806
108  7.781         3.8767         2.5006
109  7.881         3.8954         2.5213
110  7.981         3.9144         2.5446
111  8.081         3.9338         2.5736
112  8.181         3.9538         2.6072
113  8.281         3.9744         2.6419
114  8.381         3.9957         2.6747
115  8.481         4.0175         2.7071
116  8.581         4.0399         2.7418
117  8.681         4.0630         2.7771
118  8.781         4.0878         2.8318
119  8.881         4.1139         2.8794
120  8.981         4.1409         2.9216
121  9.081         4.1692         2.9685
122  9.181         4.1987         3.0160
123  9.281         4.2310         3.0873
124  9.381         4.2653         3.1449
125  9.481         4.3018         3.2082
126  9.581         4.3370         3.2279
127  9.681         4.3706         3.2434
128  9.781         4.4036         3.2671
129  9.881         4.4357         3.2895
130  9.981         4.4667         3.3046
131 10.081         4.4966         3.3194
132 10.181         4.5255         3.3348
133 10.281         4.5536         3.3501
134 10.381         4.5809         3.3661
135 10.481         4.6073         3.3768
136 10.581         4.6327         3.3870
137 10.681         4.6574         3.4010
138 10.781         4.6815         3.4139
139 10.881         4.7050         3.4259
140 10.981         4.7279         3.4382
141 11.081         4.7503         3.4514
142 11.181         4.7722         3.4641
143 11.281         4.7936         3.4753
144 11.381         4.8144         3.4861
145 11.481         4.8349         3.4968
146 11.581         4.8548         3.5064
147 11.681         4.8742         3.5146
148 11.781         4.8931         3.5217
149 11.881         4.9115         3.5308
150 11.981         4.9297         3.5423
151 12.081         4.9476         3.5543
152 12.181         4.9652         3.5638
153 12.281         4.9826         3.5768
154 12.381         5.0000         3.5940


#AGE=13.000 BINS=155 Power-law IMF: x=-2.350
# N  sdss_r       Log10(N)       Log10(dN)
  1 -2.889        -1.2313        -1.2313
  2 -2.789        -0.7573        -0.9349
  3 -2.689        -0.5579        -0.9920
  4 -2.589        -0.3926        -0.8921
  5 -2.489        -0.2705        -0.8812
  6 -2.389        -0.1752        -0.8807
  7 -2.289        -0.0830        -0.8013
  8 -2.189        -0.0082        -0.8093
  9 -2.089         0.0640        -0.7506
 10 -1.989         0.1253        -0.7552
 11 -1.889         0.1844        -0.7108
 12 -1.789         0.2399        -0.6811
 13 -1.689         0.2893        -0.6797
 14 -1.589         0.3400        -0.6180
 15 -1.489         0.3868        -0.6041
 16 -1.389         0.4327        -0.5655
 17 -1.289         0.4760        -0.5466
 18 -1.189         0.5188        -0.5087
 19 -1.089         0.5608        -0.4744
 20 -0.989         0.6019        -0.4434
 21 -0.889         0.6404        -0.4303
 22 -0.789         0.6780        -0.4033
 23 -0.689         0.7163        -0.3571
 24 -0.589         0.7539        -0.3276
 25 -0.489         0.7903        -0.3044
 26 -0.389         0.8268        -0.2668
 27 -0.289         0.9163         0.1865
 28 -0.189         0.9588        -0.0725
 29 -0.089         0.9937        -0.1177
 30  0.011         1.0261        -0.1174
 31  0.111         1.0673         0.0233
 32  0.211         1.1070         0.0491
 33  0.311         1.1405         0.0102
 34  0.411         1.1726         0.0263
 35  0.511         1.2042         0.0506
 36  0.611         1.2353         0.0742
 37  0.711         1.2653         0.0903
 38  0.811         1.2957         0.1250
 39  0.911         1.3269         0.1674
 40  1.011         1.3586         0.2066
 41  1.111         1.3908         0.2443
 42  1.211         1.4229         0.2767
 43  1.311         1.4556         0.3150
 44  1.411         1.4881         0.3469
 45  1.511         1.5209         0.3828
 46  1.611         1.5538         0.4161
 47  1.711         1.5870         0.4540
 48  1.811         1.6203         0.4881
 49  1.911         1.6538         0.5253
 50  2.011         1.6879         0.5660
 51  2.111         1.7229         0.6111
 52  2.211         1.7608         0.6833
 53  2.311         1.7991         0.7254
 54  2.411         1.8370         0.7595
 55  2.511         1.8735         0.7790
 56  2.611         1.9078         0.7887
 57  2.711         1.9406         0.8023
 58  2.811         1.9722         0.8182
 59  2.911         2.0034         0.8440
 60  3.011         2.0357         0.8914
 61  3.111         2.0725         0.9821
 62  3.211         2.1216         1.1509
 63  3.311         2.1834         1.3060
 64  3.411         2.2436         1.3554
 65  3.511         2.3044         1.4208
 66  3.611         2.3658         1.4860
 67  3.711         2.4276         1.5503
 68  3.811         2.4892         1.6105
 69  3.911         2.5497         1.6640
 70  4.011         2.6088         1.7134
 71  4.111         2.6663         1.7595
 72  4.211         2.7234         1.8136
 73  4.311         2.7795         1.8634
 74  4.411         2.8329         1.8962
 75  4.511         2.8837         1.9266
 76  4.611         2.9321         1.9554
 77  4.711         2.9784         1.9833
 78  4.811         3.0232         2.0138
 79  4.911         3.0665         2.0436
 80  5.011         3.1084         2.0721
 81  5.111         3.1489         2.0993
 82  5.211         3.1882         2.1244
 83  5.311         3.2261         2.1483
 84  5.411         3.2626         2.1694
 85  5.511         3.2979         2.1903
 86  5.611         3.3320         2.2100
 87  5.711         3.3648         2.2272
 88  5.811         3.3965         2.2436
 89  5.911         3.4269         2.2569
 90  6.011         3.4562         2.2701
 91  6.111         3.4844         2.2827
 92  6.211         3.5115         2.2940
 93  6.311         3.5377         2.3041
 94  6.411         3.5628         2.3128
 95  6.511         3.5869         2.3198
 96  6.611         3.6103         2.3288
 97  6.711         3.6328         2.3372
 98  6.811         3.6547         2.3451
 99  6.911         3.6758         2.3526
100  7.011         3.6964         2.3616
101  7.111         3.7165         2.3732
102  7.211         3.7361         2.3805
103  7.311         3.7552         2.3897
104  7.411         3.7741         2.4031
105  7.511         3.7930         2.4225
106  7.611         3.8120         2.4430
107  7.711         3.8310         2.4633
108  7.811         3.8501         2.4834
109  7.911         3.8693         2.5055
110  8.011         3.8888         2.5309
111  8.111         3.9086         2.5581
112  8.211         3.9294         2.5975
113  8.311         3.9506         2.6301
114  8.411         3.9724         2.6619
115  8.511         3.9948         2.6965
116  8.611         4.0179         2.7309
117  8.711         4.0419         2.7723
118  8.811         4.0675         2.8265
119  8.911         4.0943         2.8702
120  9.011         4.1218         2.9107
121  9.111         4.1507         2.9593
122  9.211         4.1813         3.0130
123  9.311         4.2146         3.0836
124  9.411         4.2493         3.1342
125  9.511         4.2868         3.2045
126  9.611         4.3220         3.2129
127  9.711         4.3558         3.2312
128  9.811         4.3891         3.2561
129  9.911         4.4211         3.2737
130 10.011         4.4521         3.2902
131 10.111         4.4820         3.3039
132 10.211         4.5109         3.3198
133 10.311         4.5390         3.3370
134 10.411         4.5662         3.3484
135 10.511         4.5923         3.3593
136 10.611         4.6177         3.3709
137 10.711         4.6423         3.3829
138 10.811         4.6662         3.3956
139 10.911         4.6895         3.4077
140 11.011         4.7122         3.4192
141 11.111         4.7344         3.4314
142 11.211         4.7561         3.4449
143 11.311         4.7774         3.4574
144 11.411         4.7982         3.4673
145 11.511         4.8184         3.4754
146 11.611         4.8380         3.4843
147 11.711         4.8573         3.4939
148 11.811         4.8761         3.5040
149 11.911         4.8945         3.5120
150 12.011         4.9125         3.5220
151 12.111         4.9304         3.5347
152 12.211         4.9480         3.5486
153 12.311         4.9654         3.5601
154 12.411         4.9827         3.5740
155 12.511         5.0000         3.5908
