#NUMBER OF AGES=15
#----------------------------------------------------       
#MIX-LEN  Y      Z          Zeff        [Fe/H] [a/Fe]       
# 1.9380  0.2644 1.2838E-02 1.2838E-02  -0.10   0.00        
#----------------------------------------------------       
#**PHOTOMETRIC SYSTEM**: SDSS (AB)                          
#----------------------------------------------------       
#AGE= 0.010 BINS=142 Power-law IMF: x=-2.350
# N  sdss_r       Log10(N)       Log10(dN)
  1 -2.461         1.3402         1.3402
  2 -2.361         1.6468         1.3514
  3 -2.261         1.8277         1.3601
  4 -2.161         1.9566         1.3663
  5 -2.061         2.0765         1.4586
  6 -1.961         2.1948         1.5724
  7 -1.861         2.2879         1.5734
  8 -1.761         2.3651         1.5767
  9 -1.661         2.4298         1.5709
 10 -1.561         2.4850         1.5619
 11 -1.461         2.5331         1.5536
 12 -1.361         2.5726         1.5119
 13 -1.261         2.6037         1.4426
 14 -1.161         2.6289         1.3808
 15 -1.061         2.6502         1.3293
 16 -0.961         2.6687         1.2903
 17 -0.861         2.6857         1.2683
 18 -0.761         2.7021         1.2722
 19 -0.661         2.7194         1.3104
 20 -0.561         2.7375         1.3491
 21 -0.461         2.7764         1.7092
 22 -0.361         2.8239         1.8388
 23 -0.261         2.8716         1.8892
 24 -0.161         2.9225         1.9660
 25 -0.061         2.9745         2.0269
 26  0.039         3.0242         2.0579
 27  0.139         3.0732         2.1018
 28  0.239         3.1191         2.1205
 29  0.339         3.1584         2.0948
 30  0.439         3.1914         2.0565
 31  0.539         3.2199         2.0224
 32  0.639         3.2471         2.0300
 33  0.739         3.2774         2.1066
 34  0.839         3.3169         2.2560
 35  0.939         3.3604         2.3397
 36  1.039         3.3930         2.2523
 37  1.139         3.4192         2.1862
 38  1.239         3.4373         2.0484
 39  1.339         3.4552         2.0624
 40  1.439         3.4731         2.0778
 41  1.539         3.4908         2.0912
 42  1.639         3.5084         2.1088
 43  1.739         3.5271         2.1528
 44  1.839         3.5468         2.1935
 45  1.939         3.5672         2.2283
 46  2.039         3.5880         2.2581
 47  2.139         3.6091         2.2837
 48  2.239         3.6301         2.3055
 49  2.339         3.6511         2.3238
 50  2.439         3.6717         2.3387
 51  2.539         3.6920         2.3504
 52  2.639         3.7117         2.3587
 53  2.739         3.7329         2.4111
 54  2.839         3.7534         2.4167
 55  2.939         3.7730         2.4181
 56  3.039         3.7916         2.4154
 57  3.139         3.8092         2.4083
 58  3.239         3.8257         2.3965
 59  3.339         3.8410         2.3795
 60  3.439         3.8550         2.3563
 61  3.539         3.8667         2.2924
 62  3.639         3.8769         2.2425
 63  3.739         3.8861         2.2068
 64  3.839         3.8969         2.2866
 65  3.939         3.9049         2.1684
 66  4.039         3.9186         2.4103
 67  4.139         3.9350         2.5045
 68  4.239         3.9492         2.4554
 69  4.339         3.9625         2.4424
 70  4.439         3.9754         2.4416
 71  4.539         3.9877         2.4343
 72  4.639         4.0008         2.4728
 73  4.739         4.0124         2.4331
 74  4.839         4.0213         2.3297
 75  4.939         4.0303         2.3413
 76  5.039         4.0393         2.3530
 77  5.139         4.0484         2.3649
 78  5.239         4.0576         2.3770
 79  5.339         4.0668         2.3893
 80  5.439         4.0761         2.4018
 81  5.539         4.0855         2.4144
 82  5.639         4.0949         2.4273
 83  5.739         4.1044         2.4403
 84  5.839         4.1140         2.4543
 85  5.939         4.1238         2.4699
 86  6.039         4.1336         2.4849
 87  6.139         4.1436         2.4994
 88  6.239         4.1537         2.5132
 89  6.339         4.1634         2.5108
 90  6.439         4.1710         2.4093
 91  6.539         4.1786         2.4186
 92  6.639         4.1863         2.4294
 93  6.739         4.1940         2.4419
 94  6.839         4.2019         2.4559
 95  6.939         4.2099         2.4715
 96  7.039         4.2181         2.4886
 97  7.139         4.2265         2.5072
 98  7.239         4.2350         2.5273
 99  7.339         4.2439         2.5481
100  7.439         4.2527         2.5544
101  7.539         4.2597         2.4620
102  7.639         4.2653         2.3777
103  7.739         4.2709         2.3740
104  7.839         4.2770         2.4248
105  7.939         4.2833         2.4407
106  8.039         4.2897         2.4558
107  8.139         4.2964         2.4782
108  8.239         4.3030         2.4835
109  8.339         4.3124         2.6418
110  8.439         4.3335         3.0098
111  8.539         4.3565         3.0703
112  8.639         4.3826         3.1476
113  8.739         4.4126         3.2366
114  8.839         4.4420         3.2579
115  8.939         4.4700         3.2666
116  9.039         4.4965         3.2675
117  9.139         4.5212         3.2641
118  9.239         4.5444         3.2618
119  9.339         4.5665         3.2608
120  9.439         4.5875         3.2614
121  9.539         4.6076         3.2636
122  9.639         4.6270         3.2675
123  9.739         4.6458         3.2728
124  9.839         4.6641         3.2794
125  9.939         4.6819         3.2869
126 10.039         4.6996         3.2996
127 10.139         4.7174         3.3207
128 10.239         4.7355         3.3458
129 10.339         4.7542         3.3804
130 10.439         4.7712         3.3539
131 10.539         4.7864         3.3228
132 10.639         4.8052         3.4320
133 10.739         4.8242         3.4572
134 10.839         4.8435         3.4816
135 10.939         4.8630         3.5049
136 11.039         4.8826         3.5273
137 11.139         4.9023         3.5487
138 11.239         4.9220         3.5689
139 11.339         4.9417         3.5881
140 11.439         4.9613         3.6060
141 11.539         4.9807         3.6226
142 11.639         5.0000         3.6377


#AGE= 0.100 BINS=138 Power-law IMF: x=-2.350
# N  sdss_r       Log10(N)       Log10(dN)
  1 -1.956         1.3665         1.3665
  2 -1.856         1.6734         1.3781
  3 -1.756         1.8543         1.3866
  4 -1.656         1.9830         1.3920
  5 -1.556         2.0859         1.4099
  6 -1.456         2.1687         1.4085
  7 -1.356         2.2452         1.4530
  8 -1.256         2.3338         1.6001
  9 -1.156         2.4058         1.5899
 10 -1.056         2.4655         1.5744
 11 -0.956         2.5112         1.5107
 12 -0.856         2.5455         1.4250
 13 -0.756         2.5722         1.3474
 14 -0.656         2.5942         1.2897
 15 -0.556         2.6142         1.2656
 16 -0.456         2.6342         1.2877
 17 -0.356         2.6727         1.6012
 18 -0.256         2.7255         1.7845
 19 -0.156         2.7776         1.8305
 20 -0.056         2.8366         1.9405
 21  0.044         2.8958         2.0013
 22  0.144         2.9507         2.0250
 23  0.244         3.0057         2.0813
 24  0.344         3.0586         2.1179
 25  0.444         3.1103         2.1604
 26  0.544         3.1524         2.1186
 27  0.644         3.1856         2.0519
 28  0.744         3.2149         2.0288
 29  0.844         3.2471         2.1023
 30  0.944         3.2863         2.2217
 31  1.044         3.3310         2.3216
 32  1.144         3.3660         2.2545
 33  1.244         3.3941         2.1912
 34  1.344         3.4131         2.0460
 35  1.444         3.4321         2.0623
 36  1.544         3.4506         2.0701
 37  1.644         3.4688         2.0839
 38  1.744         3.4869         2.0981
 39  1.844         3.5051         2.1179
 40  1.944         3.5242         2.1575
 41  2.044         3.5440         2.1927
 42  2.144         3.5642         2.2222
 43  2.244         3.5846         2.2470
 44  2.344         3.6051         2.2678
 45  2.444         3.6254         2.2851
 46  2.544         3.6454         2.2993
 47  2.644         3.6651         2.3106
 48  2.744         3.6842         2.3190
 49  2.844         3.7028         2.3246
 50  2.944         3.7229         2.3789
 51  3.044         3.7424         2.3849
 52  3.144         3.7611         2.3861
 53  3.244         3.7790         2.3840
 54  3.344         3.7959         2.3784
 55  3.444         3.8119         2.3690
 56  3.544         3.8266         2.3506
 57  3.644         3.8393         2.2991
 58  3.744         3.8511         2.2773
 59  3.844         3.8624         2.2743
 60  3.944         3.8761         2.3682
 61  4.044         3.8890         2.3529
 62  4.144         3.9062         2.4971
 63  4.244         3.9220         2.4748
 64  4.344         3.9358         2.4316
 65  4.444         3.9494         2.4363
 66  4.544         3.9612         2.3907
 67  4.644         3.9737         2.4263
 68  4.744         3.9869         2.4624
 69  4.844         3.9979         2.3986
 70  4.944         4.0070         2.3225
 71  5.044         4.0161         2.3339
 72  5.144         4.0253         2.3456
 73  5.244         4.0345         2.3574
 74  5.344         4.0438         2.3694
 75  5.444         4.0532         2.3815
 76  5.544         4.0626         2.3939
 77  5.644         4.0721         2.4065
 78  5.744         4.0816         2.4192
 79  5.844         4.0913         2.4322
 80  5.944         4.1010         2.4453
 81  6.044         4.1108         2.4602
 82  6.144         4.1207         2.4759
 83  6.244         4.1308         2.4909
 84  6.344         4.1410         2.5052
 85  6.444         4.1512         2.5187
 86  6.544         4.1615         2.5316
 87  6.644         4.1715         2.5301
 88  6.744         4.1793         2.4263
 89  6.844         4.1870         2.4338
 90  6.944         4.1948         2.4430
 91  7.044         4.2026         2.4539
 92  7.144         4.2105         2.4666
 93  7.244         4.2185         2.4811
 94  7.344         4.2267         2.4973
 95  7.444         4.2350         2.5139
 96  7.544         4.2431         2.5090
 97  7.644         4.2495         2.4120
 98  7.744         4.2549         2.3485
 99  7.844         4.2605         2.3709
100  7.944         4.2667         2.4131
101  8.044         4.2729         2.4297
102  8.144         4.2794         2.4490
103  8.244         4.2861         2.4738
104  8.344         4.2936         2.5247
105  8.444         4.2920         2.5247
106  8.544         4.3021         2.6660
107  8.644         4.3248         3.0316
108  8.744         4.3548         3.1784
109  8.844         4.3859         3.2252
110  8.944         4.4167         3.2524
111  9.044         4.4468         3.2724
112  9.144         4.4757         3.2851
113  9.244         4.5032         3.2903
114  9.344         4.5289         3.2890
115  9.444         4.5531         3.2873
116  9.544         4.5760         3.2865
117  9.644         4.5978         3.2867
118  9.744         4.6185         3.2879
119  9.844         4.6384         3.2899
120  9.944         4.6576         3.2924
121 10.044         4.6760         3.2952
122 10.144         4.6942         3.3064
123 10.244         4.7123         3.3238
124 10.344         4.7308         3.3509
125 10.444         4.7476         3.3271
126 10.544         4.7620         3.2735
127 10.644         4.7807         3.4057
128 10.744         4.7999         3.4353
129 10.844         4.8194         3.4617
130 10.944         4.8391         3.4872
131 11.044         4.8591         3.5116
132 11.144         4.8792         3.5350
133 11.244         4.8994         3.5573
134 11.344         4.9197         3.5785
135 11.444         4.9399         3.5985
136 11.544         4.9601         3.6171
137 11.644         4.9802         3.6344
138 11.744         5.0000         3.6501


#AGE= 1.000 BINS=138 Power-law IMF: x=-2.350
# N  sdss_r       Log10(N)       Log10(dN)
  1 -0.901        -0.1435        -0.1435
  2 -0.801         0.1498        -0.1592
  3 -0.701         0.3244        -0.1556
  4 -0.601         0.4489        -0.1545
  5 -0.501         0.5458        -0.1532
  6 -0.401         0.6259        -0.1475
  7 -0.301         0.6941        -0.1441
  8 -0.201         0.7538        -0.1369
  9 -0.101         0.8066        -0.1346
 10 -0.001         0.8533        -0.1391
 11  0.099         0.8956        -0.1362
 12  0.199         0.9342        -0.1362
 13  0.299         0.9694        -0.1397
 14  0.399         1.0014        -0.1471
 15  0.499         1.0307        -0.1542
 16  0.599         1.2163         0.7577
 17  0.699         1.3220         0.6563
 18  0.799         1.4377         0.8066
 19  0.899         1.7027         1.3624
 20  0.999         1.9872         1.6691
 21  1.099         2.1798         1.7337
 22  1.199         2.3180         1.7534
 23  1.299         2.4281         1.7782
 24  1.399         2.5162         1.7801
 25  1.499         2.5928         1.8019
 26  1.599         2.6611         1.8235
 27  1.699         2.7220         1.8393
 28  1.799         2.7779         1.8599
 29  1.899         2.8312         1.8938
 30  1.999         2.8815         1.9200
 31  2.099         2.9285         1.9396
 32  2.199         2.9725         1.9563
 33  2.299         3.0141         1.9754
 34  2.399         3.0533         1.9890
 35  2.499         3.0902         2.0004
 36  2.599         3.1243         2.0032
 37  2.699         3.1579         2.0301
 38  2.799         3.1899         2.0402
 39  2.899         3.2188         2.0286
 40  2.999         3.2469         2.0434
 41  3.099         3.2742         2.0582
 42  3.199         3.3006         2.0718
 43  3.299         3.3262         2.0843
 44  3.399         3.3510         2.0956
 45  3.499         3.3750         2.1058
 46  3.599         3.3983         2.1148
 47  3.699         3.4207         2.1226
 48  3.799         3.4423         2.1292
 49  3.899         3.4635         2.1404
 50  3.999         3.4842         2.1527
 51  4.099         3.5042         2.1578
 52  4.199         3.5233         2.1559
 53  4.299         3.5410         2.1426
 54  4.399         3.5571         2.1181
 55  4.499         3.5754         2.1917
 56  4.599         3.5935         2.2036
 57  4.699         3.6112         2.2136
 58  4.799         3.6287         2.2249
 59  4.899         3.6462         2.2427
 60  4.999         3.6646         2.2827
 61  5.099         3.6802         2.2258
 62  5.199         3.6942         2.1961
 63  5.299         3.7076         2.1907
 64  5.399         3.7207         2.1955
 65  5.499         3.7333         2.1884
 66  5.599         3.7461         2.2078
 67  5.699         3.7590         2.2261
 68  5.799         3.7720         2.2406
 69  5.899         3.7849         2.2541
 70  5.999         3.7981         2.2726
 71  6.099         3.8114         2.2910
 72  6.199         3.8248         2.3081
 73  6.299         3.8383         2.3239
 74  6.399         3.8518         2.3386
 75  6.499         3.8654         2.3521
 76  6.599         3.8789         2.3644
 77  6.699         3.8923         2.3756
 78  6.799         3.9056         2.3856
 79  6.899         3.9188         2.3944
 80  6.999         3.9318         2.4020
 81  7.099         3.9446         2.4083
 82  7.199         3.9572         2.4134
 83  7.299         3.9695         2.4171
 84  7.399         3.9816         2.4193
 85  7.499         3.9934         2.4201
 86  7.599         4.0048         2.4192
 87  7.699         4.0159         2.4167
 88  7.799         4.0266         2.4149
 89  7.899         4.0372         2.4178
 90  7.999         4.0477         2.4246
 91  8.099         4.0581         2.4353
 92  8.199         4.0686         2.4455
 93  8.299         4.0766         2.3409
 94  8.399         4.0859         2.4095
 95  8.499         4.0971         2.5018
 96  8.599         4.1085         2.5216
 97  8.699         4.1202         2.5454
 98  8.799         4.1322         2.5695
 99  8.899         4.1445         2.5897
100  8.999         4.1570         2.6097
101  9.099         4.1699         2.6359
102  9.199         4.1833         2.6670
103  9.299         4.1973         2.6970
104  9.399         4.2117         2.7246
105  9.499         4.2267         2.7603
106  9.599         4.2424         2.7913
107  9.699         4.2586         2.8213
108  9.799         4.2753         2.8533
109  9.899         4.2928         2.8891
110  9.999         4.3116         2.9390
111 10.099         4.3322         2.9983
112 10.199         4.3541         3.0460
113 10.299         4.3768         3.0825
114 10.399         4.3995         3.1074
115 10.499         4.4217         3.1193
116 10.599         4.4429         3.1202
117 10.699         4.4614         3.0817
118 10.799         4.4841         3.1906
119 10.899         4.5093         3.2602
120 10.999         4.5346         3.2881
121 11.099         4.5603         3.3187
122 11.199         4.5862         3.3502
123 11.299         4.6124         3.3795
124 11.399         4.6386         3.4064
125 11.499         4.6647         3.4308
126 11.599         4.6906         3.4525
127 11.699         4.7161         3.4718
128 11.799         4.7413         3.4923
129 11.899         4.7663         3.5147
130 11.999         4.7913         3.5392
131 12.099         4.8164         3.5659
132 12.199         4.8418         3.5950
133 12.299         4.8674         3.6266
134 12.399         4.8936         3.6601
135 12.499         4.9201         3.6922
136 12.599         4.9468         3.7219
137 12.699         4.9734         3.7489
138 12.799         5.0000         3.7731


#AGE= 2.000 BINS=150 Power-law IMF: x=-2.350
# N  sdss_r       Log10(N)       Log10(dN)
  1 -1.799        -0.1757        -0.1757
  2 -1.699         0.1093        -0.2084
  3 -1.599         0.2808        -0.2056
  4 -1.499         0.4097        -0.1807
  5 -1.399         0.5132        -0.1604
  6 -1.299         0.5985        -0.1505
  7 -1.199         0.6727        -0.1313
  8 -1.099         0.7397        -0.1050
  9 -0.999         0.8009        -0.0804
 10 -0.899         0.8577        -0.0533
 11 -0.799         0.9111        -0.0261
 12 -0.699         0.9618         0.0044
 13 -0.599         1.0094         0.0251
 14 -0.499         1.0516         0.0186
 15 -0.399         1.0942         0.0643
 16 -0.299         1.1361         0.0996
 17 -0.199         1.1760         0.1197
 18 -0.099         1.2136         0.1328
 19  0.001         1.2515         0.1734
 20  0.101         1.3812         0.7932
 21  0.201         1.4647         0.7071
 22  0.301         1.5448         0.7712
 23  0.401         1.5661         0.2460
 24  0.501         1.5858         0.2325
 25  0.601         1.6043         0.2260
 26  0.701         1.6222         0.2276
 27  0.801         1.6393         0.2269
 28  0.901         1.6558         0.2272
 29  1.001         1.6716         0.2243
 30  1.101         1.6867         0.2210
 31  1.201         1.7012         0.2171
 32  1.301         1.7150         0.2111
 33  1.401         1.7282         0.2037
 34  1.501         1.7410         0.2019
 35  1.601         1.7532         0.1956
 36  1.701         1.8480         1.1406
 37  1.801         1.8793         0.7217
 38  1.901         1.9535         1.1493
 39  2.001         2.1564         1.7285
 40  2.101         2.3379         1.8713
 41  2.201         2.4720         1.8963
 42  2.301         2.5669         1.8600
 43  2.401         2.6391         1.8242
 44  2.501         2.7027         1.8373
 45  2.601         2.7606         1.8569
 46  2.701         2.8148         1.8841
 47  2.801         2.8610         1.8645
 48  2.901         2.9116         1.9530
 49  3.001         2.9579         1.9629
 50  3.101         3.0004         1.9701
 51  3.201         3.0395         1.9742
 52  3.301         3.0754         1.9752
 53  3.401         3.1123         2.0231
 54  3.501         3.1491         2.0583
 55  3.601         3.1839         2.0716
 56  3.701         3.2157         2.0632
 57  3.801         3.2432         2.0325
 58  3.901         3.2698         2.0434
 59  4.001         3.2964         2.0702
 60  4.101         3.3222         2.0837
 61  4.201         3.3466         2.0838
 62  4.301         3.3690         2.0687
 63  4.401         3.3899         2.0632
 64  4.501         3.4096         2.0556
 65  4.601         3.4262         2.0013
 66  4.701         3.4472         2.1204
 67  4.801         3.4679         2.1365
 68  4.901         3.4881         2.1458
 69  5.001         3.5080         2.1576
 70  5.101         3.5276         2.1727
 71  5.201         3.5467         2.1803
 72  5.301         3.5640         2.1577
 73  5.401         3.5803         2.1460
 74  5.501         3.5960         2.1464
 75  5.601         3.6111         2.1453
 76  5.701         3.6259         2.1500
 77  5.801         3.6404         2.1563
 78  5.901         3.6546         2.1618
 79  6.001         3.6688         2.1755
 80  6.101         3.6833         2.1992
 81  6.201         3.6980         2.2211
 82  6.301         3.7129         2.2406
 83  6.401         3.7278         2.2579
 84  6.501         3.7428         2.2730
 85  6.601         3.7577         2.2860
 86  6.701         3.7725         2.2969
 87  6.801         3.7871         2.3056
 88  6.901         3.8014         2.3122
 89  7.001         3.8154         2.3165
 90  7.101         3.8290         2.3185
 91  7.201         3.8422         2.3179
 92  7.301         3.8549         2.3145
 93  7.401         3.8670         2.3081
 94  7.501         3.8787         2.3017
 95  7.601         3.8900         2.3013
 96  7.701         3.9012         2.3065
 97  7.801         3.9124         2.3174
 98  7.901         3.9237         2.3328
 99  8.001         3.9350         2.3452
100  8.101         3.9462         2.3511
101  8.201         3.9543         2.2215
102  8.301         3.9666         2.4134
103  8.401         3.9786         2.4134
104  8.501         3.9906         2.4259
105  8.601         4.0027         2.4415
106  8.701         4.0153         2.4716
107  8.801         4.0282         2.4932
108  8.901         4.0412         2.5130
109  9.001         4.0546         2.5352
110  9.101         4.0683         2.5611
111  9.201         4.0826         2.5935
112  9.301         4.0974         2.6238
113  9.401         4.1129         2.6557
114  9.501         4.1289         2.6884
115  9.601         4.1454         2.7163
116  9.701         4.1627         2.7549
117  9.801         4.1823         2.8263
118  9.901         4.2039         2.8899
119 10.001         4.2269         2.9399
120 10.101         4.2508         2.9787
121 10.201         4.2748         3.0068
122 10.301         4.2986         3.0240
123 10.401         4.3213         3.0290
124 10.501         4.3424         3.0193
125 10.601         4.3600         2.9584
126 10.701         4.3776         2.9749
127 10.801         4.3998         3.0990
128 10.901         4.4245         3.1672
129 11.001         4.4507         3.2179
130 11.101         4.4771         3.2482
131 11.201         4.5032         3.2676
132 11.301         4.5292         3.2939
133 11.401         4.5552         3.3197
134 11.501         4.5812         3.3450
135 11.601         4.6071         3.3697
136 11.701         4.6329         3.3936
137 11.801         4.6584         3.4159
138 11.901         4.6839         3.4393
139 12.001         4.7093         3.4645
140 12.101         4.7349         3.4915
141 12.201         4.7606         3.5205
142 12.301         4.7867         3.5517
143 12.401         4.8131         3.5847
144 12.501         4.8399         3.6166
145 12.601         4.8668         3.6458
146 12.701         4.8937         3.6724
147 12.801         4.9204         3.6961
148 12.901         4.9470         3.7204
149 13.001         4.9735         3.7461
150 13.101         5.0000         3.7718


#AGE= 3.000 BINS=148 Power-law IMF: x=-2.350
# N  sdss_r       Log10(N)       Log10(dN)
  1 -1.675         0.0487         0.0487
  2 -1.575         0.2568        -0.1626
  3 -1.475         0.3849        -0.2079
  4 -1.375         0.4819        -0.2165
  5 -1.275         0.5652        -0.1931
  6 -1.175         0.6390        -0.1674
  7 -1.075         0.7033        -0.1580
  8 -0.975         0.7619        -0.1365
  9 -0.875         0.8165        -0.1115
 10 -0.775         0.8658        -0.1037
 11 -0.675         0.9898         0.3849
 12 -0.575         1.0451         0.1231
 13 -0.475         1.0785        -0.0524
 14 -0.375         1.1129        -0.0059
 15 -0.275         1.1483         0.0428
 16 -0.175         1.1836         0.0752
 17 -0.075         1.2188         0.1103
 18  0.025         1.2529         0.1312
 19  0.125         1.2901         0.2042
 20  0.225         1.3461         0.4290
 21  0.325         1.3868         0.3382
 22  0.425         1.4195         0.2799
 23  0.525         1.5117         0.7932
 24  0.625         1.5596         0.5785
 25  0.725         1.5889         0.4031
 26  0.825         1.6185         0.4382
 27  0.925         1.6492         0.4831
 28  1.025         1.6823         0.5479
 29  1.125         1.7151         0.5766
 30  1.225         1.7461         0.5845
 31  1.325         1.7763         0.6034
 32  1.425         1.8055         0.6188
 33  1.525         1.8338         0.6339
 34  1.625         1.8610         0.6444
 35  1.725         1.8871         0.6526
 36  1.825         1.9121         0.6600
 37  1.925         1.9361         0.6665
 38  2.025         1.9591         0.6708
 39  2.125         1.9810         0.6724
 40  2.225         2.1026         1.4905
 41  2.325         2.2438         1.6870
 42  2.425         2.3020         1.4003
 43  2.525         2.3603         1.4597
 44  2.625         2.4323         1.6163
 45  2.725         2.5179         1.7703
 46  2.825         2.6154         1.9191
 47  2.925         2.7142         2.0225
 48  3.025         2.7883         1.9839
 49  3.125         2.8499         1.9713
 50  3.225         2.9084         2.0091
 51  3.325         2.9635         2.0393
 52  3.425         3.0128         2.0437
 53  3.525         3.0581         2.0539
 54  3.625         3.1015         2.0797
 55  3.725         3.1415         2.0859
 56  3.825         3.1785         2.0905
 57  3.925         3.2127         2.0914
 58  4.025         3.2441         2.0886
 59  4.125         3.2723         2.0707
 60  4.225         3.2950         2.0021
 61  4.325         3.3198         2.0636
 62  4.425         3.3413         2.0263
 63  4.525         3.3620         2.0295
 64  4.625         3.3859         2.1149
 65  4.725         3.4090         2.1233
 66  4.825         3.4322         2.1478
 67  4.925         3.4547         2.1580
 68  5.025         3.4767         2.1692
 69  5.125         3.4981         2.1809
 70  5.225         3.5191         2.1931
 71  5.325         3.5393         2.1972
 72  5.425         3.5585         2.1938
 73  5.525         3.5766         2.1889
 74  5.625         3.5940         2.1865
 75  5.725         3.6107         2.1867
 76  5.825         3.6268         2.1900
 77  5.925         3.6429         2.2017
 78  6.025         3.6588         2.2148
 79  6.125         3.6746         2.2286
 80  6.225         3.6903         2.2399
 81  6.325         3.7059         2.2550
 82  6.425         3.7215         2.2685
 83  6.525         3.7370         2.2803
 84  6.625         3.7522         2.2903
 85  6.725         3.7672         2.2987
 86  6.825         3.7820         2.3053
 87  6.925         3.7964         2.3103
 88  7.025         3.8105         2.3135
 89  7.125         3.8241         2.3149
 90  7.225         3.8373         2.3143
 91  7.325         3.8501         2.3117
 92  7.425         3.8624         2.3077
 93  7.525         3.8743         2.3078
 94  7.625         3.8861         2.3144
 95  7.725         3.8980         2.3276
 96  7.825         3.9099         2.3431
 97  7.925         3.9218         2.3545
 98  8.025         3.9331         2.3419
 99  8.125         3.9436         2.3234
100  8.225         3.9565         2.4211
101  8.325         3.9692         2.4309
102  8.425         3.9818         2.4379
103  8.525         3.9943         2.4456
104  8.625         4.0072         2.4740
105  8.725         4.0205         2.4990
106  8.825         4.0340         2.5205
107  8.925         4.0477         2.5394
108  9.025         4.0617         2.5628
109  9.125         4.0762         2.5930
110  9.225         4.0913         2.6246
111  9.325         4.1070         2.6567
112  9.425         4.1232         2.6875
113  9.525         4.1402         2.7243
114  9.625         4.1585         2.7755
115  9.725         4.1783         2.8256
116  9.825         4.1992         2.8714
117  9.925         4.2211         2.9133
118 10.025         4.2438         2.9513
119 10.125         4.2671         2.9853
120 10.225         4.2908         3.0151
121 10.325         4.3145         3.0399
122 10.425         4.3380         3.0592
123 10.525         4.3617         3.0865
124 10.625         4.3788         2.9663
125 10.725         4.3999         3.0765
126 10.825         4.4233         3.1422
127 10.925         4.4484         3.1973
128 11.025         4.4747         3.2442
129 11.125         4.5015         3.2782
130 11.225         4.5277         3.2952
131 11.325         4.5536         3.3175
132 11.425         4.5795         3.3414
133 11.525         4.6053         3.3664
134 11.625         4.6311         3.3920
135 11.725         4.6568         3.4159
136 11.825         4.6824         3.4407
137 11.925         4.7081         3.4669
138 12.025         4.7339         3.4947
139 12.125         4.7599         3.5241
140 12.225         4.7861         3.5547
141 12.325         4.8126         3.5848
142 12.425         4.8393         3.6140
143 12.525         4.8660         3.6422
144 12.625         4.8928         3.6694
145 12.725         4.9196         3.6957
146 12.825         4.9464         3.7238
147 12.925         4.9732         3.7510
148 13.025         5.0000         3.7766


#AGE= 4.000 BINS=147 Power-law IMF: x=-2.350
# N  sdss_r       Log10(N)       Log10(dN)
  1 -1.501        -0.1014        -0.1014
  2 -1.401         0.1327        -0.2476
  3 -1.301         0.2735        -0.2840
  4 -1.201         0.3788        -0.2882
  5 -1.101         0.4696        -0.2545
  6 -1.001         0.5473        -0.2384
  7 -0.901         0.6151        -0.2250
  8 -0.801         0.6768        -0.2011
  9 -0.701         0.7346        -0.1702
 10 -0.601         0.7886        -0.1434
 11 -0.501         0.8396        -0.1157
 12 -0.401         0.8870        -0.0987
 13 -0.301         0.9319        -0.0756
 14 -0.201         0.9741        -0.0593
 15 -0.101         1.0156        -0.0249
 16 -0.001         1.0567         0.0126
 17  0.099         1.0945         0.0157
 18  0.199         1.1515         0.2414
 19  0.299         1.2102         0.3121
 20  0.399         1.2501         0.1928
 21  0.499         1.2874         0.2035
 22  0.599         1.3211         0.1946
 23  0.699         1.4437         0.8342
 24  0.799         1.4724         0.2791
 25  0.899         1.5012         0.3089
 26  0.999         1.5297         0.3327
 27  1.099         1.5591         0.3751
 28  1.199         1.5887         0.4073
 29  1.299         1.6188         0.4447
 30  1.399         1.6491         0.4772
 31  1.499         1.6797         0.5130
 32  1.599         1.7111         0.5547
 33  1.699         1.7429         0.5908
 34  1.799         1.7753         0.6327
 35  1.899         1.8080         0.6684
 36  1.999         1.8414         0.7109
 37  2.099         1.8757         0.7553
 38  2.199         1.9108         0.8011
 39  2.299         1.9468         0.8476
 40  2.399         1.9838         0.8962
 41  2.499         2.0216         0.9421
 42  2.599         2.0605         0.9939
 43  2.699         2.2902         1.9037
 44  2.799         2.4709         2.0029
 45  2.899         2.5850         1.9486
 46  2.999         2.7012         2.0720
 47  3.099         2.7738         1.9610
 48  3.199         2.8026         1.6106
 49  3.299         2.8210         1.4390
 50  3.399         2.8455         1.5835
 51  3.499         2.8837         1.8090
 52  3.599         2.9372         2.0017
 53  3.699         2.9982         2.1150
 54  3.799         3.0568         2.1585
 55  3.899         3.1053         2.1286
 56  3.999         3.1374         1.9900
 57  4.099         3.1641         1.9396
 58  4.199         3.1924         1.9933
 59  4.299         3.2176         1.9682
 60  4.399         3.2399         1.9391
 61  4.499         3.2670         2.0497
 62  4.599         3.2942         2.0767
 63  4.699         3.3212         2.1010
 64  4.799         3.3472         2.1126
 65  4.899         3.3725         2.1241
 66  4.999         3.3970         2.1369
 67  5.099         3.4210         2.1504
 68  5.199         3.4442         2.1614
 69  5.299         3.4667         2.1693
 70  5.399         3.4882         2.1735
 71  5.499         3.5088         2.1746
 72  5.599         3.5287         2.1790
 73  5.699         3.5480         2.1868
 74  5.799         3.5668         2.1923
 75  5.899         3.5850         2.2001
 76  5.999         3.6029         2.2068
 77  6.099         3.6204         2.2176
 78  6.199         3.6380         2.2362
 79  6.299         3.6552         2.2447
 80  6.399         3.6717         2.2452
 81  6.499         3.6879         2.2492
 82  6.599         3.7035         2.2528
 83  6.699         3.7187         2.2559
 84  6.799         3.7335         2.2584
 85  6.899         3.7479         2.2605
 86  6.999         3.7619         2.2620
 87  7.099         3.7754         2.2624
 88  7.199         3.7886         2.2633
 89  7.299         3.8014         2.2667
 90  7.399         3.8141         2.2726
 91  7.499         3.8267         2.2831
 92  7.599         3.8391         2.2884
 93  7.699         3.8510         2.2821
 94  7.799         3.8622         2.2683
 95  7.899         3.8745         2.3209
 96  7.999         3.8877         2.3629
 97  8.099         3.9010         2.3832
 98  8.199         3.9146         2.4005
 99  8.299         3.9279         2.4073
100  8.399         3.9410         2.4164
101  8.499         3.9540         2.4230
102  8.599         3.9674         2.4485
103  8.699         3.9812         2.4763
104  8.799         3.9952         2.4969
105  8.899         4.0094         2.5169
106  8.999         4.0238         2.5391
107  9.099         4.0388         2.5673
108  9.199         4.0543         2.5997
109  9.299         4.0703         2.6306
110  9.399         4.0870         2.6630
111  9.499         4.1044         2.6970
112  9.599         4.1228         2.7414
113  9.699         4.1427         2.7935
114  9.799         4.1638         2.8412
115  9.899         4.1861         2.8848
116  9.999         4.2093         2.9245
117 10.099         4.2331         2.9603
118 10.199         4.2573         2.9920
119 10.299         4.2817         3.0191
120 10.399         4.3060         3.0407
121 10.499         4.3300         3.0620
122 10.599         4.3498         2.9981
123 10.699         4.3714         3.0568
124 10.799         4.3950         3.1186
125 10.899         4.4200         3.1686
126 10.999         4.4464         3.2170
127 11.099         4.4731         3.2475
128 11.199         4.4996         3.2720
129 11.299         4.5260         3.2971
130 11.399         4.5521         3.3184
131 11.499         4.5779         3.3388
132 11.599         4.6035         3.3617
133 11.699         4.6292         3.3875
134 11.799         4.6549         3.4146
135 11.899         4.6806         3.4394
136 11.999         4.7063         3.4655
137 12.099         4.7321         3.4931
138 12.199         4.7581         3.5224
139 12.299         4.7844         3.5535
140 12.399         4.8111         3.5869
141 12.499         4.8382         3.6194
142 12.599         4.8654         3.6490
143 12.699         4.8926         3.6757
144 12.799         4.9196         3.6994
145 12.899         4.9464         3.7245
146 12.999         4.9732         3.7506
147 13.099         5.0000         3.7763


#AGE= 5.000 BINS=146 Power-law IMF: x=-2.350
# N  sdss_r       Log10(N)       Log10(dN)
  1 -1.413        -0.0317        -0.0317
  2 -1.313         0.1949        -0.1960
  3 -1.213         0.3339        -0.2287
  4 -1.113         0.4355        -0.2453
  5 -1.013         0.5230        -0.2154
  6 -0.913         0.5988        -0.1966
  7 -0.813         0.6660        -0.1777
  8 -0.713         0.7270        -0.1558
  9 -0.613         0.7833        -0.1315
 10 -0.513         0.8369        -0.0989
 11 -0.413         0.8874        -0.0719
 12 -0.313         0.9337        -0.0616
 13 -0.213         0.9990         0.1439
 14 -0.113         1.0386        -0.0208
 15 -0.013         1.0781         0.0175
 16  0.087         1.1170         0.0495
 17  0.187         1.1534         0.0589
 18  0.287         1.2018         0.2253
 19  0.387         1.2620         0.3734
 20  0.487         1.3033         0.2612
 21  0.587         1.3401         0.2499
 22  0.687         1.3867         0.3945
 23  0.787         1.5016         0.8678
 24  0.887         1.5235         0.2159
 25  0.987         1.5467         0.2632
 26  1.087         1.5733         0.3467
 27  1.187         1.6005         0.3842
 28  1.287         1.6279         0.4141
 29  1.387         1.6557         0.4482
 30  1.487         1.6838         0.4807
 31  1.587         1.7124         0.5166
 32  1.687         1.7414         0.5517
 33  1.787         1.7707         0.5846
 34  1.887         1.8006         0.6242
 35  1.987         1.8311         0.6631
 36  2.087         1.8620         0.6987
 37  2.187         1.8935         0.7377
 38  2.287         1.9254         0.7756
 39  2.387         1.9586         0.8252
 40  2.487         1.9921         0.8631
 41  2.587         2.0256         0.8969
 42  2.687         2.0593         0.9320
 43  2.787         2.0927         0.9626
 44  2.887         2.1268         1.0042
 45  2.987         2.3723         2.0077
 46  3.087         2.5097         1.9428
 47  3.187         2.6174         1.9592
 48  3.287         2.6816         1.8196
 49  3.387         2.7437         1.8686
 50  3.487         2.7962         1.8524
 51  3.587         2.8478         1.8967
 52  3.687         2.9028         1.9784
 53  3.787         2.9546         2.0053
 54  3.887         2.9957         1.9512
 55  3.987         3.0377         2.0030
 56  4.087         3.0762         2.0045
 57  4.187         3.1082         1.9603
 58  4.287         3.1333         1.8824
 59  4.387         3.1630         1.9833
 60  4.487         3.1950         2.0455
 61  4.587         3.2268         2.0767
 62  4.687         3.2574         2.0902
 63  4.787         3.2868         2.1019
 64  4.887         3.3151         2.1155
 65  4.987         3.3426         2.1301
 66  5.087         3.3693         2.1440
 67  5.187         3.3949         2.1542
 68  5.287         3.4196         2.1619
 69  5.387         3.4432         2.1665
 70  5.487         3.4660         2.1737
 71  5.587         3.4880         2.1831
 72  5.687         3.5096         2.1959
 73  5.787         3.5308         2.2088
 74  5.887         3.5514         2.2153
 75  5.987         3.5712         2.2204
 76  6.087         3.5903         2.2252
 77  6.187         3.6088         2.2277
 78  6.287         3.6265         2.2296
 79  6.387         3.6437         2.2332
 80  6.487         3.6605         2.2380
 81  6.587         3.6767         2.2416
 82  6.687         3.6925         2.2435
 83  6.787         3.7077         2.2441
 84  6.887         3.7224         2.2455
 85  6.987         3.7367         2.2482
 86  7.087         3.7507         2.2515
 87  7.187         3.7643         2.2542
 88  7.287         3.7776         2.2576
 89  7.387         3.7906         2.2570
 90  7.487         3.8031         2.2571
 91  7.587         3.8161         2.2857
 92  7.687         3.8299         2.3248
 93  7.787         3.8434         2.3303
 94  7.887         3.8567         2.3348
 95  7.987         3.8702         2.3577
 96  8.087         3.8840         2.3801
 97  8.187         3.8980         2.3990
 98  8.287         3.9121         2.4144
 99  8.387         3.9256         2.4130
100  8.487         3.9391         2.4245
101  8.587         3.9530         2.4521
102  8.687         3.9673         2.4762
103  8.787         3.9818         2.5000
104  8.887         3.9965         2.5190
105  8.987         4.0115         2.5415
106  9.087         4.0270         2.5707
107  9.187         4.0430         2.6015
108  9.287         4.0595         2.6327
109  9.387         4.0767         2.6644
110  9.487         4.0946         2.6998
111  9.587         4.1136         2.7454
112  9.687         4.1338         2.7912
113  9.787         4.1550         2.8336
114  9.887         4.1771         2.8728
115  9.987         4.1999         2.9087
116 10.087         4.2232         2.9411
117 10.187         4.2468         2.9697
118 10.287         4.2701         2.9893
119 10.387         4.2940         3.0216
120 10.487         4.3220         3.1176
121 10.587         4.3462         3.0806
122 10.687         4.3685         3.0680
123 10.787         4.3928         3.1291
124 10.887         4.4183         3.1744
125 10.987         4.4449         3.2181
126 11.087         4.4719         3.2523
127 11.187         4.4988         3.2771
128 11.287         4.5250         3.2925
129 11.387         4.5509         3.3135
130 11.487         4.5768         3.3388
131 11.587         4.6025         3.3629
132 11.687         4.6282         3.3880
133 11.787         4.6540         3.4145
134 11.887         4.6797         3.4393
135 11.987         4.7054         3.4650
136 12.087         4.7313         3.4925
137 12.187         4.7573         3.5219
138 12.287         4.7836         3.5534
139 12.387         4.8104         3.5872
140 12.487         4.8375         3.6198
141 12.587         4.8648         3.6496
142 12.687         4.8921         3.6764
143 12.787         4.9192         3.7003
144 12.887         4.9462         3.7262
145 12.987         4.9731         3.7525
146 13.087         5.0000         3.7782


#AGE= 6.000 BINS=145 Power-law IMF: x=-2.350
# N  sdss_r       Log10(N)       Log10(dN)
  1 -1.381        -0.2035        -0.2035
  2 -1.281         0.0477        -0.3096
  3 -1.181         0.1935        -0.3512
  4 -1.081         0.2995        -0.3649
  5 -0.981         0.3894        -0.3389
  6 -0.881         0.4670        -0.3195
  7 -0.781         0.5357        -0.2989
  8 -0.681         0.5987        -0.2704
  9 -0.581         0.6561        -0.2518
 10 -0.481         0.7102        -0.2212
 11 -0.381         0.7622        -0.1855
 12 -0.281         0.8104        -0.1677
 13 -0.181         0.8574        -0.1313
 14 -0.081         0.9063        -0.0664
 15  0.019         0.9473        -0.0981
 16  0.119         0.9877        -0.0635
 17  0.219         1.0272        -0.0336
 18  0.319         1.0649        -0.0163
 19  0.419         1.1277         0.2568
 20  0.519         1.1762         0.2005
 21  0.619         1.2142         0.1378
 22  0.719         1.2480         0.1217
 23  0.819         1.3582         0.7087
 24  0.919         1.4001         0.3633
 25  1.019         1.4217         0.1081
 26  1.119         1.4493         0.2394
 27  1.219         1.4778         0.2795
 28  1.319         1.5064         0.3107
 29  1.419         1.5354         0.3464
 30  1.519         1.5647         0.3784
 31  1.619         1.5943         0.4135
 32  1.719         1.6244         0.4500
 33  1.819         1.6547         0.4840
 34  1.919         1.6853         0.5182
 35  2.019         1.7166         0.5577
 36  2.119         1.7478         0.5896
 37  2.219         1.7805         0.6410
 38  2.319         1.8135         0.6771
 39  2.419         1.8475         0.7249
 40  2.519         1.8820         0.7646
 41  2.619         1.9161         0.7944
 42  2.719         1.9501         0.8269
 43  2.819         1.9842         0.8621
 44  2.919         2.0184         0.8980
 45  3.019         2.0533         0.9411
 46  3.119         2.2825         1.8954
 47  3.219         2.4679         2.0088
 48  3.319         2.5726         1.9033
 49  3.419         2.6404         1.8003
 50  3.519         2.7030         1.8308
 51  3.619         2.7613         1.8604
 52  3.719         2.8159         1.8890
 53  3.819         2.8738         1.9699
 54  3.919         2.9287         2.0035
 55  4.019         2.9790         2.0173
 56  4.119         3.0257         2.0345
 57  4.219         3.0669         2.0230
 58  4.319         3.0941         1.8779
 59  4.419         3.1320         2.0542
 60  4.519         3.1683         2.0721
 61  4.619         3.2028         2.0857
 62  4.719         3.2356         2.0980
 63  4.819         3.2673         2.1141
 64  4.919         3.2978         2.1298
 65  5.019         3.3273         2.1445
 66  5.119         3.3556         2.1558
 67  5.219         3.3827         2.1645
 68  5.319         3.4086         2.1707
 69  5.419         3.4334         2.1783
 70  5.519         3.4575         2.1894
 71  5.619         3.4811         2.2050
 72  5.719         3.5045         2.2231
 73  5.819         3.5272         2.2342
 74  5.919         3.5488         2.2354
 75  6.019         3.5694         2.2346
 76  6.119         3.5890         2.2349
 77  6.219         3.6079         2.2361
 78  6.319         3.6261         2.2391
 79  6.419         3.6437         2.2437
 80  6.519         3.6608         2.2473
 81  6.619         3.6774         2.2511
 82  6.719         3.6934         2.2527
 83  6.819         3.7089         2.2520
 84  6.919         3.7238         2.2538
 85  7.019         3.7384         2.2579
 86  7.119         3.7527         2.2613
 87  7.219         3.7667         2.2678
 88  7.319         3.7804         2.2715
 89  7.419         3.7941         2.2876
 90  7.519         3.8082         2.3134
 91  7.619         3.8224         2.3277
 92  7.719         3.8363         2.3356
 93  7.819         3.8502         2.3476
 94  7.919         3.8640         2.3588
 95  8.019         3.8779         2.3775
 96  8.119         3.8924         2.4093
 97  8.219         3.9069         2.4225
 98  8.319         3.9210         2.4260
 99  8.419         3.9351         2.4382
100  8.519         3.9491         2.4509
101  8.619         3.9635         2.4788
102  8.719         3.9784         2.5053
103  8.819         3.9934         2.5248
104  8.919         4.0086         2.5449
105  9.019         4.0242         2.5704
106  9.119         4.0403         2.6008
107  9.219         4.0569         2.6334
108  9.319         4.0743         2.6665
109  9.419         4.0862         2.5203
110  9.519         4.1093         2.8236
111  9.619         4.1316         2.8295
112  9.719         4.1532         2.8401
113  9.819         4.1746         2.8562
114  9.919         4.1960         2.8784
115 10.019         4.2178         2.9074
116 10.119         4.2403         2.9436
117 10.219         4.2639         2.9870
118 10.319         4.2890         3.0378
119 10.419         4.3154         3.0873
120 10.519         4.3446         3.1579
121 10.619         4.3685         3.0970
122 10.719         4.3923         3.1195
123 10.819         4.4177         3.1709
124 10.919         4.4440         3.2137
125 11.019         4.4711         3.2522
126 11.119         4.4982         3.2798
127 11.219         4.5251         3.3040
128 11.319         4.5512         3.3173
129 11.419         4.5769         3.3363
130 11.519         4.6027         3.3631
131 11.619         4.6284         3.3883
132 11.719         4.6541         3.4142
133 11.819         4.6798         3.4392
134 11.919         4.7055         3.4645
135 12.019         4.7313         3.4918
136 12.119         4.7573         3.5213
137 12.219         4.7836         3.5530
138 12.319         4.8103         3.5854
139 12.419         4.8372         3.6164
140 12.519         4.8643         3.6457
141 12.619         4.8914         3.6733
142 12.719         4.9185         3.6998
143 12.819         4.9457         3.7288
144 12.919         4.9729         3.7564
145 13.019         5.0000         3.7818


#AGE= 7.000 BINS=146 Power-law IMF: x=-2.350
# N  sdss_r       Log10(N)       Log10(dN)
  1 -1.269        -0.3669        -0.3669
  2 -1.169        -0.0985        -0.4348
  3 -1.069         0.0632        -0.4444
  4 -0.969         0.1836        -0.4322
  5 -0.869         0.2820        -0.4111
  6 -0.769         0.3658        -0.3897
  7 -0.669         0.4399        -0.3648
  8 -0.569         0.5055        -0.3480
  9 -0.469         0.5659        -0.3203
 10 -0.369         0.6233        -0.2843
 11 -0.269         0.6777        -0.2516
 12 -0.169         0.7282        -0.2306
 13 -0.069         0.7956        -0.0469
 14  0.031         0.8375        -0.1988
 15  0.131         0.8788        -0.1640
 16  0.231         0.9194        -0.1299
 17  0.331         0.9588        -0.1028
 18  0.431         1.0024        -0.0180
 19  0.531         1.0655         0.1970
 20  0.631         1.1102         0.1005
 21  0.731         1.1478         0.0667
 22  0.831         1.2233         0.4264
 23  0.931         1.3106         0.5709
 24  1.031         1.3332         0.0370
 25  1.131         1.3578         0.0987
 26  1.231         1.3856         0.1778
 27  1.331         1.4137         0.2119
 28  1.431         1.4423         0.2456
 29  1.531         1.4711         0.2787
 30  1.631         1.5002         0.3116
 31  1.731         1.5298         0.3489
 32  1.831         1.5598         0.3842
 33  1.931         1.5903         0.4218
 34  2.031         1.6211         0.4569
 35  2.131         1.6528         0.4997
 36  2.231         1.6848         0.5359
 37  2.331         1.7176         0.5798
 38  2.431         1.7519         0.6318
 39  2.531         1.7877         0.6861
 40  2.631         1.8269         0.7629
 41  2.731         1.8692         0.8367
 42  2.831         1.9125         0.8898
 43  2.931         1.9535         0.9082
 44  3.031         1.9921         0.9225
 45  3.131         2.0291         0.9413
 46  3.231         2.0672         0.9903
 47  3.331         2.3967         2.1224
 48  3.431         2.4953         1.8032
 49  3.531         2.5665         1.7460
 50  3.631         2.6309         1.7700
 51  3.731         2.6902         1.7960
 52  3.831         2.7458         1.8254
 53  3.931         2.8005         1.8742
 54  4.031         2.8584         1.9547
 55  4.131         2.9002         1.8626
 56  4.231         2.9481         1.9668
 57  4.331         2.9924         1.9795
 58  4.431         3.0335         1.9882
 59  4.531         3.0718         1.9990
 60  4.631         3.1082         2.0135
 61  4.731         3.1431         2.0309
 62  4.831         3.1768         2.0492
 63  4.931         3.2092         2.0657
 64  5.031         3.2402         2.0795
 65  5.131         3.2699         2.0889
 66  5.231         3.2981         2.0967
 67  5.331         3.3251         2.1052
 68  5.431         3.3511         2.1157
 69  5.531         3.3765         2.1311
 70  5.631         3.4015         2.1490
 71  5.731         3.4260         2.1644
 72  5.831         3.4495         2.1716
 73  5.931         3.4719         2.1738
 74  6.031         3.4931         2.1711
 75  6.131         3.5133         2.1709
 76  6.231         3.5327         2.1717
 77  6.331         3.5513         2.1759
 78  6.431         3.5695         2.1818
 79  6.531         3.5871         2.1854
 80  6.631         3.6040         2.1863
 81  6.731         3.6204         2.1878
 82  6.831         3.6362         2.1892
 83  6.931         3.6516         2.1940
 84  7.031         3.6666         2.1988
 85  7.131         3.6814         2.2062
 86  7.231         3.6960         2.2137
 87  7.331         3.7104         2.2257
 88  7.431         3.7248         2.2378
 89  7.531         3.7393         2.2543
 90  7.631         3.7538         2.2711
 91  7.731         3.7681         2.2794
 92  7.831         3.7822         2.2860
 93  7.931         3.7965         2.3054
 94  8.031         3.8109         2.3262
 95  8.131         3.8257         2.3500
 96  8.231         3.8406         2.3704
 97  8.331         3.8551         2.3686
 98  8.431         3.8693         2.3772
 99  8.531         3.8838         2.4009
100  8.631         3.8986         2.4248
101  8.731         3.9139         2.4521
102  8.831         3.9293         2.4704
103  8.931         3.9449         2.4922
104  9.031         3.9608         2.5190
105  9.131         3.9774         2.5496
106  9.231         3.9945         2.5808
107  9.331         4.0132         2.6384
108  9.431         4.0131         2.6384
109  9.531         4.0838         3.2607
110  9.631         4.1179         2.9963
111  9.731         4.1447         2.9211
112  9.831         4.1034         2.9211
113  9.931         4.1274         2.8588
114 10.031         4.1517         2.8864
115 10.131         4.1764         2.9194
116 10.231         4.2020         2.9601
117 10.331         4.2291         3.0104
118 10.431         4.2583         3.0721
119 10.531         4.2874         3.0988
120 10.631         4.3122         3.0562
121 10.731         4.3371         3.0824
122 10.831         4.3630         3.1260
123 10.931         4.3898         3.1680
124 11.031         4.4171         3.2019
125 11.131         4.4443         3.2275
126 11.231         4.4713         3.2506
127 11.331         4.4974         3.2630
128 11.431         4.5230         3.2819
129 11.531         4.5487         3.3079
130 11.631         4.5744         3.3329
131 11.731         4.6001         3.3598
132 11.831         4.6259         3.3864
133 11.931         4.6517         3.4137
134 12.031         4.6777         3.4418
135 12.131         4.7038         3.4699
136 12.231         4.7301         3.4981
137 12.331         4.7565         3.5270
138 12.431         4.7830         3.5567
139 12.531         4.8099         3.5873
140 12.631         4.8371         3.6207
141 12.731         4.8646         3.6526
142 12.831         4.8921         3.6801
143 12.931         4.9193         3.7030
144 13.031         4.9463         3.7263
145 13.131         4.9732         3.7514
146 13.231         5.0000         3.7771


#AGE= 8.000 BINS=144 Power-law IMF: x=-2.350
# N  sdss_r       Log10(N)       Log10(dN)
  1 -1.204        -0.3376        -0.3376
  2 -1.104        -0.0640        -0.3943
  3 -1.004         0.0974        -0.4108
  4 -0.904         0.2194        -0.3915
  5 -0.804         0.3190        -0.3692
  6 -0.704         0.4020        -0.3577
  7 -0.604         0.4759        -0.3298
  8 -0.504         0.5432        -0.2999
  9 -0.404         0.6045        -0.2757
 10 -0.304         0.6620        -0.2446
 11 -0.204         0.7158        -0.2181
 12 -0.104         0.7663        -0.1934
 13 -0.004         0.8195        -0.1183
 14  0.096         0.8630        -0.1579
 15  0.196         0.9057        -0.1226
 16  0.296         0.9477        -0.0884
 17  0.396         0.9888        -0.0557
 18  0.496         1.0290        -0.0244
 19  0.596         1.0974         0.2612
 20  0.696         1.1434         0.1452
 21  0.796         1.1816         0.1071
 22  0.896         1.2574         0.4619
 23  0.996         1.3506         0.6367
 24  1.096         1.3753         0.1168
 25  1.196         1.4031         0.1955
 26  1.296         1.4311         0.2277
 27  1.396         1.4596         0.2619
 28  1.496         1.4882         0.2932
 29  1.596         1.5173         0.3279
 30  1.696         1.5464         0.3581
 31  1.796         1.5762         0.3977
 32  1.896         1.6061         0.4299
 33  1.996         1.6367         0.4698
 34  2.096         1.6675         0.5025
 35  2.196         1.6991         0.5450
 36  2.296         1.7313         0.5852
 37  2.396         1.7641         0.6264
 38  2.496         1.7981         0.6749
 39  2.596         1.8340         0.7330
 40  2.696         1.8743         0.8223
 41  2.796         1.9178         0.8963
 42  2.896         1.9605         0.9320
 43  2.996         2.0003         0.9428
 44  3.096         2.0379         0.9572
 45  3.196         2.0739         0.9746
 46  3.296         2.1102         1.0139
 47  3.396         2.2927         1.8282
 48  3.496         2.4842         2.0362
 49  3.596         2.5635         1.7859
 50  3.696         2.6328         1.8014
 51  3.796         2.6958         1.8265
 52  3.896         2.7548         1.8585
 53  3.996         2.8085         1.8744
 54  4.096         2.8599         1.9077
 55  4.196         2.9123         1.9683
 56  4.296         2.9632         2.0067
 57  4.396         3.0090         2.0090
 58  4.496         3.0508         2.0141
 59  4.596         3.0903         2.0296
 60  4.696         3.1280         2.0481
 61  4.796         3.1643         2.0681
 62  4.896         3.1992         2.0861
 63  4.996         3.2324         2.1004
 64  5.096         3.2640         2.1101
 65  5.196         3.2941         2.1188
 66  5.296         3.3228         2.1286
 67  5.396         3.3505         2.1418
 68  5.496         3.3775         2.1579
 69  5.596         3.4041         2.1774
 70  5.696         3.4299         2.1916
 71  5.796         3.4547         2.1986
 72  5.896         3.4782         2.2004
 73  5.996         3.5005         2.1991
 74  6.096         3.5217         2.1997
 75  6.196         3.5420         2.2018
 76  6.296         3.5616         2.2055
 77  6.396         3.5806         2.2122
 78  6.496         3.5989         2.2152
 79  6.596         3.6165         2.2164
 80  6.696         3.6336         2.2189
 81  6.796         3.6501         2.2223
 82  6.896         3.6662         2.2276
 83  6.996         3.6820         2.2335
 84  7.096         3.6974         2.2400
 85  7.196         3.7125         2.2471
 86  7.296         3.7274         2.2539
 87  7.396         3.7422         2.2689
 88  7.496         3.7571         2.2846
 89  7.596         3.7719         2.2973
 90  7.696         3.7867         2.3101
 91  7.796         3.8012         2.3188
 92  7.896         3.8156         2.3278
 93  7.996         3.8304         2.3563
 94  8.096         3.8456         2.3814
 95  8.196         3.8607         2.3946
 96  8.296         3.8757         2.4066
 97  8.396         3.8903         2.4099
 98  8.496         3.9050         2.4277
 99  8.596         3.9201         2.4549
100  8.696         3.9356         2.4789
101  8.796         3.9513         2.5013
102  8.896         3.9671         2.5215
103  8.996         3.9833         2.5464
104  9.096         4.0000         2.5773
105  9.196         4.0173         2.6078
106  9.296         4.0351         2.6383
107  9.396         4.0576         2.7617
108  9.496         4.0682         2.4518
109  9.596         4.0699         1.6403
110  9.696         4.0823         2.5330
111  9.796         4.1026         2.7624
112  9.896         4.1283         2.8882
113  9.996         4.1574         2.9692
114 10.096         4.1883         3.0244
115 10.196         4.2196         3.0620
116 10.296         4.2505         3.0867
117 10.396         4.2803         3.1017
118 10.496         4.3103         3.1358
119 10.596         4.3368         3.1078
120 10.696         4.3627         3.1262
121 10.796         4.3887         3.1526
122 10.896         4.4158         3.1971
123 10.996         4.4432         3.2307
124 11.096         4.4706         3.2570
125 11.196         4.4979         3.2819
126 11.296         4.5243         3.2957
127 11.396         4.5501         3.3114
128 11.496         4.5759         3.3353
129 11.596         4.6015         3.3596
130 11.696         4.6273         3.3881
131 11.796         4.6532         3.4157
132 11.896         4.6790         3.4414
133 11.996         4.7048         3.4647
134 12.096         4.7305         3.4896
135 12.196         4.7563         3.5177
136 12.296         4.7825         3.5494
137 12.396         4.8092         3.5847
138 12.496         4.8364         3.6199
139 12.596         4.8639         3.6514
140 12.696         4.8913         3.6789
141 12.796         4.9186         3.7026
142 12.896         4.9458         3.7290
143 12.996         4.9729         3.7555
144 13.096         5.0000         3.7811


#AGE= 9.000 BINS=146 Power-law IMF: x=-2.350
# N  sdss_r       Log10(N)       Log10(dN)
  1 -1.239        -0.2050        -0.2050
  2 -1.139         0.0142        -0.3878
  3 -1.039         0.1435        -0.4455
  4 -0.939         0.2392        -0.4648
  5 -0.839         0.3201        -0.4493
  6 -0.739         0.3923        -0.4227
  7 -0.639         0.4575        -0.3982
  8 -0.539         0.5161        -0.3827
  9 -0.439         0.5708        -0.3566
 10 -0.339         0.6222        -0.3296
 11 -0.239         0.6722        -0.2916
 12 -0.139         0.7195        -0.2666
 13 -0.039         0.7706        -0.1839
 14  0.061         0.8198        -0.1511
 15  0.161         0.8586        -0.2087
 16  0.261         0.8973        -0.1722
 17  0.361         0.9355        -0.1392
 18  0.461         0.9726        -0.1148
 19  0.561         1.0156        -0.0102
 20  0.661         1.0721         0.1589
 21  0.761         1.1171         0.1104
 22  0.861         1.1537         0.0610
 23  0.961         1.2305         0.4404
 24  1.061         1.3197         0.5884
 25  1.161         1.3426         0.0521
 26  1.261         1.3684         0.1298
 27  1.361         1.3958         0.1818
 28  1.461         1.4235         0.2143
 29  1.561         1.4513         0.2443
 30  1.661         1.4794         0.2769
 31  1.761         1.5080         0.3124
 32  1.861         1.5371         0.3483
 33  1.961         1.5666         0.3834
 34  2.061         1.5964         0.4188
 35  2.161         1.6269         0.4573
 36  2.261         1.6578         0.4956
 37  2.361         1.6895         0.5369
 38  2.461         1.7219         0.5786
 39  2.561         1.7560         0.6344
 40  2.661         1.7930         0.7041
 41  2.761         1.8330         0.7776
 42  2.861         1.8753         0.8434
 43  2.961         1.9168         0.8758
 44  3.061         1.9559         0.8911
 45  3.161         1.9927         0.9026
 46  3.261         2.0279         0.9192
 47  3.361         2.0630         0.9532
 48  3.461         2.1017         1.0321
 49  3.561         2.3875         2.0707
 50  3.661         2.4785         1.7551
 51  3.761         2.5536         1.7546
 52  3.861         2.6206         1.7755
 53  3.961         2.6823         1.8043
 54  4.061         2.7396         1.8315
 55  4.161         2.7942         1.8668
 56  4.261         2.8470         1.9057
 57  4.361         2.8988         1.9493
 58  4.461         2.9462         1.9613
 59  4.561         2.9897         1.9685
 60  4.661         3.0306         1.9842
 61  4.761         3.0697         2.0046
 62  4.861         3.1071         2.0238
 63  4.961         3.1427         2.0390
 64  5.061         3.1764         2.0499
 65  5.161         3.2084         2.0594
 66  5.261         3.2390         2.0717
 67  5.361         3.2686         2.0871
 68  5.461         3.2974         2.1046
 69  5.561         3.3256         2.1241
 70  5.661         3.3529         2.1379
 71  5.761         3.3790         2.1444
 72  5.861         3.4036         2.1456
 73  5.961         3.4270         2.1460
 74  6.061         3.4492         2.1472
 75  6.161         3.4705         2.1504
 76  6.261         3.4911         2.1555
 77  6.361         3.5109         2.1616
 78  6.461         3.5301         2.1649
 79  6.561         3.5485         2.1676
 80  6.661         3.5664         2.1710
 81  6.761         3.5837         2.1750
 82  6.861         3.6005         2.1803
 83  6.961         3.6169         2.1856
 84  7.061         3.6329         2.1910
 85  7.161         3.6484         2.1952
 86  7.261         3.6638         2.2048
 87  7.361         3.6790         2.2160
 88  7.461         3.6943         2.2325
 89  7.561         3.7096         2.2497
 90  7.661         3.7247         2.2581
 91  7.761         3.7396         2.2673
 92  7.861         3.7544         2.2794
 93  7.961         3.7693         2.2963
 94  8.061         3.7848         2.3307
 95  8.161         3.8004         2.3483
 96  8.261         3.8157         2.3539
 97  8.361         3.8308         2.3649
 98  8.461         3.8458         2.3756
 99  8.561         3.8611         2.4018
100  8.661         3.8768         2.4277
101  8.761         3.8928         2.4493
102  8.861         3.9089         2.4700
103  8.961         3.9253         2.4941
104  9.061         3.9421         2.5228
105  9.161         3.9596         2.5554
106  9.261         3.9775         2.5845
107  9.361         3.9964         2.6241
108  9.461         4.0169         2.6821
109  9.561         4.0296         2.4870
110  9.661         4.0425         2.5088
111  9.761         4.0597         2.6485
112  9.861         4.0806         2.7541
113  9.961         4.1049         2.8399
114 10.061         4.1318         2.9114
115 10.161         4.1608         2.9711
116 10.261         4.1911         3.0190
117 10.361         4.2216         3.0532
118 10.461         4.2521         3.0833
119 10.561         4.2810         3.0895
120 10.661         4.3071         3.0738
121 10.761         4.3336         3.1047
122 10.861         4.3606         3.1416
123 10.961         4.3884         3.1804
124 11.061         4.4162         3.2079
125 11.161         4.4437         3.2317
126 11.261         4.4705         3.2475
127 11.361         4.4966         3.2631
128 11.461         4.5224         3.2835
129 11.561         4.5481         3.3066
130 11.661         4.5739         3.3354
131 11.761         4.5997         3.3615
132 11.861         4.6254         3.3844
133 11.961         4.6510         3.4080
134 12.061         4.6766         3.4357
135 12.161         4.7027         3.4675
136 12.261         4.7291         3.4993
137 12.361         4.7557         3.5300
138 12.461         4.7825         3.5601
139 12.561         4.8095         3.5895
140 12.661         4.8368         3.6212
141 12.761         4.8643         3.6527
142 12.861         4.8919         3.6801
143 12.961         4.9191         3.7034
144 13.061         4.9462         3.7273
145 13.161         4.9731         3.7525
146 13.261         5.0000         3.7782


#AGE=10.000 BINS=143 Power-law IMF: x=-2.350
# N  sdss_r       Log10(N)       Log10(dN)
  1 -1.117        -0.3104        -0.3104
  2 -1.017        -0.0511        -0.3984
  3 -0.917         0.1026        -0.4231
  4 -0.817         0.2170        -0.4182
  5 -0.717         0.3135        -0.3872
  6 -0.617         0.3968        -0.3612
  7 -0.517         0.4686        -0.3485
  8 -0.417         0.5332        -0.3263
  9 -0.317         0.5944        -0.2870
 10 -0.217         0.6513        -0.2589
 11 -0.117         0.7047        -0.2322
 12 -0.017         0.7541        -0.2143
 13  0.083         0.8282         0.0236
 14  0.183         0.8690        -0.1786
 15  0.283         0.9094        -0.1417
 16  0.383         0.9493        -0.1073
 17  0.483         0.9888        -0.0720
 18  0.583         1.0285        -0.0303
 19  0.683         1.0851         0.1723
 20  0.783         1.1360         0.1796
 21  0.883         1.1754         0.1133
 22  0.983         1.2116         0.1142
 23  1.083         1.3530         0.7971
 24  1.183         1.3749         0.0659
 25  1.283         1.3990         0.1310
 26  1.383         1.4261         0.2081
 27  1.483         1.4539         0.2463
 28  1.583         1.4821         0.2799
 29  1.683         1.5104         0.3112
 30  1.783         1.5393         0.3472
 31  1.883         1.5684         0.3801
 32  1.983         1.5981         0.4180
 33  2.083         1.6279         0.4501
 34  2.183         1.6585         0.4908
 35  2.283         1.6894         0.5266
 36  2.383         1.7210         0.5677
 37  2.483         1.7534         0.6092
 38  2.583         1.7874         0.6639
 39  2.683         1.8240         0.7325
 40  2.783         1.8628         0.7937
 41  2.883         1.9046         0.8678
 42  2.983         1.9460         0.9046
 43  3.083         1.9851         0.9207
 44  3.183         2.0221         0.9338
 45  3.283         2.0570         0.9448
 46  3.383         2.0910         0.9682
 47  3.483         2.1263         1.0179
 48  3.583         2.1682         1.1319
 49  3.683         2.4472         2.1230
 50  3.783         2.5362         1.8043
 51  3.883         2.6112         1.8115
 52  3.983         2.6791         1.8394
 53  4.083         2.7416         1.8685
 54  4.183         2.7986         1.8888
 55  4.283         2.8533         1.9268
 56  4.383         2.9065         1.9682
 57  4.483         2.9580         2.0063
 58  4.583         3.0047         2.0131
 59  4.683         3.0481         2.0258
 60  4.783         3.0890         2.0433
 61  4.883         3.1280         2.0619
 62  4.983         3.1649         2.0755
 63  5.083         3.1997         2.0860
 64  5.183         3.2329         2.1003
 65  5.283         3.2649         2.1163
 66  5.383         3.2960         2.1354
 67  5.483         3.3263         2.1547
 68  5.583         3.3557         2.1710
 69  5.683         3.3837         2.1799
 70  5.783         3.4102         2.1827
 71  5.883         3.4353         2.1837
 72  5.983         3.4590         2.1858
 73  6.083         3.4818         2.1890
 74  6.183         3.5036         2.1943
 75  6.283         3.5247         2.2008
 76  6.383         3.5451         2.2060
 77  6.483         3.5647         2.2096
 78  6.583         3.5836         2.2123
 79  6.683         3.6019         2.2175
 80  6.783         3.6197         2.2239
 81  6.883         3.6370         2.2282
 82  6.983         3.6536         2.2298
 83  7.083         3.6699         2.2351
 84  7.183         3.6858         2.2426
 85  7.283         3.7016         2.2520
 86  7.383         3.7172         2.2670
 87  7.483         3.7329         2.2817
 88  7.583         3.7486         2.2987
 89  7.683         3.7640         2.3066
 90  7.783         3.7791         2.3122
 91  7.883         3.7943         2.3315
 92  7.983         3.8097         2.3523
 93  8.083         3.8256         2.3819
 94  8.183         3.8416         2.3981
 95  8.283         3.8570         2.4006
 96  8.383         3.8724         2.4140
 97  8.483         3.8878         2.4292
 98  8.583         3.9036         2.4564
 99  8.683         3.9197         2.4817
100  8.783         3.9360         2.5014
101  8.883         3.9524         2.5231
102  8.983         3.9693         2.5493
103  9.083         3.9866         2.5791
104  9.183         4.0045         2.6109
105  9.283         4.0229         2.6400
106  9.383         4.0419         2.6728
107  9.483         4.0615         2.7078
108  9.583         4.0816         2.7369
109  9.683         4.1022         2.7672
110  9.783         4.1235         2.8045
111  9.883         4.1455         2.8376
112  9.983         4.1680         2.8714
113 10.083         4.1914         2.9118
114 10.183         4.2162         2.9604
115 10.283         4.2429         3.0188
116 10.383         4.2724         3.0890
117 10.483         4.3036         3.1447
118 10.583         4.3321         3.1348
119 10.683         4.3588         3.1351
120 10.783         4.3859         3.1670
121 10.883         4.4134         3.2019
122 10.983         4.4416         3.2389
123 11.083         4.4695         3.2643
124 11.183         4.4970         3.2851
125 11.283         4.5238         3.2999
126 11.383         4.5500         3.3179
127 11.483         4.5758         3.3367
128 11.583         4.6016         3.3624
129 11.683         4.6273         3.3877
130 11.783         4.6531         3.4137
131 11.883         4.6789         3.4397
132 11.983         4.7047         3.4656
133 12.083         4.7304         3.4895
134 12.183         4.7561         3.5160
135 12.283         4.7821         3.5467
136 12.383         4.8087         3.5819
137 12.483         4.8359         3.6184
138 12.583         4.8633         3.6510
139 12.683         4.8909         3.6791
140 12.783         4.9182         3.7034
141 12.883         4.9455         3.7307
142 12.983         4.9728         3.7576
143 13.083         5.0000         3.7831


#AGE=11.000 BINS=144 Power-law IMF: x=-2.350
# N  sdss_r       Log10(N)       Log10(dN)
  1 -1.081        -0.3548        -0.3548
  2 -0.981        -0.0930        -0.4371
  3 -0.881         0.0588        -0.4714
  4 -0.781         0.1723        -0.4661
  5 -0.681         0.2701        -0.4253
  6 -0.581         0.3523        -0.4109
  7 -0.481         0.4241        -0.3933
  8 -0.381         0.4873        -0.3811
  9 -0.281         0.5478        -0.3378
 10 -0.181         0.6043        -0.3096
 11 -0.081         0.6564        -0.2902
 12  0.019         0.7090        -0.2335
 13  0.119         0.7722        -0.0961
 14  0.219         0.8136        -0.2281
 15  0.319         0.8548        -0.1889
 16  0.419         0.8950        -0.1577
 17  0.519         0.9356        -0.1146
 18  0.619         0.9737        -0.1011
 19  0.719         1.0316         0.1278
 20  0.819         1.0826         0.1272
 21  0.919         1.1228         0.0689
 22  1.019         1.1574         0.0418
 23  1.119         1.2735         0.6439
 24  1.219         1.3297         0.4138
 25  1.319         1.3517         0.0446
 26  1.419         1.3767         0.1236
 27  1.519         1.4047         0.2007
 28  1.619         1.4330         0.2325
 29  1.719         1.4615         0.2653
 30  1.819         1.4905         0.3011
 31  1.919         1.5199         0.3352
 32  2.019         1.5497         0.3713
 33  2.119         1.5798         0.4050
 34  2.219         1.6103         0.4430
 35  2.319         1.6411         0.4761
 36  2.419         1.6728         0.5197
 37  2.519         1.7049         0.5577
 38  2.619         1.7387         0.6129
 39  2.719         1.7748         0.6773
 40  2.819         1.8142         0.7521
 41  2.919         1.8561         0.8201
 42  3.019         1.8965         0.8444
 43  3.119         1.9346         0.8591
 44  3.219         1.9708         0.8739
 45  3.319         2.0050         0.8835
 46  3.419         2.0382         0.9050
 47  3.519         2.0720         0.9472
 48  3.619         2.1099         1.0316
 49  3.719         2.3277         1.9235
 50  3.819         2.4443         1.8163
 51  3.919         2.5282         1.7728
 52  4.019         2.6012         1.7909
 53  4.119         2.6675         1.8186
 54  4.219         2.7285         1.8456
 55  4.319         2.7851         1.8721
 56  4.419         2.8397         1.9124
 57  4.519         2.8934         1.9588
 58  4.619         2.9431         1.9768
 59  4.719         2.9885         1.9853
 60  4.819         3.0309         1.9998
 61  4.919         3.0708         2.0139
 62  5.019         3.1085         2.0289
 63  5.119         3.1444         2.0442
 64  5.219         3.1789         2.0619
 65  5.319         3.2124         2.0820
 66  5.419         3.2448         2.1026
 67  5.519         3.2763         2.1200
 68  5.619         3.3063         2.1312
 69  5.719         3.3346         2.1345
 70  5.819         3.3612         2.1354
 71  5.919         3.3865         2.1394
 72  6.019         3.4106         2.1426
 73  6.119         3.4338         2.1491
 74  6.219         3.4561         2.1556
 75  6.319         3.4776         2.1621
 76  6.419         3.4983         2.1661
 77  6.519         3.5182         2.1689
 78  6.619         3.5374         2.1740
 79  6.719         3.5561         2.1805
 80  6.819         3.5743         2.1866
 81  6.919         3.5918         2.1889
 82  7.019         3.6087         2.1915
 83  7.119         3.6253         2.1975
 84  7.219         3.6415         2.2068
 85  7.319         3.6576         2.2177
 86  7.419         3.6737         2.2356
 87  7.519         3.6898         2.2501
 88  7.619         3.7057         2.2613
 89  7.719         3.7213         2.2696
 90  7.819         3.7367         2.2774
 91  7.919         3.7524         2.3032
 92  8.019         3.7684         2.3271
 93  8.119         3.7847         2.3518
 94  8.219         3.8008         2.3624
 95  8.319         3.8165         2.3656
 96  8.419         3.8322         2.3821
 97  8.519         3.8480         2.4010
 98  8.619         3.8643         2.4301
 99  8.719         3.8808         2.4531
100  8.819         3.8975         2.4735
101  8.919         3.9143         2.4949
102  9.019         3.9316         2.5237
103  9.119         3.9495         2.5553
104  9.219         3.9680         2.5865
105  9.319         3.9869         2.6159
106  9.419         4.0064         2.6496
107  9.519         4.0265         2.6831
108  9.619         4.0471         2.7120
109  9.719         4.0682         2.7448
110  9.819         4.0902         2.7830
111  9.919         4.1128         2.8188
112 10.019         4.1363         2.8567
113 10.119         4.1607         2.8990
114 10.219         4.1864         2.9463
115 10.319         4.2138         2.9998
116 10.419         4.2434         3.0618
117 10.519         4.2747         3.1166
118 10.619         4.3028         3.0997
119 10.719         4.3301         3.1148
120 10.819         4.3577         3.1475
121 10.919         4.3859         3.1842
122 11.019         4.4141         3.2136
123 11.119         4.4422         3.2382
124 11.219         4.4696         3.2558
125 11.319         4.4963         3.2726
126 11.419         4.5224         3.2876
127 11.519         4.5483         3.3112
128 11.619         4.5741         3.3355
129 11.719         4.6000         3.3629
130 11.819         4.6259         3.3881
131 11.919         4.6515         3.4091
132 12.019         4.6770         3.4323
133 12.119         4.7027         3.4621
134 12.219         4.7288         3.4949
135 12.319         4.7552         3.5261
136 12.419         4.7819         3.5570
137 12.519         4.8088         3.5875
138 12.619         4.8361         3.6210
139 12.719         4.8637         3.6534
140 12.819         4.8913         3.6811
141 12.919         4.9187         3.7043
142 13.019         4.9459         3.7291
143 13.119         4.9730         3.7548
144 13.219         5.0000         3.7803


#AGE=12.000 BINS=142 Power-law IMF: x=-2.350
# N  sdss_r       Log10(N)       Log10(dN)
  1 -1.090        -0.1927        -0.1927
  2 -0.990         0.0298        -0.3673
  3 -0.890         0.1653        -0.4063
  4 -0.790         0.2638        -0.4291
  5 -0.690         0.3486        -0.4022
  6 -0.590         0.4225        -0.3829
  7 -0.490         0.4901        -0.3512
  8 -0.390         0.5498        -0.3416
  9 -0.290         0.6061        -0.3089
 10 -0.190         0.6592        -0.2801
 11 -0.090         0.7100        -0.2471
 12  0.010         0.7577        -0.2256
 13  0.110         0.8377         0.0637
 14  0.210         0.8756        -0.2026
 15  0.310         0.9136        -0.1625
 16  0.410         0.9515        -0.1265
 17  0.510         0.9896        -0.0869
 18  0.610         1.0254        -0.0763
 19  0.710         1.0708         0.0676
 20  0.810         1.1245         0.1906
 21  0.910         1.1676         0.1421
 22  1.010         1.2040         0.1100
 23  1.110         1.2386         0.1219
 24  1.210         1.3622         0.7562
 25  1.310         1.4005         0.3266
 26  1.410         1.4217         0.0997
 27  1.510         1.4473         0.2052
 28  1.610         1.4747         0.2614
 29  1.710         1.5026         0.2971
 30  1.810         1.5309         0.3300
 31  1.910         1.5595         0.3643
 32  2.010         1.5887         0.4014
 33  2.110         1.6180         0.4321
 34  2.210         1.6480         0.4732
 35  2.310         1.6783         0.5062
 36  2.410         1.7093         0.5481
 37  2.510         1.7406         0.5832
 38  2.610         1.7736         0.6373
 39  2.710         1.8075         0.6833
 40  2.810         1.8454         0.7677
 41  2.910         1.8865         0.8417
 42  3.010         1.9275         0.8819
 43  3.110         1.9658         0.8931
 44  3.210         2.0026         0.9123
 45  3.310         2.0374         0.9242
 46  3.410         2.0707         0.9383
 47  3.510         2.1037         0.9681
 48  3.610         2.1380         1.0177
 49  3.710         2.1779         1.1223
 50  3.810         2.3864         1.9674
 51  3.910         2.5022         1.8715
 52  4.010         2.5867         1.8343
 53  4.110         2.6604         1.8539
 54  4.210         2.7275         1.8832
 55  4.310         2.7888         1.9082
 56  4.410         2.8460         1.9371
 57  4.510         2.9011         1.9776
 58  4.610         2.9549         2.0215
 59  4.710         3.0043         2.0350
 60  4.810         3.0491         2.0413
 61  4.910         3.0910         2.0538
 62  5.010         3.1306         2.0717
 63  5.110         3.1685         2.0899
 64  5.210         3.2050         2.1111
 65  5.310         3.2404         2.1342
 66  5.410         3.2746         2.1535
 67  5.510         3.3072         2.1673
 68  5.610         3.3383         2.1774
 69  5.710         3.3674         2.1791
 70  5.810         3.3949         2.1828
 71  5.910         3.4210         2.1870
 72  6.010         3.4459         2.1926
 73  6.110         3.4699         2.1998
 74  6.210         3.4930         2.2075
 75  6.310         3.5152         2.2127
 76  6.410         3.5366         2.2178
 77  6.510         3.5571         2.2219
 78  6.610         3.5770         2.2269
 79  6.710         3.5962         2.2331
 80  6.810         3.6149         2.2389
 81  6.910         3.6329         2.2411
 82  7.010         3.6503         2.2439
 83  7.110         3.6673         2.2517
 84  7.210         3.6839         2.2597
 85  7.310         3.7004         2.2723
 86  7.410         3.7169         2.2875
 87  7.510         3.7334         2.3046
 88  7.610         3.7496         2.3133
 89  7.710         3.7656         2.3229
 90  7.810         3.7813         2.3315
 91  7.910         3.7972         2.3550
 92  8.010         3.8137         2.3840
 93  8.110         3.8303         2.4049
 94  8.210         3.8469         2.4194
 95  8.310         3.8628         2.4193
 96  8.410         3.8787         2.4356
 97  8.510         3.8949         2.4569
 98  8.610         3.9114         2.4837
 99  8.710         3.9282         2.5080
100  8.810         3.9452         2.5292
101  8.910         3.9624         2.5510
102  9.010         3.9800         2.5781
103  9.110         3.9981         2.6091
104  9.210         4.0168         2.6413
105  9.310         4.0359         2.6710
106  9.410         4.0557         2.7049
107  9.510         4.0762         2.7392
108  9.610         4.0970         2.7675
109  9.710         4.1183         2.7986
110  9.810         4.1403         2.8336
111  9.910         4.1628         2.8660
112 10.010         4.1861         2.9037
113 10.110         4.2106         2.9495
114 10.210         4.2367         3.0035
115 10.310         4.2646         3.0579
116 10.410         4.2942         3.1134
117 10.510         4.3257         3.1709
118 10.610         4.3543         3.1581
119 10.710         4.3823         3.1771
120 10.810         4.4105         3.2087
121 10.910         4.4389         3.2405
122 11.010         4.4674         3.2710
123 11.110         4.4956         3.2934
124 11.210         4.5233         3.3147
125 11.310         4.5502         3.3281
126 11.410         4.5765         3.3456
127 11.510         4.6024         3.3659
128 11.610         4.6283         3.3913
129 11.710         4.6542         3.4169
130 11.810         4.6800         3.4404
131 11.910         4.7057         3.4647
132 12.010         4.7314         3.4904
133 12.110         4.7570         3.5146
134 12.210         4.7827         3.5431
135 12.310         4.8090         3.5771
136 12.410         4.8358         3.6137
137 12.510         4.8631         3.6470
138 12.610         4.8904         3.6763
139 12.710         4.9177         3.7027
140 12.810         4.9452         3.7323
141 12.910         4.9727         3.7602
142 13.010         5.0000         3.7853


#AGE=13.000 BINS=142 Power-law IMF: x=-2.350
# N  sdss_r       Log10(N)       Log10(dN)
  1 -0.973        -0.3868        -0.3868
  2 -0.873        -0.1122        -0.4414
  3 -0.773         0.0469        -0.4665
  4 -0.673         0.1674        -0.4482
  5 -0.573         0.2659        -0.4268
  6 -0.473         0.3516        -0.3952
  7 -0.373         0.4241        -0.3889
  8 -0.273         0.4901        -0.3608
  9 -0.173         0.5524        -0.3218
 10 -0.073         0.6096        -0.2993
 11  0.027         0.6642        -0.2630
 12  0.127         0.7303        -0.1205
 13  0.227         0.7817        -0.1705
 14  0.327         0.8241        -0.2068
 15  0.427         0.8658        -0.1729
 16  0.527         0.9068        -0.1380
 17  0.627         0.9465        -0.1120
 18  0.727         0.9903        -0.0286
 19  0.827         1.0464         0.1305
 20  0.927         1.0960         0.1289
 21  1.027         1.1358         0.0778
 22  1.127         1.1718         0.0724
 23  1.227         1.2776         0.6125
 24  1.327         1.3467         0.5144
 25  1.427         1.3685         0.0574
 26  1.527         1.3915         0.1054
 27  1.627         1.4198         0.2198
 28  1.727         1.4485         0.2541
 29  1.827         1.4774         0.2860
 30  1.927         1.5067         0.3213
 31  2.027         1.5364         0.3566
 32  2.127         1.5664         0.3908
 33  2.227         1.5968         0.4268
 34  2.327         1.6276         0.4627
 35  2.427         1.6589         0.5020
 36  2.527         1.6907         0.5396
 37  2.627         1.7237         0.5877
 38  2.727         1.7577         0.6339
 39  2.827         1.7954         0.7155
 40  2.927         1.8362         0.7886
 41  3.027         1.8778         0.8384
 42  3.127         1.9170         0.8533
 43  3.227         1.9548         0.8752
 44  3.327         1.9905         0.8886
 45  3.427         2.0244         0.8998
 46  3.527         2.0576         0.9236
 47  3.627         2.0909         0.9599
 48  3.727         2.1271         1.0297
 49  3.827         2.1768         1.2111
 50  3.927         2.4018         2.0086
 51  4.027         2.5019         1.8155
 52  4.127         2.5831         1.8147
 53  4.227         2.6551         1.8391
 54  4.327         2.7207         1.8676
 55  4.427         2.7803         1.8881
 56  4.527         2.8371         1.9254
 57  4.627         2.8916         1.9637
 58  4.727         2.9437         1.9965
 59  4.827         2.9906         2.0015
 60  4.927         3.0342         2.0143
 61  5.027         3.0755         2.0326
 62  5.127         3.1150         2.0544
 63  5.227         3.1533         2.0792
 64  5.327         3.1902         2.1018
 65  5.427         3.2255         2.1173
 66  5.527         3.2589         2.1287
 67  5.627         3.2903         2.1336
 68  5.727         3.3198         2.1370
 69  5.827         3.3478         2.1431
 70  5.927         3.3744         2.1492
 71  6.027         3.3999         2.1560
 72  6.127         3.4245         2.1652
 73  6.227         3.4482         2.1726
 74  6.327         3.4708         2.1773
 75  6.427         3.4926         2.1819
 76  6.527         3.5136         2.1868
 77  6.627         3.5339         2.1929
 78  6.727         3.5535         2.1995
 79  6.827         3.5724         2.2023
 80  6.927         3.5907         2.2058
 81  7.027         3.6084         2.2095
 82  7.127         3.6257         2.2179
 83  7.227         3.6428         2.2274
 84  7.327         3.6597         2.2416
 85  7.427         3.6766         2.2594
 86  7.527         3.6934         2.2720
 87  7.627         3.7098         2.2799
 88  7.727         3.7260         2.2887
 89  7.827         3.7420         2.3016
 90  7.927         3.7584         2.3266
 91  8.027         3.7754         2.3585
 92  8.127         3.7923         2.3745
 93  8.227         3.8090         2.3866
 94  8.327         3.8252         2.3890
 95  8.427         3.8415         2.4069
 96  8.527         3.8580         2.4290
 97  8.627         3.8749         2.4569
 98  8.727         3.8921         2.4802
 99  8.827         3.9094         2.5018
100  8.927         3.9270         2.5258
101  9.027         3.9450         2.5534
102  9.127         3.9634         2.5827
103  9.227         3.9824         2.6135
104  9.327         4.0020         2.6457
105  9.427         4.0222         2.6807
106  9.527         4.0430         2.7137
107  9.627         4.0642         2.7416
108  9.727         4.0860         2.7746
109  9.827         4.1085         2.8120
110  9.927         4.1318         2.8494
111 10.027         4.1560         2.8903
112 10.127         4.1811         2.9310
113 10.227         4.2071         2.9716
114 10.327         4.2348         3.0255
115 10.427         4.2651         3.0930
116 10.527         4.2961         3.1355
117 10.627         4.3251         3.1349
118 10.727         4.3536         3.1566
119 10.827         4.3821         3.1846
120 10.927         4.4110         3.2196
121 11.027         4.4397         3.2453
122 11.127         4.4681         3.2695
123 11.227         4.4957         3.2848
124 11.327         4.5226         3.3011
125 11.427         4.5489         3.3184
126 11.527         4.5750         3.3403
127 11.627         4.6009         3.3640
128 11.727         4.6269         3.3911
129 11.827         4.6528         3.4162
130 11.927         4.6784         3.4355
131 12.027         4.7038         3.4580
132 12.127         4.7295         3.4890
133 12.227         4.7555         3.5197
134 12.327         4.7818         3.5505
135 12.427         4.8084         3.5825
136 12.527         4.8355         3.6178
137 12.627         4.8631         3.6517
138 12.727         4.8907         3.6804
139 12.827         4.9181         3.7046
140 12.927         4.9455         3.7313
141 13.027         4.9728         3.7580
142 13.127         5.0000         3.7834
