#NUMBER OF AGES=15
#----------------------------------------------------       
#MIX-LEN  Y      Z          Zeff        [Fe/H] [a/Fe]       
# 1.9380  0.2504 3.3016E-03 3.3016E-03  -0.70   0.00        
#----------------------------------------------------       
#**PHOTOMETRIC SYSTEM**: SDSS (AB)                          
#----------------------------------------------------       
#AGE= 0.010 BINS=131 Power-law IMF: x=-2.350
# N  sdss_r       Log10(N)       Log10(dN)
  1 -1.399        -0.6529        -0.6529
  2 -1.299         1.6701         1.6680
  3 -1.199         2.0725         1.8535
  4 -1.099         2.2193         1.6770
  5 -0.999         2.3073         1.5709
  6 -0.899         2.3650         1.4598
  7 -0.799         2.4045         1.3439
  8 -0.699         2.4330         1.2346
  9 -0.599         2.4536         1.1195
 10 -0.499         2.4569         0.3477
 11 -0.399         2.4505         0.3477
 12 -0.299         2.4442         0.3477
 13 -0.199         2.4469         0.2358
 14 -0.099         2.5224         1.7254
 15  0.001         2.6024         1.8284
 16  0.101         2.6897         1.9499
 17  0.201         2.7684         1.9882
 18  0.301         2.8328         1.9718
 19  0.401         2.8912         1.9907
 20  0.501         2.9466         2.0253
 21  0.601         3.0015         2.0758
 22  0.701         3.0610         2.1687
 23  0.801         3.1228         2.2451
 24  0.901         3.1839         2.3023
 25  1.001         3.2113         1.9967
 26  1.101         3.2386         2.0248
 27  1.201         3.2700         2.1135
 28  1.301         3.3275         2.4209
 29  1.401         3.3663         2.2974
 30  1.501         3.3933         2.1733
 31  1.601         3.4170         2.1422
 32  1.701         3.4404         2.1605
 33  1.801         3.4632         2.1714
 34  1.901         3.4853         2.1825
 35  2.001         3.5070         2.1936
 36  2.101         3.5282         2.2061
 37  2.201         3.5487         2.2126
 38  2.301         3.5676         2.1984
 39  2.401         3.5852         2.1843
 40  2.501         3.6021         2.1814
 41  2.601         3.6185         2.1892
 42  2.701         3.6346         2.1946
 43  2.801         3.6503         2.2001
 44  2.901         3.6657         2.2084
 45  3.001         3.6807         2.2115
 46  3.101         3.6955         2.2206
 47  3.201         3.7107         2.2487
 48  3.301         3.7268         2.2871
 49  3.401         3.7439         2.3315
 50  3.501         3.7608         2.3416
 51  3.601         3.7760         2.3108
 52  3.701         3.7905         2.3087
 53  3.801         3.8046         2.3070
 54  3.901         3.8181         2.3052
 55  4.001         3.8311         2.3018
 56  4.101         3.8439         2.3075
 57  4.201         3.8568         2.3225
 58  4.301         3.8690         2.3121
 59  4.401         3.8799         2.2748
 60  4.501         3.8908         2.2840
 61  4.601         3.9017         2.2933
 62  4.701         3.9125         2.3029
 63  4.801         3.9232         2.3126
 64  4.901         3.9340         2.3225
 65  5.001         3.9447         2.3326
 66  5.101         3.9555         2.3429
 67  5.201         3.9662         2.3533
 68  5.301         3.9769         2.3640
 69  5.401         3.9876         2.3749
 70  5.501         3.9983         2.3850
 71  5.601         4.0090         2.3915
 72  5.701         4.0195         2.4003
 73  5.801         4.0301         2.4123
 74  5.901         4.0408         2.4277
 75  6.001         4.0517         2.4467
 76  6.101         4.0630         2.4693
 77  6.201         4.0745         2.4932
 78  6.301         4.0863         2.5133
 79  6.401         4.0982         2.5294
 80  6.501         4.1100         2.5413
 81  6.601         4.1121         1.7930
 82  6.701         4.1153         1.9824
 83  6.801         4.1246         2.4489
 84  6.901         4.1348         2.5023
 85  7.001         4.1455         2.5310
 86  7.101         4.1563         2.5470
 87  7.201         4.1651         2.4672
 88  7.301         4.1734         2.4475
 89  7.401         4.1816         2.4547
 90  7.501         4.1904         2.4947
 91  7.601         4.1995         2.5156
 92  7.701         4.2076         2.4724
 93  7.801         4.2278         2.8854
 94  7.901         4.2600         3.1147
 95  8.001         4.2928         3.1538
 96  8.101         4.3261         3.1944
 97  8.201         4.3594         3.2278
 98  8.301         4.3914         3.2427
 99  8.401         4.4221         3.2559
100  8.501         4.4505         3.2526
101  8.601         4.4765         3.2395
102  8.701         4.4999         3.2203
103  8.801         4.5212         3.2006
104  8.901         4.5406         3.1808
105  9.001         4.5583         3.1620
106  9.101         4.5748         3.1453
107  9.201         4.5903         3.1356
108  9.301         4.6056         3.1440
109  9.401         4.6204         3.1456
110  9.501         4.6341         3.1256
111  9.601         4.6487         3.1682
112  9.701         4.6620         3.1412
113  9.801         4.6771         3.2115
114  9.901         4.6922         3.2264
115 10.001         4.7074         3.2439
116 10.101         4.7228         3.2640
117 10.201         4.7384         3.2867
118 10.301         4.7544         3.3119
119 10.401         4.7708         3.3396
120 10.501         4.7877         3.3698
121 10.601         4.8052         3.4015
122 10.701         4.8229         3.4244
123 10.801         4.8408         3.4460
124 10.901         4.8589         3.4699
125 11.001         4.8773         3.4963
126 11.101         4.8962         3.5254
127 11.201         4.9157         3.5573
128 11.301         4.9358         3.5923
129 11.401         4.9569         3.6318
130 11.501         4.9785         3.6642
131 11.601         5.0000         3.6846


#AGE= 0.100 BINS=130 Power-law IMF: x=-2.350
# N  sdss_r       Log10(N)       Log10(dN)
  1 -1.195        -0.3947        -0.3947
  2 -1.095         0.0066        -0.2131
  3 -0.995         0.2283        -0.1698
  4 -0.895         1.8982         1.8888
  5 -0.795         2.1367         1.7626
  6 -0.695         2.2578         1.6441
  7 -0.595         2.3294         1.5112
  8 -0.495         2.3758         1.3815
  9 -0.395         2.4061         1.2347
 10 -0.295         2.4145         0.6964
 11 -0.195         2.4024         0.6964
 12 -0.095         2.3957         0.6964
 13  0.005         2.4621         1.6139
 14  0.105         2.5410         1.7615
 15  0.205         2.6035         1.7307
 16  0.305         2.6678         1.8062
 17  0.405         2.7194         1.7693
 18  0.505         2.7799         1.8937
 19  0.605         2.8485         2.0133
 20  0.705         2.9134         2.0557
 21  0.805         2.9782         2.1204
 22  0.905         3.0486         2.2237
 23  1.005         3.0924         2.0743
 24  1.105         3.1662         2.3597
 25  1.205         3.1977         2.0436
 26  1.305         3.2328         2.1218
 27  1.405         3.2910         2.3899
 28  1.505         3.3310         2.2748
 29  1.605         3.3568         2.1186
 30  1.705         3.3833         2.1549
 31  1.805         3.4089         2.1664
 32  1.905         3.4337         2.1779
 33  2.005         3.4577         2.1892
 34  2.105         3.4811         2.2005
 35  2.205         3.5039         2.2119
 36  2.305         3.5261         2.2243
 37  2.405         3.5470         2.2192
 38  2.505         3.5662         2.2020
 39  2.605         3.5843         2.1943
 40  2.705         3.6018         2.1983
 41  2.805         3.6188         2.2034
 42  2.905         3.6353         2.2072
 43  3.005         3.6515         2.2140
 44  3.105         3.6671         2.2167
 45  3.205         3.6825         2.2248
 46  3.305         3.6984         2.2525
 47  3.405         3.7150         2.2890
 48  3.505         3.7326         2.3318
 49  3.605         3.7493         2.3264
 50  3.705         3.7647         2.3055
 51  3.805         3.7794         2.3033
 52  3.905         3.7936         2.3020
 53  4.005         3.8073         2.2971
 54  4.105         3.8205         2.2978
 55  4.205         3.8337         2.3083
 56  4.305         3.8469         2.3260
 57  4.405         3.8582         2.2657
 58  4.505         3.8694         2.2746
 59  4.605         3.8805         2.2836
 60  4.705         3.8916         2.2928
 61  4.805         3.9026         2.3022
 62  4.905         3.9136         2.3118
 63  5.005         3.9246         2.3215
 64  5.105         3.9355         2.3314
 65  5.205         3.9465         2.3414
 66  5.305         3.9574         2.3517
 67  5.405         3.9682         2.3621
 68  5.505         3.9791         2.3727
 69  5.605         3.9900         2.3832
 70  5.705         4.0008         2.3898
 71  5.805         4.0115         2.3977
 72  5.905         4.0222         2.4094
 73  6.005         4.0330         2.4247
 74  6.105         4.0441         2.4440
 75  6.205         4.0554         2.4671
 76  6.305         4.0671         2.4908
 77  6.405         4.0790         2.5103
 78  6.505         4.0910         2.5254
 79  6.605         4.1029         2.5361
 80  6.705         4.0996         2.5361
 81  6.805         4.1086         2.4191
 82  6.905         4.1187         2.4834
 83  7.005         4.1293         2.5103
 84  7.105         4.1403         2.5363
 85  7.205         4.1506         2.5207
 86  7.305         4.1593         2.4584
 87  7.405         4.1678         2.4562
 88  7.505         4.1767         2.4818
 89  7.605         4.1860         2.5150
 90  7.705         4.1952         2.5137
 91  7.805         4.2034         2.4749
 92  7.905         4.2114         2.4757
 93  8.005         4.2202         2.5226
 94  8.105         4.2535         3.1217
 95  8.205         4.2906         3.2032
 96  8.305         4.3276         3.2397
 97  8.405         4.3636         3.2644
 98  8.505         4.3979         3.2785
 99  8.605         4.4297         3.2789
100  8.705         4.4587         3.2682
101  8.805         4.4844         3.2447
102  8.905         4.5074         3.2189
103  9.005         4.5280         3.1937
104  9.105         4.5466         3.1707
105  9.205         4.5639         3.1536
106  9.305         4.5802         3.1485
107  9.405         4.5965         3.1616
108  9.505         4.6117         3.1472
109  9.605         4.6270         3.1676
110  9.705         4.6420         3.1737
111  9.805         4.6568         3.1795
112  9.905         4.6725         3.2226
113 10.005         4.6881         3.2361
114 10.105         4.7037         3.2522
115 10.205         4.7195         3.2710
116 10.305         4.7354         3.2925
117 10.405         4.7517         3.3166
118 10.505         4.7683         3.3434
119 10.605         4.7854         3.3729
120 10.705         4.8031         3.4048
121 10.805         4.8212         3.4316
122 10.905         4.8395         3.4534
123 11.005         4.8579         3.4772
124 11.105         4.8767         3.5031
125 11.205         4.8959         3.5313
126 11.305         4.9155         3.5619
127 11.405         4.9358         3.5951
128 11.505         4.9569         3.6326
129 11.605         4.9785         3.6638
130 11.705         5.0000         3.6844


#AGE= 1.000 BINS=138 Power-law IMF: x=-2.350
# N  sdss_r       Log10(N)       Log10(dN)
  1 -0.957         0.0029         0.0029
  2 -0.857         0.3016        -0.0018
  3 -0.757         0.4751        -0.0073
  4 -0.657         0.5987        -0.0075
  5 -0.557         0.6955        -0.0037
  6 -0.457         0.7734        -0.0113
  7 -0.357         0.8387        -0.0164
  8 -0.257         0.8954        -0.0171
  9 -0.157         0.9453        -0.0193
 10 -0.057         0.9894        -0.0258
 11  0.043         1.0291        -0.0296
 12  0.143         1.0648        -0.0376
 13  0.243         1.0972        -0.0456
 14  0.343         1.1269        -0.0533
 15  0.443         1.1542        -0.0616
 16  0.543         1.2558         0.5754
 17  0.643         1.4227         0.9264
 18  0.743         1.4847         0.6088
 19  0.843         1.5173         0.3775
 20  0.943         1.5676         0.6060
 21  1.043         1.8887         1.6068
 22  1.143         2.0516         1.5469
 23  1.243         2.1758         1.5715
 24  1.343         2.2781         1.5998
 25  1.443         2.3674         1.6365
 26  1.543         2.4485         1.6800
 27  1.643         2.5238         1.7259
 28  1.743         2.5881         1.7265
 29  1.843         2.6535         1.7991
 30  1.943         2.7191         1.8655
 31  2.043         2.7829         1.9190
 32  2.143         2.8353         1.8904
 33  2.243         2.8901         1.9640
 34  2.343         2.9381         1.9584
 35  2.443         2.9822         1.9669
 36  2.543         3.0222         1.9662
 37  2.643         3.0595         1.9752
 38  2.743         3.0956         1.9965
 39  2.843         3.1293         2.0031
 40  2.943         3.1603         1.9989
 41  3.043         3.1909         2.0225
 42  3.143         3.2211         2.0494
 43  3.243         3.2508         2.0709
 44  3.343         3.2796         2.0873
 45  3.443         3.3074         2.0984
 46  3.543         3.3337         2.1042
 47  3.643         3.3586         2.1041
 48  3.743         3.3818         2.0986
 49  3.843         3.4040         2.1017
 50  3.943         3.4257         2.1122
 51  4.043         3.4468         2.1237
 52  4.143         3.4675         2.1359
 53  4.243         3.4880         2.1498
 54  4.343         3.5082         2.1670
 55  4.443         3.5280         2.1772
 56  4.543         3.5474         2.1868
 57  4.643         3.5662         2.1948
 58  4.743         3.5848         2.2063
 59  4.843         3.6030         2.2157
 60  4.943         3.6202         2.2108
 61  5.043         3.6369         2.2117
 62  5.143         3.6532         2.2199
 63  5.243         3.6695         2.2355
 64  5.343         3.6860         2.2578
 65  5.443         3.7027         2.2805
 66  5.543         3.7196         2.3000
 67  5.643         3.7364         2.3165
 68  5.743         3.7531         2.3300
 69  5.843         3.7696         2.3405
 70  5.943         3.7858         2.3481
 71  6.043         3.8015         2.3527
 72  6.143         3.8167         2.3540
 73  6.243         3.8314         2.3520
 74  6.343         3.8454         2.3464
 75  6.443         3.8589         2.3453
 76  6.543         3.8721         2.3476
 77  6.643         3.8849         2.3500
 78  6.743         3.8975         2.3527
 79  6.843         3.9098         2.3556
 80  6.943         3.9218         2.3580
 81  7.043         3.9336         2.3607
 82  7.143         3.9454         2.3730
 83  7.243         3.9572         2.3875
 84  7.343         3.9660         2.2669
 85  7.443         3.9747         2.2711
 86  7.543         3.9867         2.4228
 87  7.643         3.9985         2.4275
 88  7.743         4.0104         2.4421
 89  7.843         4.0223         2.4538
 90  7.943         4.0341         2.4614
 91  8.043         4.0461         2.4810
 92  8.143         4.0584         2.5060
 93  8.243         4.0711         2.5319
 94  8.343         4.0841         2.5527
 95  8.443         4.0972         2.5710
 96  8.543         4.1106         2.5913
 97  8.643         4.1243         2.6164
 98  8.743         4.1385         2.6465
 99  8.843         4.1532         2.6745
100  8.943         4.1683         2.7024
101  9.043         4.1835         2.7210
102  9.143         4.1992         2.7484
103  9.243         4.2168         2.8176
104  9.343         4.2360         2.8700
105  9.443         4.2555         2.8999
106  9.543         4.2753         2.9226
107  9.643         4.2956         2.9555
108  9.743         4.3158         2.9733
109  9.843         4.3355         2.9824
110  9.943         4.3560         3.0192
111 10.043         4.3771         3.0543
112 10.143         4.4005         3.1195
113 10.243         4.4251         3.1673
114 10.343         4.4504         3.2017
115 10.443         4.4763         3.2391
116 10.543         4.5023         3.2667
117 10.643         4.5278         3.2840
118 10.743         4.5525         3.2961
119 10.843         4.5769         3.3141
120 10.943         4.6010         3.3323
121 11.043         4.6247         3.3507
122 11.143         4.6482         3.3693
123 11.243         4.6714         3.3880
124 11.343         4.6944         3.4069
125 11.443         4.7172         3.4260
126 11.543         4.7397         3.4431
127 11.643         4.7620         3.4601
128 11.743         4.7840         3.4782
129 11.843         4.8059         3.4975
130 11.943         4.8277         3.5181
131 12.043         4.8495         3.5400
132 12.143         4.8714         3.5627
133 12.243         4.8933         3.5840
134 12.343         4.9150         3.6036
135 12.443         4.9365         3.6212
136 12.543         4.9578         3.6373
137 12.643         4.9789         3.6551
138 12.743         5.0000         3.6757


#AGE= 2.000 BINS=159 Power-law IMF: x=-2.350
# N  sdss_r       Log10(N)       Log10(dN)
  1 -2.745        -0.5249        -0.5249
  2 -2.645        -0.2199        -0.5170
  3 -2.545        -0.0381        -0.5041
  4 -2.445         0.0946        -0.4847
  5 -2.345         0.2022        -0.4566
  6 -2.245         0.2926        -0.4333
  7 -2.145         0.3718        -0.4064
  8 -2.045         0.4422        -0.3826
  9 -1.945         0.5069        -0.3522
 10 -1.845         0.5667        -0.3235
 11 -1.745         0.6224        -0.2971
 12 -1.645         0.6748        -0.2699
 13 -1.545         0.7246        -0.2401
 14 -1.445         0.7723        -0.2115
 15 -1.345         0.8168        -0.1943
 16 -1.245         0.8558        -0.2099
 17 -1.145         0.8973        -0.1437
 18 -1.045         0.9389        -0.0998
 19 -0.945         0.9797        -0.0679
 20 -0.845         1.0193        -0.0407
 21 -0.745         1.0579        -0.0125
 22 -0.645         1.1433         0.3952
 23 -0.545         1.1838         0.1336
 24 -0.445         1.2175         0.0908
 25 -0.345         1.2474         0.0700
 26 -0.245         1.2920         0.2809
 27 -0.145         1.3884         0.6876
 28 -0.045         1.4180         0.2365
 29  0.055         1.4483         0.2771
 30  0.155         1.4789         0.3119
 31  0.255         1.5093         0.3388
 32  0.355         1.5388         0.3569
 33  0.455         1.5671         0.3669
 34  0.555         1.5941         0.3745
 35  0.655         1.6202         0.3855
 36  0.755         1.6455         0.3980
 37  0.855         1.6698         0.4064
 38  0.955         1.6936         0.4203
 39  1.055         1.7165         0.4274
 40  1.155         1.7388         0.4380
 41  1.255         1.7605         0.4473
 42  1.355         1.7814         0.4549
 43  1.455         1.8018         0.4626
 44  1.555         1.8215         0.4683
 45  1.655         2.0183         1.5800
 46  1.755         2.1033         1.3530
 47  1.855         2.2205         1.5944
 48  1.955         2.2745         1.3423
 49  2.055         2.3384         1.4744
 50  2.155         2.4165         1.6327
 51  2.255         2.4873         1.6651
 52  2.355         2.5620         1.7603
 53  2.455         2.6315         1.8018
 54  2.555         2.6927         1.8109
 55  2.655         2.7494         1.8371
 56  2.755         2.8019         1.8588
 57  2.855         2.8510         1.8801
 58  2.955         2.8984         1.9132
 59  3.055         2.9440         1.9417
 60  3.155         2.9882         1.9739
 61  3.255         3.0280         1.9712
 62  3.355         3.0628         1.9484
 63  3.455         3.0982         1.9926
 64  3.555         3.1323         2.0095
 65  3.655         3.1627         1.9934
 66  3.755         3.1910         1.9904
 67  3.855         3.2190         2.0147
 68  3.955         3.2459         2.0246
 69  4.055         3.2688         1.9795
 70  4.155         3.2948         2.0591
 71  4.255         3.3201         2.0725
 72  4.355         3.3444         2.0803
 73  4.455         3.3680         2.0910
 74  4.555         3.3910         2.1041
 75  4.655         3.4136         2.1180
 76  4.755         3.4356         2.1305
 77  4.855         3.4574         2.1464
 78  4.955         3.4788         2.1600
 79  5.055         3.4993         2.1641
 80  5.155         3.5195         2.1764
 81  5.255         3.5393         2.1880
 82  5.355         3.5585         2.1952
 83  5.455         3.5773         2.2035
 84  5.555         3.5957         2.2153
 85  5.655         3.6142         2.2327
 86  5.755         3.6325         2.2493
 87  5.855         3.6506         2.2620
 88  5.955         3.6684         2.2708
 89  6.055         3.6856         2.2759
 90  6.155         3.7023         2.2769
 91  6.255         3.7182         2.2738
 92  6.355         3.7334         2.2710
 93  6.455         3.7482         2.2723
 94  6.555         3.7625         2.2752
 95  6.655         3.7766         2.2799
 96  6.755         3.7904         2.2850
 97  6.855         3.8039         2.2888
 98  6.955         3.8170         2.2917
 99  7.055         3.8303         2.3096
100  7.155         3.8424         2.2795
101  7.255         3.8522         2.2009
102  7.355         3.8637         2.2814
103  7.455         3.8764         2.3354
104  7.555         3.8889         2.3425
105  7.655         3.9016         2.3635
106  7.755         3.9146         2.3816
107  7.855         3.9273         2.3876
108  7.955         3.9400         2.3996
109  8.055         3.9529         2.4199
110  8.155         3.9662         2.4470
111  8.255         3.9799         2.4721
112  8.355         3.9939         2.4938
113  8.455         4.0081         2.5146
114  8.555         4.0225         2.5363
115  8.655         4.0373         2.5623
116  8.755         4.0525         2.5892
117  8.855         4.0681         2.6170
118  8.955         4.0840         2.6395
119  9.055         4.0991         2.6315
120  9.155         4.1167         2.7168
121  9.255         4.1368         2.7908
122  9.355         4.1579         2.8353
123  9.455         4.1787         2.8487
124  9.555         4.1993         2.8637
125  9.655         4.2202         2.8936
126  9.755         4.2421         2.9338
127  9.855         4.2653         2.9814
128  9.955         4.2867         2.9677
129 10.055         4.3081         2.9915
130 10.155         4.3316         3.0522
131 10.255         4.3564         3.1018
132 10.355         4.3825         3.1475
133 10.455         4.4084         3.1715
134 10.555         4.4344         3.1984
135 10.655         4.4603         3.2224
136 10.755         4.4857         3.2399
137 10.855         4.5104         3.2532
138 10.955         4.5346         3.2685
139 11.055         4.5583         3.2849
140 11.155         4.5818         3.3025
141 11.255         4.6050         3.3213
142 11.355         4.6281         3.3414
143 11.455         4.6510         3.3625
144 11.555         4.6737         3.3811
145 11.655         4.6962         3.3996
146 11.755         4.7186         3.4189
147 11.855         4.7408         3.4390
148 11.955         4.7630         3.4600
149 12.055         4.7852         3.4819
150 12.155         4.8073         3.5044
151 12.255         4.8294         3.5253
152 12.355         4.8514         3.5442
153 12.455         4.8731         3.5611
154 12.555         4.8946         3.5775
155 12.655         4.9158         3.5954
156 12.755         4.9370         3.6146
157 12.855         4.9581         3.6335
158 12.955         4.9791         3.6525
159 13.055         5.0000         3.6728


#AGE= 3.000 BINS=158 Power-law IMF: x=-2.350
# N  sdss_r       Log10(N)       Log10(dN)
  1 -2.714        -0.5656        -0.5656
  2 -2.614        -0.2655        -0.5675
  3 -2.514        -0.0813        -0.5425
  4 -2.414         0.0546        -0.5161
  5 -2.314         0.1628        -0.4937
  6 -2.214         0.2521        -0.4787
  7 -2.114         0.3309        -0.4491
  8 -2.014         0.4016        -0.4220
  9 -1.914         0.4659        -0.3953
 10 -1.814         0.5252        -0.3690
 11 -1.714         0.5808        -0.3394
 12 -1.614         0.6330        -0.3129
 13 -1.514         0.6830        -0.2804
 14 -1.414         0.7313        -0.2462
 15 -1.314         0.7775        -0.2186
 16 -1.214         0.8206        -0.2047
 17 -1.114         0.8597        -0.2044
 18 -1.014         0.8996        -0.1577
 19 -0.914         0.9404        -0.1066
 20 -0.814         0.9807        -0.0718
 21 -0.714         1.0198        -0.0451
 22 -0.614         1.0558        -0.0440
 23 -0.514         1.1438         0.4073
 24 -0.414         1.1900         0.1941
 25 -0.314         1.2264         0.1312
 26 -0.214         1.2608         0.1432
 27 -0.114         1.2930         0.1466
 28 -0.014         1.3924         0.7033
 29  0.086         1.4261         0.2994
 30  0.186         1.4538         0.2440
 31  0.286         1.4793         0.2365
 32  0.386         1.5055         0.2726
 33  0.486         1.5326         0.3149
 34  0.586         1.5605         0.3542
 35  0.686         1.5885         0.3839
 36  0.786         1.6169         0.4183
 37  0.886         1.6456         0.4518
 38  0.986         1.6747         0.4854
 39  1.086         1.7040         0.5195
 40  1.186         1.7338         0.5548
 41  1.286         1.7639         0.5905
 42  1.386         1.7945         0.6272
 43  1.486         1.8256         0.6645
 44  1.586         1.8573         0.7050
 45  1.686         1.8899         0.7492
 46  1.786         1.9233         0.7922
 47  1.886         1.9565         0.8233
 48  1.986         1.9893         0.8514
 49  2.086         2.0222         0.8855
 50  2.186         2.2538         1.8700
 51  2.286         2.3820         1.7896
 52  2.386         2.4590         1.6699
 53  2.486         2.5143         1.5917
 54  2.586         2.5749         1.6897
 55  2.686         2.6358         1.7528
 56  2.786         2.6927         1.7815
 57  2.886         2.7407         1.7607
 58  2.986         2.7733         1.6318
 59  3.086         2.8196         1.8245
 60  3.186         2.8735         1.9405
 61  3.286         2.9242         1.9668
 62  3.386         2.9678         1.9474
 63  3.486         3.0046         1.9146
 64  3.586         3.0408         1.9446
 65  3.686         3.0756         1.9618
 66  3.786         3.1075         1.9575
 67  3.886         3.1376         1.9630
 68  3.986         3.1696         2.0215
 69  4.086         3.2006         2.0391
 70  4.186         3.2304         2.0512
 71  4.286         3.2590         2.0643
 72  4.386         3.2868         2.0785
 73  4.486         3.3138         2.0944
 74  4.586         3.3401         2.1082
 75  4.686         3.3656         2.1214
 76  4.786         3.3905         2.1379
 77  4.886         3.4150         2.1532
 78  4.986         3.4387         2.1637
 79  5.086         3.4617         2.1741
 80  5.186         3.4845         2.1942
 81  5.286         3.5073         2.2159
 82  5.386         3.5295         2.2262
 83  5.486         3.5510         2.2349
 84  5.586         3.5717         2.2407
 85  5.686         3.5918         2.2464
 86  5.786         3.6112         2.2520
 87  5.886         3.6300         2.2577
 88  5.986         3.6483         2.2628
 89  6.086         3.6660         2.2674
 90  6.186         3.6832         2.2722
 91  6.286         3.6999         2.2762
 92  6.386         3.7161         2.2792
 93  6.486         3.7318         2.2820
 94  6.586         3.7471         2.2862
 95  6.686         3.7620         2.2920
 96  6.786         3.7767         2.2972
 97  6.886         3.7909         2.2991
 98  6.986         3.8049         2.3071
 99  7.086         3.8181         2.2933
100  7.186         3.8297         2.2527
101  7.286         3.8423         2.2969
102  7.386         3.8556         2.3344
103  7.486         3.8687         2.3433
104  7.586         3.8821         2.3643
105  7.686         3.8958         2.3874
106  7.786         3.9093         2.3962
107  7.886         3.9228         2.4063
108  7.986         3.9362         2.4195
109  8.086         3.9500         2.4457
110  8.186         3.9642         2.4722
111  8.286         3.9787         2.4957
112  8.386         3.9935         2.5169
113  8.486         4.0084         2.5373
114  8.586         4.0237         2.5621
115  8.686         4.0393         2.5885
116  8.786         4.0554         2.6166
117  8.886         4.0721         2.6468
118  8.986         4.0880         2.6452
119  9.086         4.1047         2.6814
120  9.186         4.1242         2.7665
121  9.286         4.1453         2.8211
122  9.386         4.1665         2.8437
123  9.486         4.1875         2.8616
124  9.586         4.2090         2.8928
125  9.686         4.2314         2.9342
126  9.786         4.2555         2.9869
127  9.886         4.2804         3.0270
128  9.986         4.3027         3.0021
129 10.086         4.3258         3.0397
130 10.186         4.3502         3.0879
131 10.286         4.3758         3.1341
132 10.386         4.4020         3.1681
133 10.486         4.4281         3.1949
134 10.586         4.4540         3.2166
135 10.686         4.4797         3.2383
136 10.786         4.5048         3.2552
137 10.886         4.5294         3.2704
138 10.986         4.5536         3.2869
139 11.086         4.5774         3.3046
140 11.186         4.6010         3.3235
141 11.286         4.6243         3.3435
142 11.386         4.6474         3.3610
143 11.486         4.6702         3.3783
144 11.586         4.6927         3.3970
145 11.686         4.7152         3.4171
146 11.786         4.7375         3.4388
147 11.886         4.7600         3.4621
148 11.986         4.7825         3.4867
149 12.086         4.8051         3.5099
150 12.186         4.8276         3.5306
151 12.286         4.8499         3.5489
152 12.386         4.8719         3.5648
153 12.486         4.8936         3.5818
154 12.586         4.9151         3.5999
155 12.686         4.9365         3.6187
156 12.786         4.9578         3.6368
157 12.886         4.9789         3.6555
158 12.986         5.0000         3.6759


#AGE= 4.000 BINS=155 Power-law IMF: x=-2.350
# N  sdss_r       Log10(N)       Log10(dN)
  1 -2.650        -0.6011        -0.6011
  2 -2.550        -0.3128        -0.6269
  3 -2.450        -0.1384        -0.6188
  4 -2.350        -0.0051        -0.5831
  5 -2.250         0.1028        -0.5549
  6 -2.150         0.1917        -0.5406
  7 -2.050         0.2708        -0.5080
  8 -1.950         0.3410        -0.4853
  9 -1.850         0.4054        -0.4553
 10 -1.750         0.4646        -0.4301
 11 -1.650         0.5208        -0.3952
 12 -1.550         0.5732        -0.3706
 13 -1.450         0.6237        -0.3360
 14 -1.350         0.6712        -0.3131
 15 -1.250         0.7177        -0.2762
 16 -1.150         0.7625        -0.2465
 17 -1.050         0.8043        -0.2326
 18 -0.950         0.8429        -0.2273
 19 -0.850         0.8827        -0.1753
 20 -0.750         0.9230        -0.1292
 21 -0.650         0.9626        -0.0976
 22 -0.550         1.0005        -0.0773
 23 -0.450         1.0428         0.0104
 24 -0.350         1.1285         0.3819
 25 -0.250         1.1661         0.0844
 26 -0.150         1.2005         0.0821
 27 -0.050         1.2304         0.0539
 28  0.050         1.3318         0.6503
 29  0.150         1.3624         0.1947
 30  0.250         1.3909         0.1932
 31  0.350         1.4178         0.1972
 32  0.450         1.4436         0.2041
 33  0.550         1.4699         0.2397
 34  0.650         1.4974         0.2844
 35  0.750         1.5255         0.3230
 36  0.850         1.5542         0.3607
 37  0.950         1.5831         0.3913
 38  1.050         1.6124         0.4272
 39  1.150         1.6420         0.4606
 40  1.250         1.6718         0.4928
 41  1.350         1.7018         0.5265
 42  1.450         1.7318         0.5559
 43  1.550         1.7623         0.5935
 44  1.650         1.7932         0.6308
 45  1.750         1.8252         0.6769
 46  1.850         1.8579         0.7180
 47  1.950         1.8909         0.7545
 48  2.050         1.9235         0.7839
 49  2.150         1.9563         0.8174
 50  2.250         1.9881         0.8372
 51  2.350         2.0205         0.8766
 52  2.450         2.2438         1.8480
 53  2.550         2.3770         1.7989
 54  2.650         2.4468         1.6185
 55  2.750         2.5134         1.6662
 56  2.850         2.5780         1.7184
 57  2.950         2.6405         1.7679
 58  3.050         2.6996         1.8038
 59  3.150         2.7572         1.8513
 60  3.250         2.8124         1.8894
 61  3.350         2.8655         1.9265
 62  3.450         2.9153         1.9500
 63  3.550         2.9572         1.9212
 64  3.650         3.0013         1.9861
 65  3.750         3.0424         1.9976
 66  3.850         3.0812         2.0140
 67  3.950         3.1185         2.0332
 68  4.050         3.1542         2.0515
 69  4.150         3.1885         2.0690
 70  4.250         3.2215         2.0859
 71  4.350         3.2535         2.1045
 72  4.450         3.2844         2.1212
 73  4.550         3.3142         2.1365
 74  4.650         3.3431         2.1512
 75  4.750         3.3712         2.1692
 76  4.850         3.3986         2.1851
 77  4.950         3.4252         2.1980
 78  5.050         3.4510         2.2125
 79  5.150         3.4764         2.2307
 80  5.250         3.5018         2.2556
 81  5.350         3.5263         2.2664
 82  5.450         3.5497         2.2701
 83  5.550         3.5724         2.2777
 84  5.650         3.5941         2.2837
 85  5.750         3.6152         2.2907
 86  5.850         3.6356         2.2978
 87  5.950         3.6555         2.3054
 88  6.050         3.6746         2.3096
 89  6.150         3.6931         2.3131
 90  6.250         3.7111         2.3179
 91  6.350         3.7285         2.3232
 92  6.450         3.7454         2.3272
 93  6.550         3.7618         2.3305
 94  6.650         3.7777         2.3337
 95  6.750         3.7932         2.3373
 96  6.850         3.8082         2.3403
 97  6.950         3.8225         2.3328
 98  7.050         3.8363         2.3297
 99  7.150         3.8502         2.3504
100  7.250         3.8641         2.3623
101  7.350         3.8779         2.3711
102  7.450         3.8917         2.3883
103  7.550         3.9057         2.4067
104  7.650         3.9200         2.4303
105  7.750         3.9342         2.4428
106  7.850         3.9483         2.4515
107  7.950         3.9623         2.4645
108  8.050         3.9767         2.4883
109  8.150         3.9914         2.5151
110  8.250         4.0065         2.5405
111  8.350         4.0218         2.5609
112  8.450         4.0373         2.5819
113  8.550         4.0531         2.6053
114  8.650         4.0692         2.6318
115  8.750         4.0858         2.6588
116  8.850         4.1028         2.6869
117  8.950         4.1201         2.7132
118  9.050         4.1370         2.7176
119  9.150         4.1557         2.7799
120  9.250         4.1764         2.8454
121  9.350         4.1983         2.8891
122  9.450         4.2202         2.9114
123  9.550         4.2422         2.9358
124  9.650         4.2649         2.9735
125  9.750         4.2893         3.0255
126  9.850         4.3156         3.0856
127  9.950         4.3399         3.0755
128 10.050         4.3638         3.0917
129 10.150         4.3885         3.1321
130 10.250         4.4144         3.1759
131 10.350         4.4407         3.2096
132 10.450         4.4670         3.2374
133 10.550         4.4932         3.2597
134 10.650         4.5189         3.2789
135 10.750         4.5440         3.2939
136 10.850         4.5687         3.3106
137 10.950         4.5930         3.3290
138 11.050         4.6169         3.3459
139 11.150         4.6405         3.3628
140 11.250         4.6637         3.3813
141 11.350         4.6869         3.4017
142 11.450         4.7099         3.4238
143 11.550         4.7329         3.4448
144 11.650         4.7557         3.4652
145 11.750         4.7785         3.4858
146 11.850         4.8011         3.5067
147 11.950         4.8236         3.5278
148 12.050         4.8461         3.5495
149 12.150         4.8687         3.5722
150 12.250         4.8911         3.5932
151 12.350         4.9134         3.6120
152 12.450         4.9353         3.6285
153 12.550         4.9570         3.6444
154 12.650         4.9785         3.6626
155 12.750         5.0000         3.6835


#AGE= 5.000 BINS=158 Power-law IMF: x=-2.350
# N  sdss_r       Log10(N)       Log10(dN)
  1 -2.631        -0.5807        -0.5807
  2 -2.531        -0.3442        -0.7210
  3 -2.431        -0.1987        -0.7444
  4 -2.331        -0.0843        -0.7197
  5 -2.231         0.0104        -0.6975
  6 -2.131         0.0939        -0.6634
  7 -2.031         0.1678        -0.6375
  8 -1.931         0.2349        -0.6090
  9 -1.831         0.2958        -0.5881
 10 -1.731         0.3528        -0.5567
 11 -1.631         0.4064        -0.5290
 12 -1.531         0.4572        -0.4996
 13 -1.431         0.5058        -0.4700
 14 -1.331         0.5526        -0.4375
 15 -1.231         0.5980        -0.4058
 16 -1.131         0.6420        -0.3736
 17 -1.031         0.6844        -0.3479
 18 -0.931         0.7237        -0.3390
 19 -0.831         0.7616        -0.3164
 20 -0.731         0.8003        -0.2685
 21 -0.631         0.8394        -0.2260
 22 -0.531         0.8781        -0.1905
 23 -0.431         0.9143        -0.1829
 24 -0.331         0.9623        -0.0186
 25 -0.231         1.0394         0.2506
 26 -0.131         1.0765        -0.0099
 27 -0.031         1.1107        -0.0104
 28  0.069         1.1436         0.0069
 29  0.169         1.2436         0.5567
 30  0.269         1.2747         0.1140
 31  0.369         1.3032         0.1073
 32  0.469         1.3294         0.0960
 33  0.569         1.3553         0.1188
 34  0.669         1.3824         0.1629
 35  0.769         1.4104         0.2066
 36  0.869         1.4390         0.2432
 37  0.969         1.4680         0.2780
 38  1.069         1.4973         0.3126
 39  1.169         1.5270         0.3464
 40  1.269         1.5569         0.3809
 41  1.369         1.5873         0.4162
 42  1.469         1.6179         0.4514
 43  1.569         1.6488         0.4851
 44  1.669         1.6801         0.5226
 45  1.769         1.7121         0.5630
 46  1.869         1.7454         0.6144
 47  1.969         1.7806         0.6716
 48  2.069         1.8164         0.7151
 49  2.169         1.8546         0.7796
 50  2.269         1.8930         0.8204
 51  2.369         1.9297         0.8382
 52  2.469         1.9651         0.8595
 53  2.569         2.0013         0.9043
 54  2.669         2.2658         1.9248
 55  2.769         2.3432         1.5558
 56  2.869         2.4132         1.5858
 57  2.969         2.4792         1.6286
 58  3.069         2.5417         1.6692
 59  3.169         2.6010         1.7065
 60  3.269         2.6572         1.7415
 61  3.369         2.7102         1.7709
 62  3.469         2.7617         1.8101
 63  3.569         2.8115         1.8456
 64  3.669         2.8593         1.8772
 65  3.769         2.9044         1.8987
 66  3.869         2.9473         1.9212
 67  3.969         2.9883         1.9422
 68  4.069         3.0272         1.9609
 69  4.169         3.0646         1.9802
 70  4.269         3.1005         2.0003
 71  4.369         3.1351         2.0193
 72  4.469         3.1684         2.0370
 73  4.569         3.2005         2.0532
 74  4.669         3.2317         2.0723
 75  4.769         3.2620         2.0907
 76  4.869         3.2914         2.1066
 77  4.969         3.3199         2.1234
 78  5.069         3.3477         2.1397
 79  5.169         3.3752         2.1630
 80  5.269         3.4021         2.1812
 81  5.369         3.4278         2.1866
 82  5.469         3.4523         2.1926
 83  5.569         3.4760         2.2009
 84  5.669         3.4988         2.2076
 85  5.769         3.5209         2.2171
 86  5.869         3.5424         2.2250
 87  5.969         3.5631         2.2312
 88  6.069         3.5830         2.2351
 89  6.169         3.6023         2.2402
 90  6.269         3.6210         2.2452
 91  6.369         3.6391         2.2494
 92  6.469         3.6566         2.2535
 93  6.569         3.6736         2.2575
 94  6.669         3.6901         2.2611
 95  6.769         3.7060         2.2640
 96  6.869         3.7216         2.2673
 97  6.969         3.7367         2.2701
 98  7.069         3.7515         2.2772
 99  7.169         3.7661         2.2851
100  7.269         3.7805         2.2935
101  7.369         3.7948         2.3064
102  7.469         3.8092         2.3218
103  7.569         3.8238         2.3443
104  7.669         3.8386         2.3640
105  7.769         3.8533         2.3738
106  7.869         3.8678         2.3857
107  7.969         3.8824         2.4015
108  8.069         3.8974         2.4285
109  8.169         3.9128         2.4548
110  8.269         3.9285         2.4776
111  8.369         3.9443         2.4987
112  8.469         3.9604         2.5197
113  8.569         3.9767         2.5440
114  8.669         3.9934         2.5705
115  8.769         4.0106         2.5988
116  8.869         4.0282         2.6285
117  8.969         4.0457         2.6417
118  9.069         4.0637         2.6708
119  9.169         4.0836         2.7361
120  9.269         4.1049         2.7849
121  9.369         4.1266         2.8145
122  9.469         4.1482         2.8335
123  9.569         4.1703         2.8658
124  9.669         4.1939         2.9177
125  9.769         4.2204         2.9929
126  9.869         4.2480         3.0378
127  9.969         4.2730         3.0206
128 10.069         4.2982         3.0480
129 10.169         4.3238         3.0828
130 10.269         4.3502         3.1209
131 10.369         4.3769         3.1525
132 10.469         4.4034         3.1746
133 10.569         4.4294         3.1938
134 10.669         4.4549         3.2118
135 10.769         4.4800         3.2287
136 10.869         4.5046         3.2450
137 10.969         4.5288         3.2628
138 11.069         4.5526         3.2805
139 11.169         4.5761         3.2970
140 11.269         4.5993         3.3154
141 11.369         4.6224         3.3361
142 11.469         4.6454         3.3587
143 11.569         4.6683         3.3799
144 11.669         4.6912         3.4008
145 11.769         4.7139         3.4219
146 11.869         4.7366         3.4433
147 11.969         4.7593         3.4648
148 12.069         4.7819         3.4875
149 12.169         4.8045         3.5102
150 12.269         4.8270         3.5306
151 12.369         4.8493         3.5487
152 12.469         4.8713         3.5649
153 12.569         4.8931         3.5822
154 12.669         4.9147         3.6006
155 12.769         4.9362         3.6200
156 12.869         4.9575         3.6386
157 12.969         4.9788         3.6577
158 13.069         5.0000         3.6782


#AGE= 6.000 BINS=156 Power-law IMF: x=-2.350
# N  sdss_r       Log10(N)       Log10(dN)
  1 -2.498        -0.6794        -0.6794
  2 -2.398        -0.4033        -0.7307
  3 -2.298        -0.2328        -0.7213
  4 -2.198        -0.0989        -0.6753
  5 -2.098         0.0048        -0.6679
  6 -1.998         0.0955        -0.6292
  7 -1.898         0.1731        -0.6130
  8 -1.798         0.2441        -0.5778
  9 -1.698         0.3089        -0.5493
 10 -1.598         0.3677        -0.5297
 11 -1.498         0.4239        -0.4918
 12 -1.398         0.4775        -0.4576
 13 -1.298         0.5272        -0.4390
 14 -1.198         0.5755        -0.4025
 15 -1.098         0.6221        -0.3705
 16 -0.998         0.6672        -0.3386
 17 -0.898         0.7105        -0.3125
 18 -0.798         0.7494        -0.3170
 19 -0.698         0.7891        -0.2696
 20 -0.598         0.8293        -0.2243
 21 -0.498         0.8691        -0.1887
 22 -0.398         0.9082        -0.1563
 23 -0.298         0.9439        -0.1591
 24 -0.198         1.0175         0.2103
 25 -0.098         1.0709         0.1339
 26  0.002         1.1078         0.0193
 27  0.102         1.1421         0.0230
 28  0.202         1.1774         0.0698
 29  0.302         1.2789         0.5976
 30  0.402         1.3097         0.1459
 31  0.502         1.3380         0.1380
 32  0.602         1.3640         0.1273
 33  0.702         1.3904         0.1608
 34  0.802         1.4184         0.2145
 35  0.902         1.4470         0.2517
 36  1.002         1.4758         0.2829
 37  1.102         1.5052         0.3205
 38  1.202         1.5349         0.3562
 39  1.302         1.5647         0.3856
 40  1.402         1.5948         0.4204
 41  1.502         1.6252         0.4556
 42  1.602         1.6558         0.4886
 43  1.702         1.6868         0.5250
 44  1.802         1.7184         0.5636
 45  1.902         1.7507         0.6060
 46  2.002         1.7847         0.6615
 47  2.102         1.8199         0.7112
 48  2.202         1.8564         0.7630
 49  2.302         1.8950         0.8254
 50  2.402         1.9322         0.8461
 51  2.502         1.9679         0.8646
 52  2.602         2.0025         0.8868
 53  2.702         2.0378         0.9309
 54  2.802         2.1008         1.2310
 55  2.902         2.3236         1.9271
 56  3.002         2.3949         1.5752
 57  3.102         2.4608         1.6091
 58  3.202         2.5230         1.6481
 59  3.302         2.5822         1.6874
 60  3.402         2.6389         1.7269
 61  3.502         2.6932         1.7636
 62  3.602         2.7460         1.8044
 63  3.702         2.7977         1.8480
 64  3.802         2.8487         1.8930
 65  3.902         2.8971         1.9207
 66  4.002         2.9427         1.9409
 67  4.102         2.9857         1.9601
 68  4.202         3.0264         1.9775
 69  4.302         3.0652         1.9979
 70  4.402         3.1025         2.0173
 71  4.502         3.1384         2.0381
 72  4.602         3.1730         2.0568
 73  4.702         3.2065         2.0776
 74  4.802         3.2390         2.0970
 75  4.902         3.2705         2.1149
 76  5.002         3.3011         2.1340
 77  5.102         3.3310         2.1542
 78  5.202         3.3603         2.1755
 79  5.302         3.3884         2.1841
 80  5.402         3.4150         2.1898
 81  5.502         3.4408         2.2011
 82  5.602         3.4655         2.2085
 83  5.702         3.4894         2.2174
 84  5.802         3.5124         2.2263
 85  5.902         3.5347         2.2338
 86  6.002         3.5562         2.2399
 87  6.102         3.5769         2.2444
 88  6.202         3.5969         2.2508
 89  6.302         3.6163         2.2571
 90  6.402         3.6350         2.2599
 91  6.502         3.6532         2.2645
 92  6.602         3.6708         2.2695
 93  6.702         3.6879         2.2748
 94  6.802         3.7045         2.2787
 95  6.902         3.7205         2.2792
 96  7.002         3.7361         2.2849
 97  7.102         3.7515         2.2921
 98  7.202         3.7666         2.3007
 99  7.302         3.7816         2.3115
100  7.402         3.7964         2.3235
101  7.502         3.8115         2.3436
102  7.602         3.8267         2.3624
103  7.702         3.8419         2.3793
104  7.802         3.8570         2.3908
105  7.902         3.8720         2.4036
106  8.002         3.8873         2.4267
107  8.102         3.9031         2.4542
108  8.202         3.9191         2.4783
109  8.302         3.9353         2.4995
110  8.402         3.9517         2.5211
111  8.502         3.9684         2.5432
112  8.602         3.9853         2.5684
113  8.702         4.0027         2.5956
114  8.802         4.0204         2.6233
115  8.902         4.0385         2.6497
116  9.002         4.0571         2.6797
117  9.102         4.0766         2.7179
118  9.202         4.0968         2.7538
119  9.302         4.1175         2.7866
120  9.402         4.1390         2.8225
121  9.502         4.1615         2.8647
122  9.602         4.1854         2.9140
123  9.702         4.2109         2.9665
124  9.802         4.2385         3.0281
125  9.902         4.2662         3.0567
126 10.002         4.2921         3.0555
127 10.102         4.3182         3.0847
128 10.202         4.3448         3.1186
129 10.302         4.3718         3.1508
130 10.402         4.3987         3.1786
131 10.502         4.4252         3.1976
132 10.602         4.4512         3.2145
133 10.702         4.4765         3.2292
134 10.802         4.5013         3.2467
135 10.902         4.5258         3.2640
136 11.002         4.5499         3.2822
137 11.102         4.5736         3.2993
138 11.202         4.5970         3.3171
139 11.302         4.6203         3.3369
140 11.402         4.6434         3.3581
141 11.502         4.6663         3.3773
142 11.602         4.6891         3.3972
143 11.702         4.7117         3.4183
144 11.802         4.7344         3.4408
145 11.902         4.7571         3.4646
146 12.002         4.7800         3.4900
147 12.102         4.8029         3.5134
148 12.202         4.8257         3.5339
149 12.302         4.8482         3.5515
150 12.402         4.8704         3.5677
151 12.502         4.8923         3.5856
152 12.602         4.9141         3.6041
153 12.702         4.9358         3.6230
154 12.802         4.9573         3.6411
155 12.902         4.9787         3.6600
156 13.002         5.0000         3.6805


#AGE= 7.000 BINS=155 Power-law IMF: x=-2.350
# N  sdss_r       Log10(N)       Log10(dN)
  1 -2.506        -0.5282        -0.5282
  2 -2.406        -0.3180        -0.7341
  3 -2.306        -0.1800        -0.7450
  4 -2.206        -0.0730        -0.7336
  5 -2.106         0.0176        -0.7075
  6 -2.006         0.0972        -0.6792
  7 -1.906         0.1686        -0.6506
  8 -1.806         0.2337        -0.6230
  9 -1.706         0.2927        -0.6030
 10 -1.606         0.3495        -0.5624
 11 -1.506         0.4008        -0.5516
 12 -1.406         0.4512        -0.5094
 13 -1.306         0.4995        -0.4779
 14 -1.206         0.5461        -0.4463
 15 -1.106         0.5904        -0.4233
 16 -1.006         0.6339        -0.3867
 17 -0.906         0.6758        -0.3609
 18 -0.806         0.7164        -0.3333
 19 -0.706         0.7536        -0.3312
 20 -0.606         0.7924        -0.2767
 21 -0.506         0.8311        -0.2377
 22 -0.406         0.8694        -0.2045
 23 -0.306         0.9068        -0.1763
 24 -0.206         0.9440        -0.1418
 25 -0.106         1.0208         0.2304
 26 -0.006         1.0650         0.0512
 27  0.094         1.1010         0.0010
 28  0.194         1.1345         0.0053
 29  0.294         1.1705         0.0707
 30  0.394         1.2703         0.5828
 31  0.494         1.3011         0.1371
 32  0.594         1.3288         0.1189
 33  0.694         1.3545         0.1151
 34  0.794         1.3809         0.1502
 35  0.894         1.4086         0.2003
 36  0.994         1.4368         0.2349
 37  1.094         1.4658         0.2756
 38  1.194         1.4948         0.3051
 39  1.294         1.5241         0.3386
 40  1.394         1.5537         0.3729
 41  1.494         1.5837         0.4086
 42  1.594         1.6140         0.4418
 43  1.694         1.6445         0.4757
 44  1.794         1.6753         0.5105
 45  1.894         1.7065         0.5486
 46  1.994         1.7390         0.5967
 47  2.094         1.7731         0.6502
 48  2.194         1.8086         0.7044
 49  2.294         1.8460         0.7618
 50  2.394         1.8840         0.8076
 51  2.494         1.9203         0.8244
 52  2.594         1.9549         0.8394
 53  2.694         1.9882         0.8558
 54  2.794         2.0211         0.8847
 55  2.894         2.0586         0.9760
 56  2.994         2.2576         1.8231
 57  3.094         2.3441         1.6007
 58  3.194         2.4171         1.6068
 59  3.294         2.4857         1.6501
 60  3.394         2.5513         1.6979
 61  3.494         2.6139         1.7423
 62  3.594         2.6737         1.7829
 63  3.694         2.7307         1.8207
 64  3.794         2.7858         1.8613
 65  3.894         2.8397         1.9072
 66  3.994         2.8909         1.9370
 67  4.094         2.9384         1.9539
 68  4.194         2.9835         1.9770
 69  4.294         3.0261         1.9967
 70  4.394         3.0668         2.0185
 71  4.494         3.1058         2.0394
 72  4.594         3.1432         2.0607
 73  4.694         3.1797         2.0854
 74  4.794         3.2149         2.1062
 75  4.894         3.2490         2.1274
 76  4.994         3.2819         2.1454
 77  5.094         3.3140         2.1664
 78  5.194         3.3452         2.1856
 79  5.294         3.3747         2.1929
 80  5.394         3.4030         2.2022
 81  5.494         3.4302         2.2134
 82  5.594         3.4563         2.2228
 83  5.694         3.4815         2.2324
 84  5.794         3.5058         2.2420
 85  5.894         3.5293         2.2497
 86  5.994         3.5518         2.2559
 87  6.094         3.5735         2.2614
 88  6.194         3.5945         2.2678
 89  6.294         3.6149         2.2759
 90  6.394         3.6344         2.2790
 91  6.494         3.6534         2.2834
 92  6.594         3.6717         2.2886
 93  6.694         3.6897         2.2961
 94  6.794         3.7069         2.2972
 95  6.894         3.7236         2.2991
 96  6.994         3.7398         2.3054
 97  7.094         3.7558         2.3136
 98  7.194         3.7715         2.3225
 99  7.294         3.7870         2.3306
100  7.394         3.8024         2.3455
101  7.494         3.8179         2.3624
102  7.594         3.8336         2.3825
103  7.694         3.8492         2.3985
104  7.794         3.8648         2.4114
105  7.894         3.8803         2.4259
106  7.994         3.8961         2.4491
107  8.094         3.9124         2.4778
108  8.194         3.9289         2.5006
109  8.294         3.9456         2.5220
110  8.394         3.9624         2.5430
111  8.494         3.9795         2.5658
112  8.594         3.9969         2.5914
113  8.694         4.0147         2.6181
114  8.794         4.0329         2.6454
115  8.894         4.0515         2.6731
116  8.994         4.0702         2.6952
117  9.094         4.0900         2.7400
118  9.194         4.1113         2.7902
119  9.294         4.1333         2.8279
120  9.394         4.1554         2.8518
121  9.494         4.1777         2.8753
122  9.594         4.2009         2.9171
123  9.694         4.2263         2.9812
124  9.794         4.2545         3.0538
125  9.894         4.2828         3.0828
126  9.994         4.3098         3.0891
127 10.094         4.3367         3.1150
128 10.194         4.3639         3.1468
129 10.294         4.3912         3.1769
130 10.394         4.4185         3.2024
131 10.494         4.4452         3.2219
132 10.594         4.4714         3.2388
133 10.694         4.4968         3.2510
134 10.794         4.5217         3.2678
135 10.894         4.5462         3.2853
136 10.994         4.5704         3.3032
137 11.094         4.5941         3.3208
138 11.194         4.6176         3.3391
139 11.294         4.6409         3.3583
140 11.394         4.6638         3.3752
141 11.494         4.6865         3.3937
142 11.594         4.7092         3.4150
143 11.694         4.7319         3.4392
144 11.794         4.7548         3.4658
145 11.894         4.7779         3.4913
146 11.994         4.8009         3.5144
147 12.094         4.8238         3.5348
148 12.194         4.8465         3.5526
149 12.294         4.8689         3.5712
150 12.394         4.8912         3.5907
151 12.494         4.9134         3.6094
152 12.594         4.9353         3.6274
153 12.694         4.9570         3.6445
154 12.794         4.9785         3.6632
155 12.894         5.0000         3.6838


#AGE= 8.000 BINS=153 Power-law IMF: x=-2.350
# N  sdss_r       Log10(N)       Log10(dN)
  1 -2.447        -0.5427        -0.5427
  2 -2.347        -0.3251        -0.7294
  3 -2.247        -0.1826        -0.7360
  4 -2.147        -0.0740        -0.7289
  5 -2.047         0.0209        -0.6866
  6 -1.947         0.1004        -0.6757
  7 -1.847         0.1736        -0.6361
  8 -1.747         0.2397        -0.6101
  9 -1.647         0.2994        -0.5922
 10 -1.547         0.3556        -0.5602
 11 -1.447         0.4090        -0.5277
 12 -1.347         0.4599        -0.4964
 13 -1.247         0.5083        -0.4686
 14 -1.147         0.5555        -0.4319
 15 -1.047         0.6011        -0.4007
 16 -0.947         0.6444        -0.3783
 17 -0.847         0.6867        -0.3458
 18 -0.747         0.7278        -0.3160
 19 -0.647         0.7664        -0.3044
 20 -0.547         0.8048        -0.2675
 21 -0.447         0.8439        -0.2216
 22 -0.347         0.8824        -0.1880
 23 -0.247         0.9207        -0.1532
 24 -0.147         0.9557        -0.1554
 25 -0.047         1.0282         0.2152
 26  0.053         1.0780         0.1122
 27  0.153         1.1145         0.0207
 28  0.253         1.1487         0.0284
 29  0.353         1.1831         0.0646
 30  0.453         1.2833         0.5975
 31  0.553         1.3149         0.1601
 32  0.653         1.3433         0.1459
 33  0.753         1.3699         0.1432
 34  0.853         1.3963         0.1665
 35  0.953         1.4245         0.2228
 36  1.053         1.4532         0.2587
 37  1.153         1.4823         0.2950
 38  1.253         1.5118         0.3281
 39  1.353         1.5415         0.3619
 40  1.453         1.5716         0.3973
 41  1.553         1.6020         0.4321
 42  1.653         1.6327         0.4674
 43  1.753         1.6637         0.5023
 44  1.853         1.6950         0.5366
 45  1.953         1.7268         0.5755
 46  2.053         1.7596         0.6216
 47  2.153         1.7939         0.6738
 48  2.253         1.8301         0.7338
 49  2.353         1.8680         0.7899
 50  2.453         1.9070         0.8412
 51  2.553         1.9443         0.8598
 52  2.653         1.9800         0.8771
 53  2.753         2.0144         0.8955
 54  2.853         2.0482         0.9233
 55  2.953         2.0834         0.9738
 56  3.053         2.1289         1.1265
 57  3.153         2.3242         1.8832
 58  3.253         2.4076         1.6500
 59  3.353         2.4798         1.6650
 60  3.453         2.5478         1.7086
 61  3.553         2.6122         1.7516
 62  3.653         2.6733         1.7918
 63  3.753         2.7312         1.8270
 64  3.853         2.7865         1.8641
 65  3.953         2.8405         1.9088
 66  4.053         2.8930         1.9495
 67  4.153         2.9423         1.9728
 68  4.253         2.9887         1.9947
 69  4.353         3.0330         2.0190
 70  4.453         3.0752         2.0418
 71  4.553         3.1157         2.0651
 72  4.653         3.1550         2.0922
 73  4.753         3.1930         2.1167
 74  4.853         3.2298         2.1389
 75  4.953         3.2649         2.1560
 76  5.053         3.2990         2.1769
 77  5.153         3.3321         2.1970
 78  5.253         3.3634         2.2066
 79  5.353         3.3933         2.2160
 80  5.453         3.4222         2.2298
 81  5.553         3.4499         2.2411
 82  5.653         3.4765         2.2510
 83  5.753         3.5022         2.2615
 84  5.853         3.5269         2.2700
 85  5.953         3.5507         2.2776
 86  6.053         3.5736         2.2838
 87  6.153         3.5957         2.2904
 88  6.253         3.6170         2.2980
 89  6.353         3.6376         2.3033
 90  6.453         3.6574         2.3070
 91  6.553         3.6766         2.3118
 92  6.653         3.6954         2.3222
 93  6.753         3.7134         2.3224
 94  6.853         3.7308         2.3253
 95  6.953         3.7478         2.3305
 96  7.053         3.7644         2.3391
 97  7.153         3.7807         2.3467
 98  7.253         3.7967         2.3554
 99  7.353         3.8126         2.3677
100  7.453         3.8284         2.3834
101  7.553         3.8444         2.4007
102  7.653         3.8604         2.4202
103  7.753         3.8765         2.4359
104  7.853         3.8924         2.4488
105  7.953         3.9086         2.4720
106  8.053         3.9251         2.4970
107  8.153         3.9419         2.5220
108  8.253         3.9590         2.5448
109  8.353         3.9762         2.5661
110  8.453         3.9936         2.5873
111  8.553         4.0113         2.6117
112  8.653         4.0293         2.6384
113  8.753         4.0477         2.6659
114  8.853         4.0665         2.6941
115  8.953         4.0857         2.7212
116  9.053         4.1052         2.7468
117  9.153         4.1261         2.7997
118  9.253         4.1486         2.8511
119  9.353         4.1718         2.8873
120  9.453         4.1947         2.9063
121  9.553         4.2175         2.9248
122  9.653         4.2415         2.9738
123  9.753         4.2690         3.0563
124  9.853         4.2979         3.1062
125  9.953         4.3259         3.1222
126 10.053         4.3537         3.1452
127 10.153         4.3813         3.1715
128 10.253         4.4091         3.2012
129 10.353         4.4367         3.2262
130 10.453         4.4639         3.2473
131 10.553         4.4906         3.2654
132 10.653         4.5164         3.2773
133 10.753         4.5415         3.2918
134 10.853         4.5662         3.3087
135 10.953         4.5905         3.3263
136 11.053         4.6145         3.3440
137 11.153         4.6381         3.3619
138 11.253         4.6613         3.3786
139 11.353         4.6843         3.3952
140 11.453         4.7070         3.4155
141 11.553         4.7299         3.4397
142 11.653         4.7528         3.4640
143 11.753         4.7758         3.4870
144 11.853         4.7987         3.5093
145 11.953         4.8215         3.5308
146 12.053         4.8442         3.5524
147 12.153         4.8670         3.5755
148 12.253         4.8897         3.5967
149 12.353         4.9122         3.6156
150 12.453         4.9345         3.6323
151 12.553         4.9564         3.6494
152 12.653         4.9782         3.6683
153 12.753         5.0000         3.6892


#AGE= 9.000 BINS=154 Power-law IMF: x=-2.350
# N  sdss_r       Log10(N)       Log10(dN)
  1 -2.372        -0.6736        -0.6736
  2 -2.272        -0.4257        -0.7874
  3 -2.172        -0.2655        -0.7761
  4 -2.072        -0.1469        -0.7684
  5 -1.972        -0.0415        -0.7081
  6 -1.872         0.0442        -0.7028
  7 -1.772         0.1187        -0.6839
  8 -1.672         0.1870        -0.6502
  9 -1.572         0.2495        -0.6229
 10 -1.472         0.3091        -0.5829
 11 -1.372         0.3635        -0.5659
 12 -1.272         0.4152        -0.5349
 13 -1.172         0.4651        -0.4994
 14 -1.072         0.5138        -0.4605
 15 -0.972         0.5588        -0.4476
 16 -0.872         0.6043        -0.3985
 17 -0.772         0.6470        -0.3812
 18 -0.672         0.6889        -0.3475
 19 -0.572         0.7278        -0.3395
 20 -0.472         0.7668        -0.2987
 21 -0.372         0.8061        -0.2571
 22 -0.272         0.8457        -0.2142
 23 -0.172         0.8838        -0.1919
 24 -0.072         0.9213        -0.1613
 25  0.028         0.9975         0.2039
 26  0.128         1.0419         0.0303
 27  0.228         1.0782        -0.0179
 28  0.328         1.1122        -0.0107
 29  0.428         1.1468         0.0304
 30  0.528         1.2455         0.5538
 31  0.628         1.2779         0.1341
 32  0.728         1.3071         0.1200
 33  0.828         1.3331         0.0977
 34  0.928         1.3606         0.1475
 35  1.028         1.3889         0.1892
 36  1.128         1.4180         0.2295
 37  1.228         1.4473         0.2624
 38  1.328         1.4770         0.2978
 39  1.428         1.5071         0.3317
 40  1.528         1.5372         0.3629
 41  1.628         1.5677         0.3992
 42  1.728         1.5986         0.4353
 43  1.828         1.6296         0.4682
 44  1.928         1.6610         0.5046
 45  2.028         1.6929         0.5434
 46  2.128         1.7257         0.5873
 47  2.228         1.7600         0.6409
 48  2.328         1.7965         0.7020
 49  2.428         1.8349         0.7630
 50  2.528         1.8737         0.8049
 51  2.628         1.9107         0.8234
 52  2.728         1.9462         0.8404
 53  2.828         1.9803         0.8585
 54  2.928         2.0140         0.8872
 55  3.028         2.0485         0.9319
 56  3.128         2.0888         1.0358
 57  3.228         2.2271         1.6627
 58  3.328         2.3369         1.6859
 59  3.428         2.4130         1.6195
 60  3.528         2.4821         1.6493
 61  3.628         2.5476         1.6938
 62  3.728         2.6101         1.7372
 63  3.828         2.6695         1.7766
 64  3.928         2.7261         1.8127
 65  4.028         2.7811         1.8568
 66  4.128         2.8350         1.9020
 67  4.228         2.8858         1.9292
 68  4.328         2.9338         1.9535
 69  4.428         2.9796         1.9801
 70  4.528         3.0236         2.0071
 71  4.628         3.0661         2.0353
 72  4.728         3.1071         2.0614
 73  4.828         3.1464         2.0836
 74  4.928         3.1838         2.1012
 75  5.028         3.2198         2.1202
 76  5.128         3.2546         2.1410
 77  5.228         3.2878         2.1540
 78  5.328         3.3192         2.1630
 79  5.428         3.3496         2.1791
 80  5.528         3.3788         2.1923
 81  5.628         3.4068         2.2030
 82  5.728         3.4338         2.2142
 83  5.828         3.4598         2.2236
 84  5.928         3.4848         2.2320
 85  6.028         3.5087         2.2383
 86  6.128         3.5318         2.2462
 87  6.228         3.5541         2.2529
 88  6.328         3.5756         2.2606
 89  6.428         3.5963         2.2633
 90  6.528         3.6163         2.2688
 91  6.628         3.6358         2.2782
 92  6.728         3.6545         2.2810
 93  6.828         3.6726         2.2828
 94  6.928         3.6902         2.2890
 95  7.028         3.7074         2.2976
 96  7.128         3.7243         2.3055
 97  7.228         3.7409         2.3134
 98  7.328         3.7572         2.3244
 99  7.428         3.7735         2.3394
100  7.528         3.7898         2.3568
101  7.628         3.8062         2.3743
102  7.728         3.8226         2.3918
103  7.828         3.8390         2.4085
104  7.928         3.8556         2.4288
105  8.028         3.8725         2.4557
106  8.128         3.8897         2.4790
107  8.228         3.9072         2.5015
108  8.328         3.9247         2.5234
109  8.428         3.9425         2.5455
110  8.528         3.9605         2.5684
111  8.628         3.9788         2.5944
112  8.728         3.9975         2.6219
113  8.828         4.0166         2.6502
114  8.928         4.0360         2.6774
115  9.028         4.0561         2.7108
116  9.128         4.0769         2.7478
117  9.228         4.0989         2.7926
118  9.328         4.1219         2.8346
119  9.428         4.1456         2.8704
120  9.528         4.1695         2.8976
121  9.628         4.1935         2.9252
122  9.728         4.2201         2.9933
123  9.828         4.2493         3.0625
124  9.928         4.2779         3.0818
125 10.028         4.3065         3.1111
126 10.128         4.3347         3.1333
127 10.228         4.3629         3.1619
128 10.328         4.3910         3.1867
129 10.428         4.4185         3.2077
130 10.528         4.4455         3.2256
131 10.628         4.4717         3.2384
132 10.728         4.4971         3.2524
133 10.828         4.5220         3.2675
134 10.928         4.5465         3.2847
135 11.028         4.5705         3.3021
136 11.128         4.5942         3.3194
137 11.228         4.6175         3.3358
138 11.328         4.6406         3.3545
139 11.428         4.6636         3.3753
140 11.528         4.6863         3.3942
141 11.628         4.7090         3.4149
142 11.728         4.7316         3.4381
143 11.828         4.7545         3.4640
144 11.928         4.7775         3.4906
145 12.028         4.8006         3.5145
146 12.128         4.8235         3.5352
147 12.228         4.8462         3.5528
148 12.328         4.8687         3.5712
149 12.428         4.8910         3.5905
150 12.528         4.9131         3.6095
151 12.628         4.9351         3.6278
152 12.728         4.9568         3.6456
153 12.828         4.9784         3.6646
154 12.928         5.0000         3.6852


#AGE=10.000 BINS=152 Power-law IMF: x=-2.350
# N  sdss_r       Log10(N)       Log10(dN)
  1 -2.358        -0.1072        -0.1072
  2 -2.258        -0.0205        -0.7629
  3 -2.158         0.0525        -0.7580
  4 -2.058         0.1162        -0.7490
  5 -1.958         0.1749        -0.7231
  6 -1.858         0.2302        -0.6921
  7 -1.758         0.2810        -0.6766
  8 -1.658         0.3316        -0.6270
  9 -1.558         0.3780        -0.6162
 10 -1.458         0.4240        -0.5732
 11 -1.358         0.4669        -0.5596
 12 -1.258         0.5096        -0.5189
 13 -1.158         0.5510        -0.4907
 14 -1.058         0.5915        -0.4592
 15 -0.958         0.6314        -0.4252
 16 -0.858         0.6704        -0.3959
 17 -0.758         0.7084        -0.3683
 18 -0.658         0.7459        -0.3358
 19 -0.558         0.7820        -0.3165
 20 -0.458         0.8167        -0.2983
 21 -0.358         0.8528        -0.2452
 22 -0.258         0.8890        -0.2083
 23 -0.158         0.9253        -0.1703
 24 -0.058         0.9581        -0.1804
 25  0.042         1.0147         0.1016
 26  0.142         1.0722         0.1655
 27  0.242         1.1085         0.0132
 28  0.342         1.1416         0.0072
 29  0.442         1.1747         0.0406
 30  0.542         1.2656         0.5416
 31  0.642         1.3026         0.2140
 32  0.742         1.3321         0.1505
 33  0.842         1.3586         0.1312
 34  0.942         1.3855         0.1627
 35  1.042         1.4123         0.1896
 36  1.142         1.4409         0.2454
 37  1.242         1.4698         0.2794
 38  1.342         1.4992         0.3142
 39  1.442         1.5287         0.3468
 40  1.542         1.5586         0.3814
 41  1.642         1.5888         0.4157
 42  1.742         1.6193         0.4515
 43  1.842         1.6502         0.4857
 44  1.942         1.6813         0.5212
 45  2.042         1.7130         0.5609
 46  2.142         1.7452         0.5989
 47  2.242         1.7787         0.6501
 48  2.342         1.8140         0.7066
 49  2.442         1.8517         0.7708
 50  2.542         1.8908         0.8256
 51  2.642         1.9287         0.8507
 52  2.742         1.9648         0.8665
 53  2.842         1.9993         0.8830
 54  2.942         2.0326         0.9009
 55  3.042         2.0655         0.9288
 56  3.142         2.1004         0.9879
 57  3.242         2.1439         1.1232
 58  3.342         2.2760         1.6947
 59  3.442         2.3792         1.7045
 60  3.542         2.4562         1.6672
 61  3.642         2.5265         1.7007
 62  3.742         2.5926         1.7427
 63  3.842         2.6556         1.7855
 64  3.942         2.7153         1.8240
 65  4.042         2.7721         1.8605
 66  4.142         2.8277         1.9075
 67  4.242         2.8818         1.9507
 68  4.342         2.9331         1.9798
 69  4.442         2.9820         2.0093
 70  4.542         3.0289         2.0395
 71  4.642         3.0739         2.0668
 72  4.742         3.1168         2.0906
 73  4.842         3.1576         2.1103
 74  4.942         3.1964         2.1280
 75  5.042         3.2337         2.1492
 76  5.142         3.2696         2.1691
 77  5.242         3.3037         2.1816
 78  5.342         3.3364         2.1965
 79  5.442         3.3679         2.2124
 80  5.542         3.3980         2.2248
 81  5.642         3.4270         2.2363
 82  5.742         3.4548         2.2478
 83  5.842         3.4816         2.2582
 84  5.942         3.5073         2.2670
 85  6.042         3.5320         2.2743
 86  6.142         3.5557         2.2819
 87  6.242         3.5787         2.2898
 88  6.342         3.6008         2.2967
 89  6.442         3.6219         2.2991
 90  6.542         3.6424         2.3065
 91  6.642         3.6624         2.3156
 92  6.742         3.6816         2.3167
 93  6.842         3.7001         2.3208
 94  6.942         3.7182         2.3283
 95  7.042         3.7359         2.3372
 96  7.142         3.7532         2.3439
 97  7.242         3.7701         2.3527
 98  7.342         3.7868         2.3642
 99  7.442         3.8034         2.3782
100  7.542         3.8201         2.3955
101  7.642         3.8369         2.4158
102  7.742         3.8537         2.4327
103  7.842         3.8706         2.4521
104  7.942         3.8877         2.4741
105  8.042         3.9051         2.5006
106  8.142         3.9228         2.5227
107  8.242         3.9406         2.5456
108  8.342         3.9586         2.5672
109  8.442         3.9768         2.5889
110  8.542         3.9952         2.6134
111  8.642         4.0139         2.6396
112  8.742         4.0330         2.6667
113  8.842         4.0525         2.6946
114  8.942         4.0723         2.7218
115  9.042         4.0930         2.7609
116  9.142         4.1146         2.7995
117  9.242         4.1368         2.8355
118  9.342         4.1599         2.8737
119  9.442         4.1837         2.9113
120  9.542         4.2083         2.9482
121  9.642         4.2333         2.9810
122  9.742         4.2607         3.0466
123  9.842         4.2899         3.1030
124  9.942         4.3189         3.1297
125 10.042         4.3482         3.1628
126 10.142         4.3769         3.1832
127 10.242         4.4055         3.2094
128 10.342         4.4339         3.2350
129 10.442         4.4616         3.2534
130 10.542         4.4887         3.2693
131 10.642         4.5149         3.2824
132 10.742         4.5404         3.2967
133 10.842         4.5653         3.3119
134 10.942         4.5898         3.3280
135 11.042         4.6138         3.3450
136 11.142         4.6375         3.3620
137 11.242         4.6608         3.3798
138 11.342         4.6838         3.3965
139 11.442         4.7066         3.4139
140 11.542         4.7292         3.4360
141 11.642         4.7521         3.4617
142 11.742         4.7750         3.4859
143 11.842         4.7979         3.5090
144 11.942         4.8208         3.5310
145 12.042         4.8436         3.5527
146 12.142         4.8665         3.5762
147 12.242         4.8893         3.5977
148 12.342         4.9119         3.6167
149 12.442         4.9342         3.6336
150 12.542         4.9562         3.6511
151 12.642         4.9781         3.6703
152 12.742         5.0000         3.6911


#AGE=11.000 BINS=153 Power-law IMF: x=-2.350
# N  sdss_r       Log10(N)       Log10(dN)
  1 -2.313        -0.5429        -0.5429
  2 -2.213        -0.3553        -0.8103
  3 -2.113        -0.2266        -0.8175
  4 -2.013        -0.1211        -0.7873
  5 -1.913        -0.0331        -0.7699
  6 -1.813         0.0464        -0.7301
  7 -1.713         0.1156        -0.7163
  8 -1.613         0.1801        -0.6796
  9 -1.513         0.2395        -0.6540
 10 -1.413         0.2931        -0.6417
 11 -1.313         0.3470        -0.5865
 12 -1.213         0.3979        -0.5580
 13 -1.113         0.4449        -0.5440
 14 -1.013         0.4921        -0.4948
 15 -0.913         0.5366        -0.4748
 16 -0.813         0.5804        -0.4385
 17 -0.713         0.6226        -0.4105
 18 -0.613         0.6644        -0.3731
 19 -0.513         0.7034        -0.3629
 20 -0.413         0.7415        -0.3337
 21 -0.313         0.7803        -0.2886
 22 -0.213         0.8189        -0.2515
 23 -0.113         0.8569        -0.2192
 24 -0.013         0.8943        -0.1896
 25  0.087         0.9431        -0.0305
 26  0.187         1.0097         0.1627
 27  0.287         1.0478        -0.0276
 28  0.387         1.0827        -0.0295
 29  0.487         1.1177         0.0062
 30  0.587         1.2085         0.4843
 31  0.687         1.2478         0.1842
 32  0.787         1.2785         0.1126
 33  0.887         1.3068         0.1077
 34  0.987         1.3336         0.1100
 35  1.087         1.3610         0.1468
 36  1.187         1.3905         0.2088
 37  1.287         1.4203         0.2412
 38  1.387         1.4502         0.2736
 39  1.487         1.4804         0.3078
 40  1.587         1.5110         0.3440
 41  1.687         1.5417         0.3759
 42  1.787         1.5728         0.4124
 43  1.887         1.6043         0.4480
 44  1.987         1.6359         0.4830
 45  2.087         1.6681         0.5223
 46  2.187         1.7008         0.5616
 47  2.287         1.7345         0.6075
 48  2.387         1.7701         0.6655
 49  2.487         1.8079         0.7291
 50  2.587         1.8477         0.7898
 51  2.687         1.8861         0.8140
 52  2.787         1.9226         0.8289
 53  2.887         1.9576         0.8469
 54  2.987         1.9914         0.8650
 55  3.087         2.0245         0.8903
 56  3.187         2.0587         0.9375
 57  3.287         2.0978         1.0334
 58  3.387         2.1655         1.3245
 59  3.487         2.3013         1.7304
 60  3.587         2.3865         1.6371
 61  3.687         2.4605         1.6559
 62  3.787         2.5293         1.6952
 63  3.887         2.5944         1.7375
 64  3.987         2.6561         1.7785
 65  4.087         2.7148         1.8161
 66  4.187         2.7717         1.8609
 67  4.287         2.8277         1.9106
 68  4.387         2.8817         1.9496
 69  4.487         2.9328         1.9786
 70  4.587         2.9812         2.0042
 71  4.687         3.0273         2.0301
 72  4.787         3.0709         2.0506
 73  4.887         3.1120         2.0680
 74  4.987         3.1514         2.0899
 75  5.087         3.1895         2.1140
 76  5.187         3.2259         2.1309
 77  5.287         3.2606         2.1459
 78  5.387         3.2941         2.1641
 79  5.487         3.3261         2.1785
 80  5.587         3.3568         2.1899
 81  5.687         3.3862         2.2025
 82  5.787         3.4145         2.2138
 83  5.887         3.4416         2.2247
 84  5.987         3.4677         2.2325
 85  6.087         3.4927         2.2409
 86  6.187         3.5168         2.2490
 87  6.287         3.5400         2.2568
 88  6.387         3.5624         2.2623
 89  6.487         3.5838         2.2663
 90  6.587         3.6046         2.2754
 91  6.687         3.6248         2.2814
 92  6.787         3.6442         2.2837
 93  6.887         3.6629         2.2891
 94  6.987         3.6813         2.2993
 95  7.087         3.6993         2.3067
 96  7.187         3.7168         2.3140
 97  7.287         3.7340         2.3232
 98  7.387         3.7510         2.3350
 99  7.487         3.7680         2.3512
100  7.587         3.7850         2.3700
101  7.687         3.8022         2.3912
102  7.787         3.8194         2.4092
103  7.887         3.8368         2.4317
104  7.987         3.8545         2.4560
105  8.087         3.8725         2.4793
106  8.187         3.8906         2.5026
107  8.287         3.9089         2.5242
108  8.387         3.9274         2.5464
109  8.487         3.9460         2.5694
110  8.587         3.9649         2.5936
111  8.687         3.9841         2.6210
112  8.787         4.0038         2.6492
113  8.887         4.0237         2.6761
114  8.987         4.0441         2.7061
115  9.087         4.0656         2.7498
116  9.187         4.0879         2.7868
117  9.287         4.1109         2.8222
118  9.387         4.1345         2.8595
119  9.487         4.1590         2.8969
120  9.587         4.1840         2.9322
121  9.687         4.2101         2.9757
122  9.787         4.2389         3.0462
123  9.887         4.2680         3.0798
124  9.987         4.2981         3.1237
125 10.087         4.3276         3.1450
126 10.187         4.3567         3.1687
127 10.287         4.3856         3.1941
128 10.387         4.4139         3.2142
129 10.487         4.4416         3.2320
130 10.587         4.4685         3.2471
131 10.687         4.4945         3.2594
132 10.787         4.5199         3.2730
133 10.887         4.5447         3.2897
134 10.987         4.5690         3.3057
135 11.087         4.5929         3.3213
136 11.187         4.6164         3.3384
137 11.287         4.6396         3.3549
138 11.387         4.6625         3.3741
139 11.487         4.6854         3.3945
140 11.587         4.7080         3.4139
141 11.687         4.7306         3.4363
142 11.787         4.7534         3.4620
143 11.887         4.7764         3.4891
144 11.987         4.7995         3.5135
145 12.087         4.8225         3.5348
146 12.187         4.8452         3.5530
147 12.287         4.8678         3.5728
148 12.387         4.8903         3.5928
149 12.487         4.9126         3.6119
150 12.587         4.9347         3.6300
151 12.687         4.9566         3.6479
152 12.787         4.9783         3.6671
153 12.887         5.0000         3.6878


#AGE=12.000 BINS=154 Power-law IMF: x=-2.350
# N  sdss_r       Log10(N)       Log10(dN)
  1 -2.278        -0.5824        -0.5824
  2 -2.178        -0.3933        -0.8456
  3 -2.078        -0.2641        -0.8536
  4 -1.978        -0.1606        -0.8343
  5 -1.878        -0.0699        -0.7943
  6 -1.778         0.0083        -0.7748
  7 -1.678         0.0759        -0.7652
  8 -1.578         0.1401        -0.7223
  9 -1.478         0.1987        -0.7003
 10 -1.378         0.2548        -0.6615
 11 -1.278         0.3068        -0.6408
 12 -1.178         0.3569        -0.6062
 13 -1.078         0.4044        -0.5800
 14 -0.978         0.4512        -0.5394
 15 -0.878         0.4957        -0.5158
 16 -0.778         0.5393        -0.4810
 17 -0.678         0.5826        -0.4394
 18 -0.578         0.6236        -0.4220
 19 -0.478         0.6631        -0.3977
 20 -0.378         0.7013        -0.3738
 21 -0.278         0.7397        -0.3322
 22 -0.178         0.7785        -0.2906
 23 -0.078         0.8170        -0.2544
 24  0.022         0.8544        -0.2285
 25  0.122         0.9050        -0.0542
 26  0.222         0.9681         0.0992
 27  0.322         1.0069        -0.0614
 28  0.422         1.0422        -0.0642
 29  0.522         1.0728        -0.0952
 30  0.622         1.1643         0.4432
 31  0.722         1.2067         0.1754
 32  0.822         1.2383         0.0843
 33  0.922         1.2675         0.0798
 34  1.022         1.2942         0.0695
 35  1.122         1.3212         0.1026
 36  1.222         1.3511         0.1739
 37  1.322         1.3811         0.2051
 38  1.422         1.4112         0.2376
 39  1.522         1.4417         0.2727
 40  1.622         1.4725         0.3072
 41  1.722         1.5034         0.3406
 42  1.822         1.5348         0.3781
 43  1.922         1.5663         0.4117
 44  2.022         1.5982         0.4475
 45  2.122         1.6305         0.4858
 46  2.222         1.6632         0.5247
 47  2.322         1.6968         0.5684
 48  2.422         1.7322         0.6255
 49  2.522         1.7698         0.6888
 50  2.622         1.8099         0.7553
 51  2.722         1.8487         0.7805
 52  2.822         1.8856         0.7961
 53  2.922         1.9208         0.8125
 54  3.022         1.9545         0.8283
 55  3.122         1.9874         0.8502
 56  3.222         2.0208         0.8893
 57  3.322         2.0570         0.9600
 58  3.422         2.1047         1.1219
 59  3.522         2.2162         1.5713
 60  3.622         2.3160         1.6284
 61  3.722         2.3944         1.6122
 62  3.822         2.4662         1.6494
 63  3.922         2.5340         1.6939
 64  4.022         2.5985         1.7380
 65  4.122         2.6599         1.7804
 66  4.222         2.7187         1.8210
 67  4.322         2.7765         1.8722
 68  4.422         2.8323         1.9137
 69  4.522         2.8847         1.9401
 70  4.622         2.9340         1.9649
 71  4.722         2.9805         1.9866
 72  4.822         3.0244         2.0081
 73  4.922         3.0663         2.0300
 74  5.022         3.1068         2.0565
 75  5.122         3.1456         2.0772
 76  5.222         3.1826         2.0949
 77  5.322         3.2182         2.1143
 78  5.422         3.2524         2.1313
 79  5.522         3.2851         2.1448
 80  5.622         3.3163         2.1576
 81  5.722         3.3462         2.1686
 82  5.822         3.3749         2.1813
 83  5.922         3.4026         2.1929
 84  6.022         3.4290         2.2005
 85  6.122         3.4544         2.2085
 86  6.222         3.4788         2.2171
 87  6.322         3.5024         2.2251
 88  6.422         3.5250         2.2295
 89  6.522         3.5467         2.2362
 90  6.622         3.5679         2.2454
 91  6.722         3.5883         2.2486
 92  6.822         3.6079         2.2529
 93  6.922         3.6270         2.2617
 94  7.022         3.6457         2.2709
 95  7.122         3.6639         2.2768
 96  7.222         3.6817         2.2852
 97  7.322         3.6992         2.2946
 98  7.422         3.7164         2.3074
 99  7.522         3.7338         2.3261
100  7.622         3.7512         2.3461
101  7.722         3.7688         2.3673
102  7.822         3.7865         2.3880
103  7.922         3.8044         2.4116
104  8.022         3.8226         2.4352
105  8.122         3.8410         2.4582
106  8.222         3.8596         2.4819
107  8.322         3.8783         2.5030
108  8.422         3.8971         2.5258
109  8.522         3.9162         2.5493
110  8.622         3.9356         2.5747
111  8.722         3.9553         2.6026
112  8.822         3.9754         2.6306
113  8.922         3.9958         2.6571
114  9.022         4.0169         2.6932
115  9.122         4.0391         2.7365
116  9.222         4.0619         2.7711
117  9.322         4.0854         2.8064
118  9.422         4.1096         2.8437
119  9.522         4.1346         2.8827
120  9.622         4.1604         2.9217
121  9.722         4.1875         2.9693
122  9.822         4.2165         3.0271
123  9.922         4.2462         3.0652
124 10.022         4.2769         3.1111
125 10.122         4.3066         3.1280
126 10.222         4.3361         3.1532
127 10.322         4.3651         3.1748
128 10.422         4.3935         3.1944
129 10.522         4.4212         3.2124
130 10.622         4.4479         3.2239
131 10.722         4.4738         3.2357
132 10.822         4.4991         3.2517
133 10.922         4.5238         3.2674
134 11.022         4.5481         3.2832
135 11.122         4.5719         3.2993
136 11.222         4.5953         3.3155
137 11.322         4.6184         3.3331
138 11.422         4.6412         3.3494
139 11.522         4.6639         3.3703
140 11.622         4.6867         3.3952
141 11.722         4.7095         3.4187
142 11.822         4.7323         3.4417
143 11.922         4.7551         3.4645
144 12.022         4.7781         3.4890
145 12.122         4.8010         3.5127
146 12.222         4.8239         3.5335
147 12.322         4.8465         3.5514
148 12.422         4.8688         3.5696
149 12.522         4.8910         3.5887
150 12.622         4.9131         3.6080
151 12.722         4.9350         3.6271
152 12.822         4.9568         3.6457
153 12.922         4.9784         3.6652
154 13.022         5.0000         3.6857


#AGE=13.000 BINS=151 Power-law IMF: x=-2.350
# N  sdss_r       Log10(N)       Log10(dN)
  1 -2.208        -0.6878        -0.6878
  2 -2.108        -0.4379        -0.7970
  3 -2.008        -0.2868        -0.8185
  4 -1.908        -0.1649        -0.7763
  5 -1.808        -0.0669        -0.7614
  6 -1.708         0.0209        -0.7168
  7 -1.608         0.0989        -0.6853
  8 -1.508         0.1643        -0.6897
  9 -1.408         0.2276        -0.6406
 10 -1.308         0.2867        -0.6087
 11 -1.208         0.3415        -0.5847
 12 -1.108         0.3934        -0.5548
 13 -1.008         0.4430        -0.5237
 14 -0.908         0.4899        -0.4996
 15 -0.808         0.5367        -0.4542
 16 -0.708         0.5822        -0.4205
 17 -0.608         0.6260        -0.3918
 18 -0.508         0.6676        -0.3714
 19 -0.408         0.7069        -0.3558
 20 -0.308         0.7464        -0.3152
 21 -0.208         0.7866        -0.2667
 22 -0.108         0.8260        -0.2353
 23 -0.008         0.8651        -0.2004
 24  0.092         0.9023        -0.1836
 25  0.192         0.9699         0.1289
 26  0.292         1.0187         0.0453
 27  0.392         1.0561        -0.0270
 28  0.492         1.0910        -0.0223
 29  0.592         1.1257         0.0120
 30  0.692         1.2157         0.4877
 31  0.792         1.2557         0.2006
 32  0.892         1.2876         0.1380
 33  0.992         1.3166         0.1267
 34  1.092         1.3434         0.1205
 35  1.192         1.3719         0.1741
 36  1.292         1.4018         0.2256
 37  1.392         1.4326         0.2674
 38  1.492         1.4633         0.2972
 39  1.592         1.4940         0.3290
 40  1.692         1.5252         0.3658
 41  1.792         1.5564         0.3976
 42  1.892         1.5882         0.4358
 43  1.992         1.6201         0.4709
 44  2.092         1.6523         0.5058
 45  2.192         1.6851         0.5473
 46  2.292         1.7182         0.5839
 47  2.392         1.7521         0.6281
 48  2.492         1.7882         0.6899
 49  2.592         1.8267         0.7546
 50  2.692         1.8671         0.8164
 51  2.792         1.9059         0.8377
 52  2.892         1.9426         0.8508
 53  2.992         1.9777         0.8676
 54  3.092         2.0113         0.8829
 55  3.192         2.0441         0.9068
 56  3.292         2.0775         0.9464
 57  3.392         2.1139         1.0191
 58  3.492         2.1616         1.1786
 59  3.592         2.2623         1.5783
 60  3.692         2.3606         1.6669
 61  3.792         2.4412         1.6701
 62  3.892         2.5143         1.7045
 63  3.992         2.5835         1.7515
 64  4.092         2.6493         1.7972
 65  4.192         2.7118         1.8391
 66  4.292         2.7709         1.8754
 67  4.392         2.8286         1.9235
 68  4.492         2.8836         1.9594
 69  4.592         2.9353         1.9856
 70  4.692         2.9839         2.0082
 71  4.792         3.0297         2.0303
 72  4.892         3.0737         2.0573
 73  4.992         3.1160         2.0842
 74  5.092         3.1567         2.1083
 75  5.192         3.1956         2.1282
 76  5.292         3.2330         2.1492
 77  5.392         3.2688         2.1668
 78  5.492         3.3028         2.1804
 79  5.592         3.3355         2.1952
 80  5.692         3.3667         2.2083
 81  5.792         3.3967         2.2205
 82  5.892         3.4255         2.2324
 83  5.992         3.4529         2.2407
 84  6.092         3.4794         2.2503
 85  6.192         3.5048         2.2592
 86  6.292         3.5292         2.2675
 87  6.392         3.5527         2.2735
 88  6.492         3.5752         2.2786
 89  6.592         3.5971         2.2891
 90  6.692         3.6182         2.2947
 91  6.792         3.6385         2.2977
 92  6.892         3.6582         2.3054
 93  6.992         3.6775         2.3160
 94  7.092         3.6962         2.3210
 95  7.192         3.7145         2.3288
 96  7.292         3.7324         2.3385
 97  7.392         3.7500         2.3503
 98  7.492         3.7676         2.3669
 99  7.592         3.7854         2.3887
100  7.692         3.8033         2.4095
101  7.792         3.8214         2.4315
102  7.892         3.8397         2.4546
103  7.992         3.8581         2.4774
104  8.092         3.8768         2.5006
105  8.192         3.8957         2.5247
106  8.292         3.9147         2.5470
107  8.392         3.9339         2.5694
108  8.492         3.9533         2.5929
109  8.592         3.9728         2.6169
110  8.692         3.9928         2.6446
111  8.792         4.0131         2.6727
112  8.892         4.0337         2.7006
113  8.992         4.0548         2.7316
114  9.092         4.0771         2.7754
115  9.192         4.1001         2.8122
116  9.292         4.1237         2.8478
117  9.392         4.1481         2.8850
118  9.492         4.1731         2.9221
119  9.592         4.1988         2.9575
120  9.692         4.2257         3.0040
121  9.792         4.2545         3.0612
122  9.892         4.2838         3.0987
123  9.992         4.3150         3.1558
124 10.092         4.3455         3.1772
125 10.192         4.3754         3.1984
126 10.292         4.4049         3.2224
127 10.392         4.4337         3.2414
128 10.492         4.4618         3.2583
129 10.592         4.4890         3.2719
130 10.692         4.5153         3.2853
131 10.792         4.5409         3.2985
132 10.892         4.5659         3.3141
133 10.992         4.5904         3.3295
134 11.092         4.6144         3.3449
135 11.192         4.6380         3.3611
136 11.292         4.6612         3.3768
137 11.392         4.6841         3.3954
138 11.492         4.7069         3.4145
139 11.592         4.7295         3.4343
140 11.692         4.7521         3.4586
141 11.792         4.7750         3.4858
142 11.892         4.7981         3.5110
143 11.992         4.8210         3.5333
144 12.092         4.8439         3.5531
145 12.192         4.8666         3.5748
146 12.292         4.8893         3.5957
147 12.392         4.9118         3.6151
148 12.492         4.9341         3.6331
149 12.592         4.9562         3.6514
150 12.692         4.9781         3.6708
151 12.792         5.0000         3.6915
