#NUMBER OF AGES=15
#----------------------------------------------------       
#MIX-LEN  Y      Z          Zeff        [Fe/H] [a/Fe]       
# 1.9380  0.2605 1.0219E-02 1.0219E-02  -0.20   0.00        
#----------------------------------------------------       
#**PHOTOMETRIC SYSTEM**: SDSS (AB)                          
#----------------------------------------------------       
#AGE= 0.010 BINS=146 Power-law IMF: x=-2.350
# N  sdss_r       Log10(N)       Log10(dN)
  1 -2.918         1.3257         1.3257
  2 -2.818         1.6313         1.3348
  3 -2.718         1.8110         1.3409
  4 -2.618         1.9385         1.3442
  5 -2.518         2.0370         1.3443
  6 -2.418         2.1167         1.3411
  7 -2.318         2.1831         1.3344
  8 -2.218         2.2393         1.3236
  9 -2.118         2.2874         1.3082
 10 -2.018         2.3245         1.2376
 11 -1.918         2.3497         1.1001
 12 -1.818         2.3682         0.9892
 13 -1.718         2.3833         0.9165
 14 -1.618         2.3963         0.8681
 15 -1.518         2.4095         0.8829
 16 -1.418         2.4247         0.9612
 17 -1.318         2.4437         1.0755
 18 -1.218         2.4672         1.1885
 19 -1.118         2.4960         1.3031
 20 -1.018         2.5303         1.4107
 21 -0.918         2.5696         1.5071
 22 -0.818         2.6134         1.5958
 23 -0.718         2.6603         1.6704
 24 -0.618         2.7003         1.6446
 25 -0.518         2.7363         1.6364
 26 -0.418         2.7973         1.9149
 27 -0.318         2.8464         1.8755
 28 -0.218         2.8887         1.8563
 29 -0.118         2.9290         1.8761
 30 -0.018         2.9691         1.9145
 31  0.082         3.0036         1.8863
 32  0.182         3.0416         1.9655
 33  0.282         3.0774         1.9750
 34  0.382         3.1134         2.0144
 35  0.482         3.1491         2.0469
 36  0.582         3.1828         2.0559
 37  0.682         3.2141         2.0563
 38  0.782         3.2441         2.0686
 39  0.882         3.2828         2.2130
 40  0.982         3.3267         2.3101
 41  1.082         3.3575         2.1930
 42  1.182         3.3831         2.1410
 43  1.282         3.4024         2.0394
 44  1.382         3.4210         2.0437
 45  1.482         3.4415         2.1052
 46  1.582         3.4631         2.1490
 47  1.682         3.4844         2.1641
 48  1.782         3.5054         2.1805
 49  1.882         3.5264         2.2003
 50  1.982         3.5473         2.2193
 51  2.082         3.5681         2.2371
 52  2.182         3.5887         2.2538
 53  2.282         3.6090         2.2694
 54  2.382         3.6291         2.2841
 55  2.482         3.6489         2.2977
 56  2.582         3.6683         2.3104
 57  2.682         3.6875         2.3221
 58  2.782         3.7063         2.3329
 59  2.882         3.7247         2.3426
 60  2.982         3.7427         2.3514
 61  3.082         3.7603         2.3591
 62  3.182         3.7774         2.3658
 63  3.282         3.7942         2.3715
 64  3.382         3.8100         2.3640
 65  3.482         3.8246         2.3428
 66  3.582         3.8388         2.3472
 67  3.682         3.8530         2.3618
 68  3.782         3.8692         2.4329
 69  3.882         3.8850         2.4355
 70  3.982         3.9013         2.4682
 71  4.082         3.9181         2.4980
 72  4.182         3.9333         2.4683
 73  4.282         3.9468         2.4347
 74  4.382         3.9600         2.4357
 75  4.482         3.9728         2.4354
 76  4.582         3.9844         2.4056
 77  4.682         3.9963         2.4269
 78  4.782         4.0084         2.4477
 79  4.882         4.0206         2.4627
 80  4.982         4.0308         2.3976
 81  5.082         4.0401         2.3677
 82  5.182         4.0495         2.3796
 83  5.282         4.0590         2.3917
 84  5.382         4.0685         2.4040
 85  5.482         4.0780         2.4165
 86  5.582         4.0877         2.4292
 87  5.682         4.0974         2.4422
 88  5.782         4.1072         2.4554
 89  5.882         4.1171         2.4687
 90  5.982         4.1270         2.4825
 91  6.082         4.1371         2.4975
 92  6.182         4.1473         2.5121
 93  6.282         4.1575         2.5263
 94  6.382         4.1679         2.5401
 95  6.482         4.1764         2.4644
 96  6.582         4.1845         2.4500
 97  6.682         4.1925         2.4566
 98  6.782         4.2006         2.4643
 99  6.882         4.2086         2.4732
100  6.982         4.2167         2.4834
101  7.082         4.2249         2.4949
102  7.182         4.2332         2.5077
103  7.282         4.2415         2.5219
104  7.382         4.2500         2.5375
105  7.482         4.2591         2.5730
106  7.582         4.2680         2.5792
107  7.682         4.2738         2.3930
108  7.782         4.2796         2.3989
109  7.882         4.2860         2.4546
110  7.982         4.2927         2.4800
111  8.082         4.3019         2.6211
112  8.182         4.3217         2.9707
113  8.282         4.3344         2.7939
114  8.382         4.3556         3.0329
115  8.482         4.3774         3.0680
116  8.582         4.4005         3.1145
117  8.682         4.4250         3.1638
118  8.782         4.4492         3.1834
119  8.882         4.4730         3.2002
120  8.982         4.4983         3.2516
121  9.082         4.5227         3.2606
122  9.182         4.5461         3.2653
123  9.282         4.5684         3.2683
124  9.382         4.5898         3.2711
125  9.482         4.6103         3.2737
126  9.582         4.6299         3.2758
127  9.682         4.6488         3.2770
128  9.782         4.6669         3.2778
129  9.882         4.6845         3.2827
130  9.982         4.7017         3.2924
131 10.082         4.7189         3.3078
132 10.182         4.7365         3.3348
133 10.282         4.7542         3.3561
134 10.382         4.7698         3.3175
135 10.482         4.7855         3.3346
136 10.582         4.8040         3.4253
137 10.682         4.8229         3.4528
138 10.782         4.8422         3.4792
139 10.882         4.8617         3.5043
140 10.982         4.8814         3.5283
141 11.082         4.9012         3.5509
142 11.182         4.9211         3.5722
143 11.282         4.9410         3.5921
144 11.382         4.9608         3.6104
145 11.482         4.9805         3.6271
146 11.582         5.0000         3.6420


#AGE= 0.100 BINS=142 Power-law IMF: x=-2.350
# N  sdss_r       Log10(N)       Log10(dN)
  1 -2.414         1.3490         1.3490
  2 -2.314         1.6552         1.3593
  3 -2.214         1.8353         1.3660
  4 -2.114         1.9630         1.3691
  5 -2.014         2.0614         1.3684
  6 -1.914         2.1408         1.3635
  7 -1.814         2.2065         1.3541
  8 -1.714         2.2618         1.3394
  9 -1.614         2.3062         1.2938
 10 -1.514         2.3374         1.1783
 11 -1.414         2.3577         1.0162
 12 -1.314         2.3720         0.8820
 13 -1.214         2.3842         0.8290
 14 -1.114         2.3974         0.8742
 15 -1.014         2.4139         0.9839
 16 -0.914         2.4358         1.1283
 17 -0.814         2.4644         1.2691
 18 -0.714         2.5003         1.3990
 19 -0.614         2.5435         1.5202
 20 -0.514         2.5938         1.6327
 21 -0.414         2.6488         1.7240
 22 -0.314         2.7184         1.8890
 23 -0.214         2.7751         1.8625
 24 -0.114         2.8197         1.8096
 25 -0.014         2.8604         1.8116
 26  0.086         2.9029         1.8730
 27  0.186         2.9438         1.8967
 28  0.286         2.9860         1.9526
 29  0.386         3.0246         1.9551
 30  0.486         3.0657         2.0207
 31  0.586         3.1062         2.0565
 32  0.686         3.1437         2.0604
 33  0.786         3.1779         2.0581
 34  0.886         3.2110         2.0763
 35  0.986         3.2523         2.2099
 36  1.086         3.2968         2.2849
 37  1.186         3.3295         2.1905
 38  1.286         3.3559         2.1269
 39  1.386         3.3768         2.0479
 40  1.486         3.3973         2.0604
 41  1.586         3.4172         2.0700
 42  1.686         3.4369         2.0831
 43  1.786         3.4574         2.1216
 44  1.886         3.4795         2.1742
 45  1.986         3.5013         2.1914
 46  2.086         3.5230         2.2113
 47  2.186         3.5446         2.2300
 48  2.286         3.5660         2.2475
 49  2.386         3.5871         2.2638
 50  2.486         3.6080         2.2790
 51  2.586         3.6285         2.2932
 52  2.686         3.6487         2.3063
 53  2.786         3.6685         2.3183
 54  2.886         3.6880         2.3293
 55  2.986         3.7070         2.3392
 56  3.086         3.7256         2.3481
 57  3.186         3.7438         2.3558
 58  3.286         3.7614         2.3624
 59  3.386         3.7786         2.3678
 60  3.486         3.7946         2.3527
 61  3.586         3.8095         2.3381
 62  3.686         3.8242         2.3453
 63  3.786         3.8389         2.3617
 64  3.886         3.8564         2.4515
 65  3.986         3.8729         2.4438
 66  4.086         3.8897         2.4696
 67  4.186         3.9064         2.4827
 68  4.286         3.9208         2.4351
 69  4.386         3.9342         2.4166
 70  4.486         3.9476         2.4316
 71  4.586         3.9592         2.3772
 72  4.686         3.9709         2.3954
 73  4.786         3.9828         2.4163
 74  4.886         3.9950         2.4368
 75  4.986         4.0072         2.4516
 76  5.086         4.0175         2.3857
 77  5.186         4.0270         2.3617
 78  5.286         4.0365         2.3734
 79  5.386         4.0461         2.3853
 80  5.486         4.0558         2.3975
 81  5.586         4.0655         2.4099
 82  5.686         4.0752         2.4225
 83  5.786         4.0851         2.4353
 84  5.886         4.0950         2.4483
 85  5.986         4.1050         2.4616
 86  6.086         4.1150         2.4750
 87  6.186         4.1252         2.4894
 88  6.286         4.1355         2.5046
 89  6.386         4.1459         2.5192
 90  6.486         4.1563         2.5332
 91  6.586         4.1669         2.5468
 92  6.686         4.1775         2.5598
 93  6.786         4.1859         2.4690
 94  6.886         4.1941         2.4656
 95  6.986         4.2022         2.4704
 96  7.086         4.2103         2.4764
 97  7.186         4.2184         2.4839
 98  7.286         4.2265         2.4929
 99  7.386         4.2346         2.5035
100  7.486         4.2428         2.5158
101  7.586         4.2519         2.5646
102  7.686         4.2590         2.4708
103  7.786         4.2641         2.3292
104  7.886         4.2699         2.3980
105  7.986         4.2763         2.4425
106  8.086         4.2832         2.4779
107  8.186         4.2904         2.5061
108  8.286         4.2949         2.3066
109  8.386         4.3067         2.7355
110  8.486         4.3274         2.9963
111  8.586         4.3496         3.0472
112  8.686         4.3739         3.1084
113  8.786         4.3993         3.1539
114  8.886         4.4260         3.2015
115  8.986         4.4535         3.2418
116  9.086         4.4805         3.2597
117  9.186         4.5066         3.2738
118  9.286         4.5319         3.2839
119  9.386         4.5561         3.2894
120  9.486         4.5791         3.2915
121  9.586         4.6010         3.2926
122  9.686         4.6218         3.2925
123  9.786         4.6416         3.2906
124  9.886         4.6604         3.2880
125  9.986         4.6785         3.2900
126 10.086         4.6962         3.2971
127 10.186         4.7138         3.3126
128 10.286         4.7312         3.3250
129 10.386         4.7503         3.3851
130 10.486         4.7622         3.1933
131 10.586         4.7804         3.3938
132 10.686         4.7992         3.4264
133 10.786         4.8185         3.4561
134 10.886         4.8382         3.4837
135 10.986         4.8581         3.5100
136 11.086         4.8783         3.5350
137 11.186         4.8986         3.5586
138 11.286         4.9190         3.5808
139 11.386         4.9394         3.6016
140 11.486         4.9598         3.6207
141 11.586         4.9800         3.6380
142 11.686         5.0000         3.6535


#AGE= 1.000 BINS=137 Power-law IMF: x=-2.350
# N  sdss_r       Log10(N)       Log10(dN)
  1 -0.872        -0.1173        -0.1173
  2 -0.772         0.1827        -0.1194
  3 -0.672         0.3596        -0.1160
  4 -0.572         0.4849        -0.1160
  5 -0.472         0.5822        -0.1149
  6 -0.372         0.6629        -0.1079
  7 -0.272         0.7313        -0.1052
  8 -0.172         0.7909        -0.1013
  9 -0.072         0.8431        -0.1028
 10  0.028         0.8901        -0.0988
 11  0.128         0.9322        -0.1026
 12  0.228         0.9700        -0.1080
 13  0.328         1.0046        -0.1114
 14  0.428         1.0363        -0.1164
 15  0.528         1.0653        -0.1248
 16  0.628         1.2961         0.9113
 17  0.728         1.3720         0.5773
 18  0.828         1.5142         0.9599
 19  0.928         1.8073         1.4983
 20  1.028         2.0510         1.6838
 21  1.128         2.2186         1.7239
 22  1.228         2.3455         1.7494
 23  1.328         2.4471         1.7665
 24  1.428         2.5317         1.7794
 25  1.528         2.6067         1.8072
 26  1.628         2.6740         1.8307
 27  1.728         2.7334         1.8403
 28  1.828         2.7888         1.8675
 29  1.928         2.8427         1.9097
 30  2.028         2.8930         1.9314
 31  2.128         2.9403         1.9540
 32  2.228         2.9847         1.9722
 33  2.328         3.0267         1.9918
 34  2.428         3.0660         2.0029
 35  2.528         3.1024         2.0078
 36  2.628         3.1377         2.0303
 37  2.728         3.1706         2.0333
 38  2.828         3.2007         2.0272
 39  2.928         3.2300         2.0437
 40  3.028         3.2583         2.0584
 41  3.128         3.2857         2.0722
 42  3.228         3.3122         2.0850
 43  3.328         3.3379         2.0969
 44  3.428         3.3628         2.1079
 45  3.528         3.3868         2.1179
 46  3.628         3.4100         2.1269
 47  3.728         3.4325         2.1348
 48  3.828         3.4542         2.1418
 49  3.928         3.4755         2.1550
 50  4.028         3.4962         2.1657
 51  4.128         3.5162         2.1678
 52  4.228         3.5349         2.1612
 53  4.328         3.5506         2.1007
 54  4.428         3.5693         2.1937
 55  4.528         3.5878         2.2076
 56  4.628         3.6059         2.2169
 57  4.728         3.6238         2.2293
 58  4.828         3.6406         2.2207
 59  4.928         3.6647         2.3959
 60  5.028         3.6839         2.3199
 61  5.128         3.6989         2.2308
 62  5.228         3.7119         2.1829
 63  5.328         3.7242         2.1688
 64  5.428         3.7364         2.1798
 65  5.528         3.7491         2.2078
 66  5.628         3.7617         2.2177
 67  5.728         3.7738         2.2127
 68  5.828         3.7858         2.2211
 69  5.928         3.7978         2.2337
 70  6.028         3.8098         2.2446
 71  6.128         3.8218         2.2580
 72  6.228         3.8339         2.2742
 73  6.328         3.8465         2.3018
 74  6.428         3.8595         2.3297
 75  6.528         3.8729         2.3546
 76  6.628         3.8865         2.3768
 77  6.728         3.9004         2.3965
 78  6.828         3.9143         2.4138
 79  6.928         3.9283         2.4288
 80  7.028         3.9422         2.4415
 81  7.128         3.9560         2.4517
 82  7.228         3.9696         2.4596
 83  7.328         3.9830         2.4648
 84  7.428         3.9961         2.4673
 85  7.528         4.0087         2.4667
 86  7.628         4.0209         2.4629
 87  7.728         4.0326         2.4554
 88  7.828         4.0437         2.4465
 89  7.928         4.0545         2.4461
 90  8.028         4.0652         2.4520
 91  8.128         4.0760         2.4640
 92  8.228         4.0862         2.4531
 93  8.328         4.0947         2.3826
 94  8.428         4.1046         2.4587
 95  8.528         4.1163         2.5403
 96  8.628         4.1283         2.5635
 97  8.728         4.1406         2.5871
 98  8.828         4.1531         2.6056
 99  8.928         4.1658         2.6242
100  9.028         4.1788         2.6498
101  9.128         4.1924         2.6810
102  9.228         4.2065         2.7101
103  9.328         4.2210         2.7372
104  9.428         4.2362         2.7726
105  9.528         4.2518         2.7998
106  9.628         4.2679         2.8283
107  9.728         4.2847         2.8648
108  9.828         4.3024         2.9025
109  9.928         4.3210         2.9448
110 10.028         4.3416         3.0076
111 10.128         4.3639         3.0620
112 10.228         4.3868         3.0982
113 10.328         4.4095         3.1161
114 10.428         4.4309         3.1128
115 10.528         4.4506         3.0988
116 10.628         4.4695         3.0988
117 10.728         4.4931         3.2161
118 10.828         4.5185         3.2727
119 10.928         4.5437         3.2952
120 11.028         4.5690         3.3222
121 11.128         4.5946         3.3511
122 11.228         4.6202         3.3785
123 11.328         4.6459         3.4045
124 11.428         4.6715         3.4289
125 11.528         4.6969         3.4516
126 11.628         4.7220         3.4725
127 11.728         4.7469         3.4925
128 11.828         4.7716         3.5140
129 11.928         4.7962         3.5374
130 12.028         4.8209         3.5628
131 12.128         4.8457         3.5903
132 12.228         4.8708         3.6201
133 12.328         4.8963         3.6520
134 12.428         4.9221         3.6833
135 12.528         4.9481         3.7123
136 12.628         4.9741         3.7388
137 12.728         5.0000         3.7626


#AGE= 2.000 BINS=151 Power-law IMF: x=-2.350
# N  sdss_r       Log10(N)       Log10(dN)
  1 -1.974        -0.2149        -0.2149
  2 -1.874         0.0695        -0.2489
  3 -1.774         0.2404        -0.2473
  4 -1.674         0.3659        -0.2345
  5 -1.574         0.4695        -0.2036
  6 -1.474         0.5575        -0.1792
  7 -1.374         0.6333        -0.1617
  8 -1.274         0.7008        -0.1416
  9 -1.174         0.7626        -0.1144
 10 -1.074         0.8198        -0.0889
 11 -0.974         0.8737        -0.0589
 12 -0.874         0.9245        -0.0328
 13 -0.774         0.9732        -0.0008
 14 -0.674         1.0197         0.0261
 15 -0.574         1.0611         0.0192
 16 -0.474         1.1001         0.0346
 17 -0.374         1.1403         0.0869
 18 -0.274         1.1800         0.1210
 19 -0.174         1.2173         0.1329
 20 -0.074         1.2514         0.1297
 21  0.026         1.3328         0.5655
 22  0.126         1.4624         0.8738
 23  0.226         1.5457         0.7877
 24  0.326         1.5699         0.3042
 25  0.426         1.5916         0.2801
 26  0.526         1.6117         0.2674
 27  0.626         1.6307         0.2604
 28  0.726         1.6489         0.2625
 29  0.826         1.6663         0.2603
 30  0.926         1.6829         0.2581
 31  1.026         1.6989         0.2558
 32  1.126         1.7140         0.2481
 33  1.226         1.7285         0.2467
 34  1.326         1.7423         0.2361
 35  1.426         1.7555         0.2321
 36  1.526         1.7681         0.2246
 37  1.626         1.8537         1.1065
 38  1.726         1.8711         0.4638
 39  1.826         1.8988         0.6900
 40  1.926         2.0592         1.5488
 41  2.026         2.2613         1.8320
 42  2.126         2.4138         1.8852
 43  2.226         2.5209         1.8607
 44  2.326         2.6035         1.8417
 45  2.426         2.6708         1.8276
 46  2.526         2.7323         1.8530
 47  2.626         2.7879         1.8681
 48  2.726         2.8417         1.9079
 49  2.826         2.8884         1.8973
 50  2.926         2.9284         1.8719
 51  3.026         2.9722         1.9551
 52  3.126         3.0151         1.9885
 53  3.226         3.0542         1.9888
 54  3.326         3.0914         2.0062
 55  3.426         3.1254         2.0013
 56  3.526         3.1600         2.0444
 57  3.626         3.1962         2.0992
 58  3.726         3.2306         2.1127
 59  3.826         3.2607         2.0855
 60  3.926         3.2863         2.0447
 61  4.026         3.3130         2.0879
 62  4.126         3.3395         2.1120
 63  4.226         3.3642         2.1063
 64  4.326         3.3862         2.0796
 65  4.426         3.4074         2.0869
 66  4.526         3.4237         1.9883
 67  4.626         3.4425         2.0712
 68  4.726         3.4639         2.1453
 69  4.826         3.4848         2.1559
 70  4.926         3.5051         2.1651
 71  5.026         3.5252         2.1799
 72  5.126         3.5452         2.1995
 73  5.226         3.5643         2.1987
 74  5.326         3.5821         2.1843
 75  5.426         3.5988         2.1755
 76  5.526         3.6147         2.1714
 77  5.626         3.6301         2.1718
 78  5.726         3.6449         2.1714
 79  5.826         3.6593         2.1701
 80  5.926         3.6732         2.1742
 81  6.026         3.6869         2.1776
 82  6.126         3.7003         2.1813
 83  6.226         3.7134         2.1885
 84  6.326         3.7271         2.2172
 85  6.426         3.7413         2.2504
 86  6.526         3.7560         2.2789
 87  6.626         3.7711         2.3031
 88  6.726         3.7863         2.3233
 89  6.826         3.8016         2.3397
 90  6.926         3.8167         2.3523
 91  7.026         3.8317         2.3611
 92  7.126         3.8463         2.3660
 93  7.226         3.8604         2.3665
 94  7.326         3.8740         2.3624
 95  7.426         3.8869         2.3529
 96  7.526         3.8990         2.3391
 97  7.626         3.9107         2.3335
 98  7.726         3.9221         2.3360
 99  7.826         3.9335         2.3459
100  7.926         3.9450         2.3625
101  8.026         3.9566         2.3767
102  8.126         3.9669         2.3385
103  8.226         3.9768         2.3288
104  8.326         3.9893         2.4412
105  8.426         4.0016         2.4488
106  8.526         4.0140         2.4631
107  8.626         4.0269         2.4930
108  8.726         4.0400         2.5133
109  8.826         4.0533         2.5329
110  8.926         4.0668         2.5539
111  9.026         4.0807         2.5787
112  9.126         4.0952         2.6104
113  9.226         4.1101         2.6396
114  9.326         4.1256         2.6707
115  9.426         4.1417         2.7021
116  9.526         4.1580         2.7230
117  9.626         4.1753         2.7682
118  9.726         4.1955         2.8518
119  9.826         4.2178         2.9181
120  9.926         4.2415         2.9671
121 10.026         4.2658         3.0018
122 10.126         4.2900         3.0229
123 10.226         4.3132         3.0297
124 10.326         4.3347         3.0196
125 10.426         4.3538         2.9877
126 10.526         4.3683         2.8835
127 10.626         4.3883         3.0417
128 10.726         4.4115         3.1271
129 10.826         4.4363         3.1808
130 10.926         4.4625         3.2291
131 11.026         4.4887         3.2565
132 11.126         4.5143         3.2732
133 11.226         4.5399         3.2969
134 11.326         4.5654         3.3208
135 11.426         4.5908         3.3451
136 11.526         4.6161         3.3697
137 11.626         4.6414         3.3946
138 11.726         4.6667         3.4182
139 11.826         4.6918         3.4414
140 11.926         4.7169         3.4660
141 12.026         4.7420         3.4921
142 12.126         4.7673         3.5197
143 12.226         4.7928         3.5489
144 12.326         4.8186         3.5803
145 12.426         4.8448         3.6116
146 12.526         4.8711         3.6400
147 12.626         4.8973         3.6650
148 12.726         4.9232         3.6866
149 12.826         4.9489         3.7080
150 12.926         4.9745         3.7316
151 13.026         5.0000         3.7564


#AGE= 3.000 BINS=149 Power-law IMF: x=-2.350
# N  sdss_r       Log10(N)       Log10(dN)
  1 -1.849        -0.1026        -0.1026
  2 -1.749         0.1588        -0.1859
  3 -1.649         0.3093        -0.2238
  4 -1.549         0.4202        -0.2273
  5 -1.449         0.5108        -0.2144
  6 -1.349         0.5905        -0.1850
  7 -1.249         0.6594        -0.1742
  8 -1.149         0.8443         0.3843
  9 -1.049         0.8854        -0.1583
 10 -0.949         0.9256        -0.1284
 11 -0.849         0.9648        -0.0989
 12 -0.749         1.0035        -0.0662
 13 -0.649         1.0416        -0.0342
 14 -0.549         1.0756        -0.0470
 15 -0.449         1.1096        -0.0141
 16 -0.349         1.1450         0.0392
 17 -0.249         1.1812         0.0836
 18 -0.149         1.2172         0.1181
 19 -0.049         1.2528         0.1489
 20  0.051         1.2875         0.1723
 21  0.151         1.3326         0.3272
 22  0.251         1.4112         0.6300
 23  0.351         1.4454         0.3241
 24  0.451         1.5240         0.7431
 25  0.551         1.5647         0.5162
 26  0.651         1.5924         0.3835
 27  0.751         1.6210         0.4258
 28  0.851         1.6507         0.4708
 29  0.951         1.6816         0.5181
 30  1.051         1.7143         0.5744
 31  1.151         1.7460         0.5939
 32  1.251         1.7767         0.6113
 33  1.351         1.8071         0.6374
 34  1.451         1.8369         0.6583
 35  1.551         1.8662         0.6798
 36  1.651         1.8946         0.6966
 37  1.751         1.9222         0.7121
 38  1.851         1.9492         0.7282
 39  1.951         1.9753         0.7411
 40  2.051         2.0005         0.7529
 41  2.151         2.0250         0.7632
 42  2.251         2.2096         1.7492
 43  2.351         2.3379         1.7455
 44  2.451         2.4055         1.5646
 45  2.551         2.4715         1.6205
 46  2.651         2.5308         1.6370
 47  2.751         2.5791         1.6011
 48  2.851         2.6560         1.8662
 49  2.951         2.7310         1.9317
 50  3.051         2.8090         2.0245
 51  3.151         2.8731         2.0104
 52  3.251         2.9272         1.9963
 53  3.351         2.9792         2.0316
 54  3.451         3.0293         2.0667
 55  3.551         3.0748         2.0722
 56  3.651         3.1178         2.0920
 57  3.751         3.1573         2.0964
 58  3.851         3.1951         2.1165
 59  3.951         3.2302         2.1204
 60  4.051         3.2616         2.1056
 61  4.151         3.2880         2.0574
 62  4.251         3.3113         2.0300
 63  4.351         3.3362         2.0821
 64  4.451         3.3552         1.9862
 65  4.551         3.3776         2.0793
 66  4.651         3.4004         2.1091
 67  4.751         3.4246         2.1579
 68  4.851         3.4479         2.1664
 69  4.951         3.4705         2.1762
 70  5.051         3.4927         2.1890
 71  5.151         3.5144         2.2032
 72  5.251         3.5357         2.2159
 73  5.351         3.5561         2.2185
 74  5.451         3.5755         2.2147
 75  5.551         3.5939         2.2118
 76  5.651         3.6115         2.2099
 77  5.751         3.6283         2.2082
 78  5.851         3.6445         2.2092
 79  5.951         3.6602         2.2105
 80  6.051         3.6756         2.2177
 81  6.151         3.6908         2.2254
 82  6.251         3.7058         2.2367
 83  6.351         3.7207         2.2483
 84  6.451         3.7357         2.2666
 85  6.551         3.7510         2.2902
 86  6.651         3.7664         2.3101
 87  6.751         3.7819         2.3264
 88  6.851         3.7973         2.3393
 89  6.951         3.8125         2.3486
 90  7.051         3.8274         2.3545
 91  7.151         3.8418         2.3567
 92  7.251         3.8558         2.3551
 93  7.351         3.8691         2.3492
 94  7.451         3.8817         2.3403
 95  7.551         3.8940         2.3369
 96  7.651         3.9060         2.3417
 97  7.751         3.9180         2.3547
 98  7.851         3.9302         2.3716
 99  7.951         3.9423         2.3837
100  8.051         3.9525         2.3157
101  8.151         3.9652         2.4268
102  8.251         3.9785         2.4555
103  8.351         3.9915         2.4626
104  8.451         4.0043         2.4675
105  8.551         4.0175         2.4946
106  8.651         4.0311         2.5191
107  8.751         4.0449         2.5402
108  8.851         4.0588         2.5583
109  8.951         4.0730         2.5804
110  9.051         4.0877         2.6098
111  9.151         4.1030         2.6406
112  9.251         4.1188         2.6720
113  9.351         4.1351         2.7011
114  9.451         4.1522         2.7404
115  9.551         4.1710         2.7982
116  9.651         4.1914         2.8519
117  9.751         4.2130         2.8986
118  9.851         4.2355         2.9389
119  9.951         4.2586         2.9726
120 10.051         4.2818         2.9990
121 10.151         4.3048         3.0170
122 10.251         4.3275         3.0337
123 10.351         4.3505         3.0627
124 10.451         4.3701         3.0162
125 10.551         4.3883         3.0021
126 10.651         4.4102         3.1021
127 10.751         4.4341         3.1617
128 10.851         4.4593         3.2110
129 10.951         4.4856         3.2538
130 11.051         4.5120         3.2831
131 11.151         4.5378         3.2985
132 11.251         4.5633         3.3189
133 11.351         4.5886         3.3415
134 11.451         4.6138         3.3660
135 11.551         4.6392         3.3923
136 11.651         4.6644         3.4168
137 11.751         4.6897         3.4413
138 11.851         4.7149         3.4671
139 11.951         4.7403         3.4940
140 12.051         4.7658         3.5223
141 12.151         4.7916         3.5521
142 12.251         4.8176         3.5826
143 12.351         4.8438         3.6114
144 12.451         4.8701         3.6385
145 12.551         4.8963         3.6635
146 12.651         4.9223         3.6869
147 12.751         4.9482         3.7117
148 12.851         4.9742         3.7369
149 12.951         5.0000         3.7618


#AGE= 4.000 BINS=148 Power-law IMF: x=-2.350
# N  sdss_r       Log10(N)       Log10(dN)
  1 -1.676        -0.2207        -0.2207
  2 -1.576         0.0450        -0.2946
  3 -1.476         0.2003        -0.3214
  4 -1.376         0.3152        -0.3187
  5 -1.276         0.4088        -0.3036
  6 -1.176         0.4913        -0.2706
  7 -1.076         0.5648        -0.2430
  8 -0.976         0.6318        -0.2133
  9 -0.876         0.6953        -0.1708
 10 -0.776         0.7455        -0.2163
 11 -0.676         0.7934        -0.1877
 12 -0.576         0.8400        -0.1528
 13 -0.476         0.8830        -0.1426
 14 -0.376         0.9228        -0.1353
 15 -0.276         0.9628        -0.0918
 16 -0.176         1.0040        -0.0394
 17 -0.076         1.0445        -0.0061
 18  0.024         1.0844         0.0279
 19  0.124         1.1197         0.0114
 20  0.224         1.2196         0.5323
 21  0.324         1.2614         0.2241
 22  0.424         1.2977         0.2027
 23  0.524         1.3312         0.2017
 24  0.624         1.4249         0.7126
 25  0.724         1.4583         0.3280
 26  0.824         1.4848         0.2568
 27  0.924         1.5140         0.3269
 28  1.024         1.5428         0.3499
 29  1.124         1.5725         0.3930
 30  1.224         1.6026         0.4280
 31  1.324         1.6331         0.4653
 32  1.424         1.6637         0.4964
 33  1.524         1.6953         0.5407
 34  1.624         1.7269         0.5741
 35  1.724         1.7593         0.6161
 36  1.824         1.7921         0.6533
 37  1.924         1.8254         0.6931
 38  2.024         1.8593         0.7357
 39  2.124         1.8942         0.7822
 40  2.224         1.9301         0.8294
 41  2.324         1.9671         0.8785
 42  2.424         2.0049         0.9256
 43  2.524         2.0433         0.9715
 44  2.624         2.0830         1.0241
 45  2.724         2.4051         2.1242
 46  2.824         2.5383         1.9599
 47  2.924         2.6487         1.9998
 48  3.024         2.7187         1.8914
 49  3.124         2.7899         1.9694
 50  3.224         2.8231         1.6907
 51  3.324         2.8484         1.6011
 52  3.424         2.8769         1.6796
 53  3.524         2.9161         1.8516
 54  3.624         2.9701         2.0379
 55  3.724         3.0312         2.1499
 56  3.824         3.0860         2.1595
 57  3.924         3.1262         2.0733
 58  4.024         3.1540         1.9456
 59  4.124         3.1819         1.9763
 60  4.224         3.2095         1.9992
 61  4.324         3.2302         1.8966
 62  4.424         3.2561         2.0186
 63  4.524         3.2826         2.0559
 64  4.624         3.3102         2.0989
 65  4.724         3.3373         2.1189
 66  4.824         3.3635         2.1309
 67  4.924         3.3888         2.1427
 68  5.024         3.4136         2.1581
 69  5.124         3.4379         2.1733
 70  5.224         3.4615         2.1849
 71  5.324         3.4843         2.1920
 72  5.424         3.5060         2.1951
 73  5.524         3.5268         2.1957
 74  5.624         3.5467         2.1988
 75  5.724         3.5661         2.2060
 76  5.824         3.5848         2.2093
 77  5.924         3.6029         2.2141
 78  6.024         3.6205         2.2198
 79  6.124         3.6376         2.2248
 80  6.224         3.6545         2.2353
 81  6.324         3.6715         2.2552
 82  6.424         3.6883         2.2672
 83  6.524         3.7046         2.2715
 84  6.624         3.7206         2.2798
 85  6.724         3.7363         2.2867
 86  6.824         3.7516         2.2913
 87  6.924         3.7665         2.2938
 88  7.024         3.7809         2.2941
 89  7.124         3.7948         2.2922
 90  7.224         3.8082         2.2914
 91  7.324         3.8213         2.2938
 92  7.424         3.8342         2.2995
 93  7.524         3.8471         2.3133
 94  7.624         3.8598         2.3204
 95  7.724         3.8717         2.3047
 96  7.824         3.8828         2.2835
 97  7.924         3.8958         2.3674
 98  8.024         3.9097         2.4065
 99  8.124         3.9237         2.4239
100  8.224         3.9375         2.4329
101  8.324         3.9511         2.4412
102  8.424         3.9645         2.4460
103  8.524         3.9782         2.4703
104  8.624         3.9923         2.4973
105  8.724         4.0066         2.5175
106  8.824         4.0211         2.5365
107  8.924         4.0358         2.5578
108  9.024         4.0509         2.5851
109  9.124         4.0666         2.6165
110  9.224         4.0828         2.6469
111  9.324         4.0996         2.6781
112  9.424         4.1170         2.7112
113  9.524         4.1357         2.7610
114  9.624         4.1561         2.8177
115  9.724         4.1779         2.8674
116  9.824         4.2007         2.9106
117  9.924         4.2243         2.9475
118 10.024         4.2483         2.9778
119 10.124         4.2721         3.0005
120 10.224         4.2955         3.0149
121 10.324         4.3189         3.0393
122 10.424         4.3408         3.0317
123 10.524         4.3598         2.9917
124 10.624         4.3825         3.0888
125 10.724         4.4064         3.1348
126 10.824         4.4316         3.1840
127 10.924         4.4580         3.2283
128 11.024         4.4843         3.2533
129 11.124         4.5104         3.2759
130 11.224         4.5363         3.2991
131 11.324         4.5619         3.3201
132 11.424         4.5872         3.3401
133 11.524         4.6124         3.3626
134 11.624         4.6375         3.3881
135 11.724         4.6629         3.4157
136 11.824         4.6882         3.4413
137 11.924         4.7136         3.4674
138 12.024         4.7390         3.4945
139 12.124         4.7646         3.5226
140 12.224         4.7904         3.5517
141 12.324         4.8166         3.5831
142 12.424         4.8431         3.6148
143 12.524         4.8696         3.6432
144 12.624         4.8961         3.6683
145 12.724         4.9223         3.6898
146 12.824         4.9483         3.7123
147 12.924         4.9742         3.7364
148 13.024         5.0000         3.7612


#AGE= 5.000 BINS=147 Power-law IMF: x=-2.350
# N  sdss_r       Log10(N)       Log10(dN)
  1 -1.587        -0.1999        -0.1999
  2 -1.487         0.0810        -0.2412
  3 -1.387         0.2393        -0.2756
  4 -1.287         0.3532        -0.2841
  5 -1.187         0.4465        -0.2670
  6 -1.087         0.5279        -0.2391
  7 -0.987         0.6008        -0.2107
  8 -0.887         0.6680        -0.1750
  9 -0.787         0.7321        -0.1306
 10 -0.687         0.8333         0.1509
 11 -0.587         0.8766        -0.1462
 12 -0.487         0.9189        -0.1137
 13 -0.387         0.9579        -0.1075
 14 -0.287         0.9946        -0.0969
 15 -0.187         1.0315        -0.0578
 16 -0.087         1.0697        -0.0053
 17  0.013         1.1075         0.0288
 18  0.113         1.1451         0.0638
 19  0.213         1.1777         0.0364
 20  0.313         1.2627         0.5129
 21  0.413         1.3152         0.3714
 22  0.513         1.3518         0.2590
 23  0.613         1.3858         0.2635
 24  0.713         1.4909         0.8231
 25  0.813         1.5142         0.2322
 26  0.913         1.5353         0.2103
 27  1.013         1.5603         0.3097
 28  1.113         1.5875         0.3705
 29  1.213         1.6151         0.4046
 30  1.313         1.6431         0.4379
 31  1.413         1.6714         0.4707
 32  1.513         1.7000         0.5050
 33  1.613         1.7293         0.5438
 34  1.713         1.7588         0.5755
 35  1.813         1.7886         0.6114
 36  1.913         1.8193         0.6526
 37  2.013         1.8504         0.6900
 38  2.113         1.8821         0.7297
 39  2.213         1.9142         0.7673
 40  2.313         1.9480         0.8220
 41  2.413         1.9830         0.8719
 42  2.513         2.0184         0.9121
 43  2.613         2.0536         0.9443
 44  2.713         2.0882         0.9725
 45  2.813         2.1231         1.0105
 46  2.913         2.3184         1.8775
 47  3.013         2.4793         1.9700
 48  3.113         2.5933         1.9566
 49  3.213         2.6549         1.7762
 50  3.313         2.7203         1.8660
 51  3.413         2.7785         1.8766
 52  3.513         2.8308         1.8861
 53  3.613         2.8853         1.9566
 54  3.713         2.9397         2.0109
 55  3.813         2.9844         1.9744
 56  3.913         3.0254         1.9800
 57  4.013         3.0666         2.0229
 58  4.113         3.1006         1.9778
 59  4.213         3.1237         1.8378
 60  4.313         3.1551         1.9986
 61  4.413         3.1830         1.9774
 62  4.513         3.2156         2.0743
 63  4.613         3.2472         2.0941
 64  4.713         3.2776         2.1072
 65  4.813         3.3067         2.1193
 66  4.913         3.3351         2.1354
 67  5.013         3.3627         2.1521
 68  5.113         3.3895         2.1666
 69  5.213         3.4153         2.1770
 70  5.313         3.4401         2.1834
 71  5.413         3.4637         2.1881
 72  5.513         3.4865         2.1953
 73  5.613         3.5086         2.2031
 74  5.713         3.5301         2.2142
 75  5.813         3.5511         2.2251
 76  5.913         3.5713         2.2299
 77  6.013         3.5909         2.2345
 78  6.113         3.6098         2.2403
 79  6.213         3.6282         2.2458
 80  6.313         3.6461         2.2509
 81  6.413         3.6634         2.2557
 82  6.513         3.6802         2.2605
 83  6.613         3.6966         2.2657
 84  6.713         3.7125         2.2685
 85  6.813         3.7279         2.2689
 86  6.913         3.7428         2.2695
 87  7.013         3.7572         2.2721
 88  7.113         3.7713         2.2763
 89  7.213         3.7851         2.2797
 90  7.313         3.7986         2.2832
 91  7.413         3.8116         2.2819
 92  7.513         3.8242         2.2823
 93  7.613         3.8375         2.3161
 94  7.713         3.8516         2.3561
 95  7.813         3.8654         2.3610
 96  7.913         3.8792         2.3732
 97  8.013         3.8933         2.3985
 98  8.113         3.9076         2.4185
 99  8.213         3.9221         2.4377
100  8.313         3.9362         2.4399
101  8.413         3.9500         2.4466
102  8.513         3.9643         2.4735
103  8.613         3.9789         2.4978
104  8.713         3.9937         2.5205
105  8.813         4.0087         2.5383
106  8.913         4.0239         2.5598
107  9.013         4.0395         2.5883
108  9.113         4.0557         2.6182
109  9.213         4.0724         2.6488
110  9.313         4.0896         2.6791
111  9.413         4.1076         2.7154
112  9.513         4.1269         2.7662
113  9.613         4.1476         2.8148
114  9.713         4.1693         2.8569
115  9.813         4.1916         2.8924
116  9.913         4.2143         2.9210
117 10.013         4.2369         2.9408
118 10.113         4.2588         2.9508
119 10.213         4.2815         2.9885
120 10.313         4.3074         3.0709
121 10.413         4.3338         3.1035
122 10.513         4.3568         3.0707
123 10.613         4.3799         3.0941
124 10.713         4.4044         3.1422
125 10.813         4.4301         3.1900
126 10.913         4.4565         3.2279
127 11.013         4.4833         3.2596
128 11.113         4.5096         3.2796
129 11.213         4.5353         3.2939
130 11.313         4.5607         3.3148
131 11.413         4.5860         3.3401
132 11.513         4.6113         3.3635
133 11.613         4.6366         3.3885
134 11.713         4.6619         3.4151
135 11.813         4.6872         3.4408
136 11.913         4.7126         3.4668
137 12.013         4.7381         3.4939
138 12.113         4.7638         3.5222
139 12.213         4.7896         3.5517
140 12.313         4.8158         3.5838
141 12.413         4.8424         3.6155
142 12.513         4.8691         3.6441
143 12.613         4.8957         3.6692
144 12.713         4.9219         3.6909
145 12.813         4.9480         3.7140
146 12.913         4.9741         3.7385
147 13.013         5.0000         3.7633


#AGE= 6.000 BINS=146 Power-law IMF: x=-2.350
# N  sdss_r       Log10(N)       Log10(dN)
  1 -1.555        -0.3388        -0.3388
  2 -1.455        -0.0416        -0.3464
  3 -1.355         0.1257        -0.3697
  4 -1.255         0.2444        -0.3770
  5 -1.155         0.3394        -0.3670
  6 -1.055         0.4209        -0.3460
  7 -0.955         0.4970        -0.2971
  8 -0.855         0.5639        -0.2811
  9 -0.755         0.6275        -0.2383
 10 -0.655         0.6968        -0.1344
 11 -0.555         0.7432        -0.2510
 12 -0.455         0.7889        -0.2122
 13 -0.355         0.8334        -0.1775
 14 -0.255         0.8734        -0.1826
 15 -0.155         0.9122        -0.1564
 16 -0.055         0.9518        -0.1079
 17  0.045         0.9920        -0.0611
 18  0.145         1.0316        -0.0279
 19  0.245         1.0706         0.0038
 20  0.345         1.1053        -0.0090
 21  0.445         1.2027         0.5056
 22  0.545         1.2426         0.1869
 23  0.645         1.2760         0.1454
 24  0.745         1.3698         0.6582
 25  0.845         1.4078         0.3304
 26  0.945         1.4266         0.0534
 27  1.045         1.4521         0.2093
 28  1.145         1.4805         0.2808
 29  1.245         1.5094         0.3182
 30  1.345         1.5384         0.3492
 31  1.445         1.5678         0.3828
 32  1.545         1.5976         0.4194
 33  1.645         1.6276         0.4530
 34  1.745         1.6581         0.4882
 35  1.845         1.6889         0.5243
 36  1.945         1.7199         0.5590
 37  2.045         1.7513         0.5951
 38  2.145         1.7836         0.6387
 39  2.245         1.8168         0.6835
 40  2.345         1.8510         0.7301
 41  2.445         1.8870         0.7873
 42  2.545         1.9225         0.8180
 43  2.645         1.9576         0.8471
 44  2.745         1.9923         0.8781
 45  2.845         2.0266         0.9074
 46  2.945         2.0612         0.9446
 47  3.045         2.1708         1.5193
 48  3.145         2.4246         2.0706
 49  3.245         2.5459         1.9328
 50  3.345         2.6160         1.7895
 51  3.445         2.6799         1.8158
 52  3.545         2.7387         1.8409
 53  3.645         2.7950         1.8802
 54  3.745         2.8516         1.9382
 55  3.845         2.9083         1.9962
 56  3.945         2.9610         2.0194
 57  4.045         3.0090         2.0282
 58  4.145         3.0523         2.0297
 59  4.245         3.0882         1.9883
 60  4.345         3.1161         1.9098
 61  4.445         3.1535         2.0696
 62  4.545         3.1892         2.0869
 63  4.645         3.2233         2.1009
 64  4.745         3.2558         2.1144
 65  4.845         3.2874         2.1325
 66  4.945         3.3180         2.1510
 67  5.045         3.3476         2.1659
 68  5.145         3.3760         2.1779
 69  5.245         3.4031         2.1850
 70  5.345         3.4289         2.1906
 71  5.445         3.4538         2.1996
 72  5.545         3.4779         2.2095
 73  5.645         3.5015         2.2253
 74  5.745         3.5247         2.2410
 75  5.845         3.5472         2.2503
 76  5.945         3.5686         2.2494
 77  6.045         3.5890         2.2509
 78  6.145         3.6086         2.2529
 79  6.245         3.6274         2.2557
 80  6.345         3.6456         2.2596
 81  6.445         3.6634         2.2649
 82  6.545         3.6805         2.2686
 83  6.645         3.6971         2.2719
 84  6.745         3.7132         2.2740
 85  6.845         3.7287         2.2737
 86  6.945         3.7438         2.2757
 87  7.045         3.7585         2.2805
 88  7.145         3.7728         2.2847
 89  7.245         3.7869         2.2920
 90  7.345         3.8008         2.2970
 91  7.445         3.8148         2.3164
 92  7.545         3.8291         2.3418
 93  7.645         3.8435         2.3556
 94  7.745         3.8578         2.3669
 95  7.845         3.8720         2.3817
 96  7.945         3.8863         2.3959
 97  8.045         3.9009         2.4215
 98  8.145         3.9159         2.4461
 99  8.245         3.9305         2.4500
100  8.345         3.9450         2.4604
101  8.445         3.9594         2.4726
102  8.545         3.9742         2.5001
103  8.645         3.9894         2.5254
104  8.745         4.0047         2.5445
105  8.845         4.0202         2.5631
106  8.945         4.0359         2.5876
107  9.045         4.0522         2.6172
108  9.145         4.0690         2.6494
109  9.245         4.0864         2.6812
110  9.345         4.0980         2.5161
111  9.445         4.1206         2.8266
112  9.545         4.1425         2.8344
113  9.645         4.1640         2.8474
114  9.745         4.1853         2.8662
115  9.845         4.2069         2.8915
116  9.945         4.2289         2.9237
117 10.045         4.2519         2.9631
118 10.145         4.2760         3.0097
119 10.245         4.3015         3.0563
120 10.345         4.3288         3.1139
121 10.445         4.3552         3.1265
122 10.545         4.3792         3.1089
123 10.645         4.4033         3.1352
124 10.745         4.4288         3.1850
125 10.845         4.4552         3.2257
126 10.945         4.4819         3.2588
127 11.045         4.5087         3.2856
128 11.145         4.5351         3.3053
129 11.245         4.5606         3.3168
130 11.345         4.5858         3.3370
131 11.445         4.6111         3.3638
132 11.545         4.6364         3.3885
133 11.645         4.6617         3.4143
134 11.745         4.6870         3.4397
135 11.845         4.7123         3.4652
136 11.945         4.7377         3.4922
137 12.045         4.7633         3.5207
138 12.145         4.7891         3.5511
139 12.245         4.8153         3.5831
140 12.345         4.8418         3.6134
141 12.445         4.8683         3.6415
142 12.545         4.8948         3.6671
143 12.645         4.9212         3.6909
144 12.745         4.9475         3.7170
145 12.845         4.9738         3.7427
146 12.945         5.0000         3.7675


#AGE= 7.000 BINS=148 Power-law IMF: x=-2.350
# N  sdss_r       Log10(N)       Log10(dN)
  1 -1.544        -0.3896        -0.3896
  2 -1.444        -0.1082        -0.4298
  3 -1.344         0.0559        -0.4463
  4 -1.244         0.1703        -0.4649
  5 -1.144         0.2631        -0.4530
  6 -1.044         0.3417        -0.4392
  7 -0.944         0.4128        -0.4084
  8 -0.844         0.4789        -0.3707
  9 -0.744         0.5398        -0.3434
 10 -0.644         0.6136        -0.1926
 11 -0.544         0.6863        -0.1261
 12 -0.444         0.7280        -0.3104
 13 -0.344         0.7689        -0.2776
 14 -0.244         0.8084        -0.2516
 15 -0.144         0.8445        -0.2542
 16 -0.044         0.8810        -0.2121
 17  0.056         0.9185        -0.1644
 18  0.156         0.9561        -0.1253
 19  0.256         0.9932        -0.0940
 20  0.356         1.0288        -0.0746
 21  0.456         1.0739         0.0676
 22  0.556         1.1581         0.4046
 23  0.656         1.1950         0.1057
 24  0.756         1.2284         0.0972
 25  0.856         1.3315         0.6567
 26  0.956         1.3542         0.0602
 27  1.056         1.3736         0.0137
 28  1.156         1.4004         0.1769
 29  1.256         1.4278         0.2142
 30  1.356         1.4557         0.2505
 31  1.456         1.4841         0.2845
 32  1.556         1.5127         0.3177
 33  1.656         1.5415         0.3491
 34  1.756         1.5712         0.3907
 35  1.856         1.6009         0.4219
 36  1.956         1.6314         0.4626
 37  2.056         1.6622         0.4971
 38  2.156         1.6939         0.5415
 39  2.256         1.7260         0.5785
 40  2.356         1.7592         0.6271
 41  2.456         1.7947         0.6891
 42  2.556         1.8331         0.7608
 43  2.656         1.8742         0.8292
 44  2.756         1.9167         0.8865
 45  2.856         1.9571         0.9062
 46  2.956         1.9955         0.9222
 47  3.056         2.0321         0.9398
 48  3.156         2.0689         0.9791
 49  3.256         2.3340         1.9938
 50  3.356         2.4651         1.8809
 51  3.456         2.5384         1.7299
 52  3.556         2.6047         1.7556
 53  3.656         2.6657         1.7833
 54  3.756         2.7226         1.8118
 55  3.856         2.7767         1.8449
 56  3.956         2.8354         1.9377
 57  4.056         2.8814         1.8832
 58  4.156         2.9279         1.9345
 59  4.256         2.9740         1.9771
 60  4.356         3.0167         1.9884
 61  4.456         3.0567         2.0005
 62  4.556         3.0943         2.0133
 63  4.656         3.1303         2.0307
 64  4.756         3.1650         2.0503
 65  4.856         3.1986         2.0712
 66  4.956         3.2312         2.0895
 67  5.056         3.2623         2.1027
 68  5.156         3.2920         2.1117
 69  5.256         3.3202         2.1183
 70  5.356         3.3472         2.1272
 71  5.456         3.3732         2.1386
 72  5.556         3.3986         2.1527
 73  5.656         3.4235         2.1702
 74  5.756         3.4478         2.1829
 75  5.856         3.4712         2.1903
 76  5.956         3.4934         2.1915
 77  6.056         3.5145         2.1905
 78  6.156         3.5347         2.1918
 79  6.256         3.5540         2.1935
 80  6.356         3.5728         2.1988
 81  6.456         3.5910         2.2045
 82  6.556         3.6086         2.2077
 83  6.656         3.6256         2.2091
 84  6.756         3.6420         2.2105
 85  6.856         3.6578         2.2121
 86  6.956         3.6733         2.2181
 87  7.056         3.6885         2.2241
 88  7.156         3.7034         2.2329
 89  7.256         3.7182         2.2422
 90  7.356         3.7329         2.2542
 91  7.456         3.7475         2.2672
 92  7.556         3.7622         2.2855
 93  7.656         3.7770         2.3017
 94  7.756         3.7916         2.3115
 95  7.856         3.8062         2.3247
 96  7.956         3.8210         2.3463
 97  8.056         3.8360         2.3675
 98  8.156         3.8514         2.3926
 99  8.256         3.8664         2.3971
100  8.356         3.8810         2.4011
101  8.456         3.8959         2.4240
102  8.556         3.9111         2.4481
103  8.656         3.9268         2.4745
104  8.756         3.9424         2.4919
105  8.857         3.9583         2.5123
106  8.956         3.9745         2.5381
107  9.056         3.9912         2.5678
108  9.156         4.0084         2.5981
109  9.256         4.0262         2.6309
110  9.356         4.0401         2.5377
111  9.456         4.0590         2.6891
112  9.556         4.0818         2.7898
113  9.656         4.1037         2.7964
114  9.756         4.1253         2.8106
115  9.856         4.1469         2.8336
116  9.956         4.1691         2.8667
117 10.056         4.1924         2.9103
118 10.156         4.2174         2.9649
119 10.256         4.2448         3.0304
120 10.356         4.2735         3.0802
121 10.456         4.3001         3.0730
122 10.556         4.3251         3.0740
123 10.656         4.3500         3.0953
124 10.756         4.3761         3.1419
125 10.856         4.4029         3.1800
126 10.956         4.4299         3.2106
127 11.056         4.4568         3.2342
128 11.156         4.4831         3.2529
129 11.256         4.5086         3.2640
130 11.356         4.5338         3.2850
131 11.456         4.5590         3.3102
132 11.556         4.5842         3.3352
133 11.656         4.6095         3.3621
134 11.756         4.6348         3.3885
135 11.856         4.6603         3.4155
136 11.956         4.6859         3.4433
137 12.056         4.7116         3.4716
138 12.156         4.7375         3.5001
139 12.256         4.7635         3.5283
140 12.356         4.7897         3.5564
141 12.457         4.8159         3.5843
142 12.556         4.8424         3.6147
143 12.656         4.8691         3.6443
144 12.756         4.8957         3.6701
145 12.856         4.9221         3.6919
146 12.957         4.9482         3.7138
147 13.056         4.9741         3.7375
148 13.156         5.0000         3.7623


#AGE= 8.000 BINS=146 Power-law IMF: x=-2.350
# N  sdss_r       Log10(N)       Log10(dN)
  1 -1.478        -0.3559        -0.3559
  2 -1.378        -0.0730        -0.3930
  3 -1.278         0.0880        -0.4210
  4 -1.178         0.2036        -0.4276
  5 -1.078         0.2921        -0.4423
  6 -0.978         0.3725        -0.3998
  7 -0.878         0.4447        -0.3703
  8 -0.778         0.5110        -0.3378
  9 -0.678         0.5712        -0.3166
 10 -0.578         0.6399        -0.1950
 11 -0.478         0.6865        -0.3061
 12 -0.378         0.7315        -0.2752
 13 -0.278         0.7750        -0.2453
 14 -0.178         0.8164        -0.2259
 15 -0.078         0.8548        -0.2170
 16  0.022         0.8935        -0.1763
 17  0.122         0.9331        -0.1268
 18  0.222         0.9721        -0.0936
 19  0.322         1.0106        -0.0603
 20  0.422         1.0480        -0.0357
 21  0.522         1.0918         0.0736
 22  0.622         1.1816         0.4532
 23  0.722         1.2193         0.1391
 24  0.822         1.2523         0.1163
 25  0.922         1.3611         0.7065
 26  1.022         1.3859         0.1302
 27  1.122         1.4100         0.1429
 28  1.222         1.4377         0.2292
 29  1.322         1.4657         0.2600
 30  1.422         1.4941         0.2958
 31  1.522         1.5227         0.3274
 32  1.622         1.5516         0.3605
 33  1.722         1.5808         0.3943
 34  1.822         1.6106         0.4317
 35  1.922         1.6407         0.4665
 36  2.022         1.6713         0.5037
 37  2.122         1.7023         0.5412
 38  2.222         1.7342         0.5833
 39  2.322         1.7665         0.6227
 40  2.422         1.7999         0.6690
 41  2.522         1.8353         0.7287
 42  2.622         1.8746         0.8117
 43  2.722         1.9169         0.8846
 44  2.822         1.9595         0.9306
 45  2.922         1.9995         0.9440
 46  3.022         2.0372         0.9567
 47  3.122         2.0732         0.9738
 48  3.222         2.1090         1.0077
 49  3.322         2.1485         1.0877
 50  3.422         2.4486         2.1465
 51  3.522         2.5323         1.7762
 52  3.622         2.6040         1.7863
 53  3.722         2.6686         1.8091
 54  3.822         2.7286         1.8396
 55  3.922         2.7843         1.8649
 56  4.022         2.8360         1.8859
 57  4.122         2.8884         1.9442
 58  4.222         2.9409         1.9967
 59  4.322         2.9890         2.0102
 60  4.422         3.0325         2.0109
 61  4.522         3.0732         2.0250
 62  4.622         3.1121         2.0446
 63  4.722         3.1495         2.0663
 64  4.822         3.1857         2.0892
 65  4.922         3.2206         2.1084
 66  5.022         3.2539         2.1214
 67  5.122         3.2854         2.1302
 68  5.222         3.3153         2.1384
 69  5.322         3.3439         2.1492
 70  5.422         3.3717         2.1626
 71  5.522         3.3986         2.1786
 72  5.622         3.4251         2.1962
 73  5.722         3.4507         2.2090
 74  5.822         3.4753         2.2152
 75  5.922         3.4986         2.2174
 76  6.022         3.5207         2.2172
 77  6.122         3.5419         2.2192
 78  6.222         3.5622         2.2224
 79  6.322         3.5818         2.2269
 80  6.422         3.6009         2.2330
 81  6.522         3.6192         2.2358
 82  6.622         3.6369         2.2379
 83  6.722         3.6540         2.2403
 84  6.822         3.6706         2.2442
 85  6.922         3.6868         2.2505
 86  7.022         3.7027         2.2579
 87  7.122         3.7183         2.2659
 88  7.222         3.7336         2.2728
 89  7.322         3.7486         2.2813
 90  7.422         3.7637         2.2976
 91  7.522         3.7788         2.3126
 92  7.622         3.7939         2.3272
 93  7.722         3.8090         2.3415
 94  7.822         3.8239         2.3518
 95  7.922         3.8389         2.3697
 96  8.022         3.8544         2.3987
 97  8.122         3.8699         2.4160
 98  8.222         3.8854         2.4302
 99  8.322         3.9005         2.4343
100  8.422         3.9156         2.4495
101  8.522         3.9312         2.4772
102  8.622         3.9470         2.5009
103  8.722         3.9630         2.5217
104  8.822         3.9791         2.5404
105  8.922         3.9955         2.5638
106  9.022         4.0124         2.5945
107  9.122         4.0298         2.6245
108  9.222         4.0477         2.6543
109  9.322         4.0691         2.7497
110  9.422         4.1384         3.3076
111  9.522         4.1968         3.2960
112  9.622         4.1063         3.2960
113  9.722         4.1316         2.8851
114  9.822         4.1579         2.9275
115  9.922         4.1845         2.9582
116 10.022         4.2112         2.9868
117 10.122         4.2382         3.0185
118 10.222         4.2659         3.0568
119 10.322         4.2949         3.1044
120 10.422         4.3236         3.1288
121 10.522         4.3490         3.1034
122 10.622         4.3745         3.1316
123 10.722         4.4006         3.1669
124 10.822         4.4276         3.2079
125 10.922         4.4549         3.2394
126 11.022         4.4820         3.2631
127 11.122         4.5087         3.2843
128 11.222         4.5345         3.2950
129 11.322         4.5598         3.3128
130 11.422         4.5850         3.3358
131 11.522         4.6101         3.3606
132 11.622         4.6355         3.3891
133 11.722         4.6609         3.4162
134 11.822         4.6864         3.4419
135 11.922         4.7118         3.4661
136 12.022         4.7372         3.4915
137 12.122         4.7627         3.5190
138 12.222         4.7885         3.5490
139 12.322         4.8147         3.5819
140 12.422         4.8413         3.6155
141 12.522         4.8681         3.6454
142 12.622         4.8948         3.6711
143 12.722         4.9213         3.6930
144 12.822         4.9476         3.7170
145 12.922         4.9739         3.7418
146 13.022         5.0000         3.7666


#AGE= 9.000 BINS=147 Power-law IMF: x=-2.350
# N  sdss_r       Log10(N)       Log10(dN)
  1 -1.413        -0.4226        -0.4226
  2 -1.313        -0.1352        -0.4502
  3 -1.213         0.0315        -0.4651
  4 -1.113         0.1458        -0.4898
  5 -1.013         0.2384        -0.4782
  6 -0.913         0.3180        -0.4580
  7 -0.813         0.3906        -0.4222
  8 -0.713         0.4578        -0.3862
  9 -0.613         0.5203        -0.3519
 10 -0.513         0.6006        -0.1723
 11 -0.413         0.6459        -0.3578
 12 -0.313         0.6903        -0.3226
 13 -0.213         0.7336        -0.2887
 14 -0.113         0.7745        -0.2720
 15 -0.013         0.8125        -0.2643
 16  0.087         0.8508        -0.2230
 17  0.187         0.8895        -0.1790
 18  0.287         0.9282        -0.1416
 19  0.387         0.9667        -0.1046
 20  0.487         1.0025        -0.0990
 21  0.587         1.0557         0.1172
 22  0.687         1.1352         0.3585
 23  0.787         1.1730         0.0937
 24  0.887         1.2086         0.1056
 25  0.987         1.3195         0.6721
 26  1.087         1.3421         0.0480
 27  1.187         1.3658         0.0912
 28  1.287         1.3932         0.1798
 29  1.387         1.4210         0.2135
 30  1.487         1.4493         0.2486
 31  1.587         1.4778         0.2802
 32  1.687         1.5066         0.3135
 33  1.787         1.5358         0.3494
 34  1.887         1.5655         0.3862
 35  1.987         1.5956         0.4205
 36  2.087         1.6260         0.4571
 37  2.187         1.6571         0.4964
 38  2.287         1.6887         0.5350
 39  2.387         1.7210         0.5765
 40  2.487         1.7547         0.6279
 41  2.587         1.7911         0.6964
 42  2.687         1.8310         0.7738
 43  2.787         1.8726         0.8337
 44  2.887         1.9143         0.8760
 45  2.987         1.9537         0.8914
 46  3.087         1.9913         0.9098
 47  3.187         2.0268         0.9226
 48  3.287         2.0619         0.9514
 49  3.387         2.0994         1.0167
 50  3.487         2.3219         1.9251
 51  3.587         2.4455         1.8394
 52  3.687         2.5238         1.7412
 53  3.787         2.5927         1.7592
 54  3.887         2.6559         1.7876
 55  3.987         2.7150         1.8196
 56  4.087         2.7707         1.8507
 57  4.187         2.8248         1.8933
 58  4.287         2.8773         1.9338
 59  4.387         2.9269         1.9602
 60  4.487         2.9720         1.9664
 61  4.587         3.0143         1.9815
 62  4.687         3.0547         2.0032
 63  4.787         3.0936         2.0266
 64  4.887         3.1310         2.0470
 65  4.987         3.1665         2.0614
 66  5.087         3.1999         2.0702
 67  5.187         3.2317         2.0804
 68  5.287         3.2622         2.0930
 69  5.387         3.2917         2.1097
 70  5.487         3.3204         2.1263
 71  5.587         3.3484         2.1440
 72  5.687         3.3755         2.1562
 73  5.787         3.4013         2.1626
 74  5.887         3.4258         2.1648
 75  5.987         3.4490         2.1656
 76  6.087         3.4712         2.1684
 77  6.187         3.4925         2.1726
 78  6.287         3.5131         2.1786
 79  6.387         3.5330         2.1836
 80  6.487         3.5521         2.1877
 81  6.587         3.5706         2.1905
 82  6.687         3.5885         2.1941
 83  6.787         3.6059         2.1989
 84  6.887         3.6228         2.2048
 85  6.987         3.6393         2.2112
 86  7.087         3.6554         2.2174
 87  7.187         3.6712         2.2234
 88  7.287         3.6868         2.2335
 89  7.387         3.7022         2.2451
 90  7.487         3.7178         2.2639
 91  7.587         3.7333         2.2794
 92  7.687         3.7487         2.2902
 93  7.787         3.7640         2.3039
 94  7.887         3.7792         2.3169
 95  7.987         3.7949         2.3436
 96  8.087         3.8110         2.3718
 97  8.187         3.8267         2.3788
 98  8.287         3.8423         2.3897
 99  8.387         3.8578         2.4005
100  8.487         3.8735         2.4254
101  8.587         3.8896         2.4508
102  8.687         3.9059         2.4719
103  8.787         3.9223         2.4908
104  8.887         3.9389         2.5137
105  8.987         3.9560         2.5413
106  9.087         3.9736         2.5736
107  9.187         3.9917         2.6019
108  9.287         4.0106         2.6409
109  9.387         4.0312         2.6962
110  9.487         4.0429         2.4692
111  9.587         4.0555         2.5112
112  9.687         4.0730         2.6696
113  9.787         4.0948         2.7839
114  9.887         4.1201         2.8732
115  9.987         4.1482         2.9446
116 10.087         4.1780         3.0001
117 10.187         4.2084         3.0384
118 10.287         4.2382         3.0597
119 10.387         4.2679         3.0880
120 10.487         4.2944         3.0665
121 10.587         4.3208         3.0920
122 10.687         4.3471         3.1158
123 10.787         4.3742         3.1553
124 10.887         4.4018         3.1922
125 10.987         4.4292         3.2155
126 11.087         4.4562         3.2366
127 11.187         4.4824         3.2487
128 11.287         4.5079         3.2652
129 11.387         4.5332         3.2852
130 11.487         4.5584         3.3098
131 11.587         4.5838         3.3379
132 11.687         4.6092         3.3635
133 11.787         4.6345         3.3868
134 11.887         4.6597         3.4111
135 11.987         4.6850         3.4386
136 12.087         4.7107         3.4693
137 12.187         4.7366         3.5005
138 12.287         4.7629         3.5305
139 12.387         4.7892         3.5591
140 12.487         4.8156         3.5862
141 12.587         4.8422         3.6152
142 12.687         4.8689         3.6444
143 12.787         4.8955         3.6701
144 12.887         4.9219         3.6923
145 12.987         4.9480         3.7147
146 13.087         4.9741         3.7386
147 13.187         5.0000         3.7633


#AGE=10.000 BINS=145 Power-law IMF: x=-2.350
# N  sdss_r       Log10(N)       Log10(dN)
  1 -1.391        -0.3117        -0.3117
  2 -1.291        -0.0571        -0.4101
  3 -1.191         0.0982        -0.4238
  4 -1.091         0.2078        -0.4436
  5 -0.991         0.2943        -0.4489
  6 -0.891         0.3704        -0.4236
  7 -0.791         0.4402        -0.3883
  8 -0.691         0.5053        -0.3507
  9 -0.591         0.5632        -0.3408
 10 -0.491         0.6546        -0.0673
 11 -0.391         0.7025        -0.2789
 12 -0.291         0.7440        -0.2964
 13 -0.191         0.7848        -0.2616
 14 -0.091         0.8250        -0.2292
 15  0.009         0.8613        -0.2342
 16  0.109         0.8979        -0.1940
 17  0.209         0.9351        -0.1509
 18  0.309         0.9725        -0.1112
 19  0.409         1.0096        -0.0766
 20  0.509         1.0460        -0.0492
 21  0.609         1.0838         0.0044
 22  0.709         1.1708         0.4299
 23  0.809         1.2112         0.1595
 24  0.909         1.2440         0.1067
 25  1.009         1.3624         0.7402
 26  1.109         1.3865         0.1188
 27  1.209         1.4077         0.0842
 28  1.309         1.4327         0.1812
 29  1.409         1.4602         0.2483
 30  1.509         1.4881         0.2809
 31  1.609         1.5162         0.3132
 32  1.709         1.5446         0.3460
 33  1.809         1.5736         0.3840
 34  1.909         1.6029         0.4176
 35  2.009         1.6326         0.4536
 36  2.109         1.6628         0.4890
 37  2.209         1.6935         0.5280
 38  2.309         1.7246         0.5648
 39  2.409         1.7566         0.6077
 40  2.509         1.7899         0.6576
 41  2.609         1.8256         0.7227
 42  2.709         1.8641         0.7925
 43  2.809         1.9045         0.8535
 44  2.909         1.9458         0.9038
 45  3.009         1.9849         0.9197
 46  3.109         2.0222         0.9375
 47  3.209         2.0574         0.9483
 48  3.309         2.0914         0.9680
 49  3.409         2.1260         1.0111
 50  3.509         2.1656         1.1058
 51  3.609         2.4057         2.0338
 52  3.709         2.5029         1.8049
 53  3.809         2.5806         1.7949
 54  3.909         2.6502         1.8205
 55  4.009         2.7144         1.8528
 56  4.109         2.7737         1.8795
 57  4.209         2.8292         1.9083
 58  4.309         2.8830         1.9496
 59  4.409         2.9359         1.9954
 60  4.509         2.9847         2.0107
 61  4.609         3.0297         2.0230
 62  4.709         3.0723         2.0430
 63  4.809         3.1129         2.0631
 64  4.909         3.1515         2.0815
 65  5.009         3.1880         2.0939
 66  5.109         3.2224         2.1049
 67  5.209         3.2554         2.1192
 68  5.309         3.2872         2.1360
 69  5.409         3.3181         2.1555
 70  5.509         3.3482         2.1730
 71  5.609         3.3772         2.1882
 72  5.709         3.4049         2.1958
 73  5.809         3.4312         2.1995
 74  5.909         3.4561         2.2022
 75  6.009         3.4798         2.2046
 76  6.109         3.5024         2.2089
 77  6.209         3.5243         2.2154
 78  6.309         3.5454         2.2212
 79  6.409         3.5658         2.2269
 80  6.509         3.5854         2.2307
 81  6.609         3.6043         2.2333
 82  6.709         3.6227         2.2400
 83  6.809         3.6406         2.2471
 84  6.909         3.6579         2.2499
 85  7.009         3.6747         2.2545
 86  7.109         3.6911         2.2608
 87  7.209         3.7072         2.2680
 88  7.309         3.7232         2.2801
 89  7.409         3.7391         2.2947
 90  7.509         3.7550         2.3116
 91  7.609         3.7710         2.3278
 92  7.709         3.7866         2.3358
 93  7.809         3.8022         2.3498
 94  7.909         3.8180         2.3698
 95  8.009         3.8341         2.3952
 96  8.109         3.8505         2.4205
 97  8.209         3.8665         2.4249
 98  8.309         3.8824         2.4367
 99  8.409         3.8982         2.4520
100  8.509         3.9144         2.4785
101  8.609         3.9309         2.5031
102  8.709         3.9475         2.5214
103  8.809         3.9643         2.5421
104  8.909         3.9813         2.5671
105  9.009         3.9989         2.5956
106  9.109         4.0169         2.6268
107  9.209         4.0354         2.6559
108  9.309         4.0545         2.6877
109  9.409         4.0742         2.7211
110  9.509         4.0943         2.7495
111  9.609         4.1148         2.7794
112  9.709         4.1362         2.8170
113  9.809         4.1583         2.8538
114  9.909         4.1810         2.8885
115 10.009         4.2047         2.9308
116 10.109         4.2300         2.9822
117 10.209         4.2575         3.0447
118 10.309         4.2876         3.1144
119 10.409         4.3171         3.1335
120 10.509         4.3440         3.1239
121 10.609         4.3709         3.1493
122 10.709         4.3978         3.1762
123 10.809         4.4254         3.2149
124 10.909         4.4533         3.2466
125 11.009         4.4809         3.2704
126 11.109         4.5078         3.2864
127 11.209         4.5339         3.3004
128 11.309         4.5596         3.3177
129 11.409         4.5849         3.3376
130 11.509         4.6102         3.3632
131 11.609         4.6355         3.3883
132 11.709         4.6608         3.4143
133 11.809         4.6862         3.4403
134 11.909         4.7116         3.4662
135 12.009         4.7370         3.4909
136 12.109         4.7624         3.5176
137 12.209         4.7881         3.5471
138 12.309         4.8142         3.5798
139 12.409         4.8408         3.6142
140 12.509         4.8676         3.6449
141 12.609         4.8944         3.6712
142 12.709         4.9209         3.6938
143 12.809         4.9473         3.7188
144 12.909         4.9737         3.7440
145 13.009         5.0000         3.7687


#AGE=11.000 BINS=146 Power-law IMF: x=-2.350
# N  sdss_r       Log10(N)       Log10(dN)
  1 -1.354        -0.2973        -0.2973
  2 -1.254        -0.0700        -0.4599
  3 -1.154         0.0794        -0.4567
  4 -1.054         0.1813        -0.4983
  5 -0.954         0.2660        -0.4857
  6 -0.854         0.3381        -0.4771
  7 -0.754         0.4065        -0.4303
  8 -0.654         0.4673        -0.4164
  9 -0.554         0.5267        -0.3664
 10 -0.454         0.6092        -0.1531
 11 -0.354         0.6540        -0.3546
 12 -0.254         0.6961        -0.3382
 13 -0.154         0.7369        -0.3099
 14 -0.054         0.7768        -0.2806
 15  0.046         0.8146        -0.2647
 16  0.146         0.8503        -0.2517
 17  0.246         0.8878        -0.1955
 18  0.346         0.9251        -0.1585
 19  0.446         0.9623        -0.1233
 20  0.546         0.9996        -0.0861
 21  0.646         1.0342        -0.0814
 22  0.746         1.1184         0.3647
 23  0.846         1.1626         0.1482
 24  0.946         1.1965         0.0714
 25  1.046         1.2700         0.4622
 26  1.146         1.3446         0.5432
 27  1.246         1.3648         0.0224
 28  1.346         1.3867         0.0778
 29  1.446         1.4137         0.1945
 30  1.546         1.4416         0.2354
 31  1.646         1.4697         0.2670
 32  1.746         1.4984         0.3036
 33  1.846         1.5274         0.3374
 34  1.946         1.5570         0.3752
 35  2.046         1.5866         0.4057
 36  2.146         1.6169         0.4459
 37  2.246         1.6475         0.4804
 38  2.346         1.6787         0.5189
 39  2.446         1.7103         0.5569
 40  2.546         1.7435         0.6102
 41  2.646         1.7784         0.6660
 42  2.746         1.8170         0.7471
 43  2.846         1.8579         0.8112
 44  2.946         1.8984         0.8482
 45  3.046         1.9363         0.8582
 46  3.146         1.9727         0.8783
 47  3.246         2.0070         0.8873
 48  3.346         2.0401         0.9053
 49  3.446         2.0735         0.9428
 50  3.546         2.1099         1.0149
 51  3.646         2.1634         1.2278
 52  3.746         2.4083         2.0428
 53  3.846         2.4968         1.7621
 54  3.946         2.5721         1.7744
 55  4.046         2.6403         1.8028
 56  4.146         2.7032         1.8330
 57  4.246         2.7612         1.8584
 58  4.346         2.8170         1.8980
 59  4.446         2.8714         1.9424
 60  4.546         2.9237         1.9785
 61  4.646         2.9712         1.9866
 62  4.746         3.0154         2.0013
 63  4.846         3.0571         2.0180
 64  4.946         3.0964         2.0334
 65  5.046         3.1335         2.0476
 66  5.146         3.1691         2.0645
 67  5.246         3.2033         2.0823
 68  5.346         3.2365         2.1030
 69  5.446         3.2686         2.1220
 70  5.546         3.2996         2.1378
 71  5.646         3.3292         2.1484
 72  5.746         3.3572         2.1521
 73  5.846         3.3836         2.1551
 74  5.946         3.4088         2.1595
 75  6.046         3.4328         2.1634
 76  6.146         3.4560         2.1709
 77  6.246         3.4783         2.1781
 78  6.346         3.4998         2.1836
 79  6.446         3.5205         2.1886
 80  6.546         3.5404         2.1916
 81  6.646         3.5597         2.1970
 82  6.746         3.5784         2.2045
 83  6.846         3.5966         2.2099
 84  6.946         3.6142         2.2136
 85  7.046         3.6314         2.2186
 86  7.146         3.6481         2.2251
 87  7.246         3.6645         2.2341
 88  7.346         3.6808         2.2474
 89  7.446         3.6972         2.2655
 90  7.546         3.7135         2.2794
 91  7.646         3.7296         2.2926
 92  7.746         3.7456         2.3016
 93  7.846         3.7615         2.3196
 94  7.946         3.7779         2.3451
 95  8.046         3.7945         2.3688
 96  8.146         3.8112         2.3872
 97  8.246         3.8274         2.3912
 98  8.346         3.8435         2.4063
 99  8.446         3.8598         2.4250
100  8.546         3.8765         2.4530
101  8.646         3.8934         2.4753
102  8.746         3.9104         2.4947
103  8.846         3.9275         2.5141
104  8.946         3.9450         2.5423
105  9.046         3.9631         2.5727
106  9.146         3.9816         2.6034
107  9.246         4.0007         2.6324
108  9.346         4.0203         2.6651
109  9.446         4.0404         2.6974
110  9.546         4.0610         2.7256
111  9.646         4.0821         2.7581
112  9.746         4.1041         2.7975
113  9.846         4.1269         2.8357
114  9.946         4.1505         2.8750
115 10.046         4.1753         2.9188
116 10.146         4.2014         2.9683
117 10.246         4.2294         3.0235
118 10.346         4.2601         3.0946
119 10.446         4.2885         3.0896
120 10.546         4.3161         3.1064
121 10.646         4.3434         3.1285
122 10.746         4.3710         3.1604
123 10.846         4.3990         3.1943
124 10.946         4.4271         3.2232
125 11.046         4.4546         3.2428
126 11.146         4.4814         3.2585
127 11.246         4.5075         3.2730
128 11.346         4.5330         3.2896
129 11.446         4.5584         3.3127
130 11.546         4.5838         3.3374
131 11.646         4.6092         3.3651
132 11.746         4.6347         3.3898
133 11.846         4.6599         3.4111
134 11.946         4.6850         3.4351
135 12.046         4.7104         3.4645
136 12.146         4.7362         3.4964
137 12.246         4.7622         3.5268
138 12.346         4.7884         3.5562
139 12.446         4.8148         3.5845
140 12.546         4.8414         3.6153
141 12.646         4.8682         3.6454
142 12.746         4.8949         3.6714
143 12.846         4.9214         3.6936
144 12.946         4.9477         3.7168
145 13.046         4.9739         3.7411
146 13.146         5.0000         3.7658


#AGE=12.000 BINS=143 Power-law IMF: x=-2.350
# N  sdss_r       Log10(N)       Log10(dN)
  1 -1.263        -0.3895        -0.3895
  2 -1.163        -0.0942        -0.4012
  3 -1.063         0.0682        -0.4377
  4 -0.963         0.1826        -0.4527
  5 -0.863         0.2757        -0.4388
  6 -0.763         0.3568        -0.4118
  7 -0.663         0.4295        -0.3826
  8 -0.563         0.4965        -0.3482
  9 -0.463         0.5603        -0.3039
 10 -0.363         0.6643        -0.0076
 11 -0.263         0.7079        -0.3120
 12 -0.163         0.7501        -0.2833
 13 -0.063         0.7915        -0.2493
 14  0.037         0.8309        -0.2316
 15  0.137         0.8678        -0.2210
 16  0.237         0.9055        -0.1744
 17  0.337         0.9438        -0.1306
 18  0.437         0.9819        -0.0932
 19  0.537         1.0194        -0.0627
 20  0.637         1.0533        -0.0719
 21  0.737         1.1177         0.2574
 22  0.837         1.1825         0.3244
 23  0.937         1.2203         0.1413
 24  1.037         1.2547         0.1359
 25  1.137         1.3552         0.6705
 26  1.237         1.3994         0.3847
 27  1.337         1.4196         0.0777
 28  1.437         1.4429         0.1601
 29  1.537         1.4702         0.2550
 30  1.637         1.4983         0.2963
 31  1.737         1.5269         0.3309
 32  1.837         1.5559         0.3657
 33  1.937         1.5853         0.4015
 34  2.037         1.6149         0.4343
 35  2.137         1.6452         0.4729
 36  2.237         1.6757         0.5073
 37  2.337         1.7067         0.5443
 38  2.437         1.7384         0.5866
 39  2.537         1.7706         0.6242
 40  2.637         1.8044         0.6787
 41  2.737         1.8414         0.7542
 42  2.837         1.8819         0.8314
 43  2.937         1.9231         0.8791
 44  3.037         1.9620         0.8951
 45  3.137         1.9989         0.9102
 46  3.237         2.0341         0.9246
 47  3.337         2.0676         0.9383
 48  3.437         2.1005         0.9637
 49  3.537         2.1343         1.0087
 50  3.637         2.1723         1.0953
 51  3.737         2.2428         1.4189
 52  3.837         2.4627         2.0616
 53  3.937         2.5522         1.8223
 54  4.037         2.6284         1.8353
 55  4.137         2.6977         1.8666
 56  4.237         2.7614         1.8959
 57  4.337         2.8202         1.9230
 58  4.437         2.8768         1.9638
 59  4.537         2.9319         2.0083
 60  4.637         2.9839         2.0362
 61  4.737         3.0310         2.0429
 62  4.837         3.0745         2.0538
 63  4.937         3.1156         2.0706
 64  5.037         3.1545         2.0882
 65  5.137         3.1919         2.1076
 66  5.237         3.2279         2.1296
 67  5.337         3.2630         2.1523
 68  5.437         3.2967         2.1695
 69  5.537         3.3288         2.1821
 70  5.637         3.3594         2.1928
 71  5.737         3.3883         2.1956
 72  5.837         3.4156         2.2009
 73  5.937         3.4416         2.2059
 74  6.037         3.4664         2.2117
 75  6.137         3.4904         2.2203
 76  6.237         3.5135         2.2278
 77  6.337         3.5357         2.2327
 78  6.437         3.5570         2.2381
 79  6.537         3.5776         2.2422
 80  6.637         3.5974         2.2475
 81  6.737         3.6168         2.2562
 82  6.837         3.6355         2.2598
 83  6.937         3.6536         2.2644
 84  7.037         3.6711         2.2696
 85  7.137         3.6883         2.2764
 86  7.237         3.7052         2.2861
 87  7.337         3.7219         2.2988
 88  7.437         3.7386         2.3165
 89  7.537         3.7553         2.3316
 90  7.637         3.7718         2.3425
 91  7.737         3.7881         2.3543
 92  7.837         3.8043         2.3692
 93  7.937         3.8211         2.3985
 94  8.037         3.8380         2.4213
 95  8.137         3.8551         2.4410
 96  8.237         3.8716         2.4440
 97  8.337         3.8880         2.4575
 98  8.437         3.9047         2.4794
 99  8.537         3.9216         2.5050
100  8.637         3.9388         2.5281
101  8.737         3.9561         2.5477
102  8.837         3.9736         2.5684
103  8.937         3.9914         2.5953
104  9.037         4.0097         2.6250
105  9.137         4.0285         2.6560
106  9.237         4.0478         2.6855
107  9.337         4.0677         2.7185
108  9.437         4.0881         2.7515
109  9.537         4.1090         2.7795
110  9.637         4.1303         2.8105
111  9.737         4.1523         2.8464
112  9.837         4.1748         2.8788
113  9.937         4.1982         2.9167
114 10.037         4.2229         2.9658
115 10.137         4.2497         3.0263
116 10.237         4.2784         3.0842
117 10.337         4.3088         3.1397
118 10.437         4.3380         3.1499
119 10.537         4.3664         3.1692
120 10.637         4.3939         3.1815
121 10.737         4.4220         3.2179
122 10.837         4.4502         3.2494
123 10.937         4.4785         3.2779
124 11.037         4.5062         3.2977
125 11.137         4.5333         3.3151
126 11.237         4.5595         3.3266
127 11.337         4.5852         3.3451
128 11.437         4.6106         3.3655
129 11.537         4.6361         3.3917
130 11.637         4.6616         3.4167
131 11.737         4.6869         3.4403
132 11.837         4.7122         3.4650
133 11.937         4.7375         3.4906
134 12.037         4.7628         3.5154
135 12.137         4.7883         3.5435
136 12.237         4.8141         3.5758
137 12.337         4.8404         3.6103
138 12.437         4.8671         3.6417
139 12.537         4.8938         3.6691
140 12.637         4.9203         3.6936
141 12.737         4.9470         3.7209
142 12.837         4.9735         3.7472
143 12.937         5.0000         3.7716


#AGE=13.000 BINS=144 Power-law IMF: x=-2.350
# N  sdss_r       Log10(N)       Log10(dN)
  1 -1.246        -0.4064        -0.4064
  2 -1.146        -0.1231        -0.4427
  3 -1.046         0.0397        -0.4653
  4 -0.946         0.1510        -0.4945
  5 -0.846         0.2413        -0.4852
  6 -0.746         0.3203        -0.4586
  7 -0.646         0.3920        -0.4256
  8 -0.546         0.4586        -0.3890
  9 -0.446         0.5205        -0.3558
 10 -0.346         0.6074        -0.1341
 11 -0.246         0.6539        -0.3398
 12 -0.146         0.6970        -0.3273
 13 -0.046         0.7391        -0.2952
 14  0.054         0.7796        -0.2711
 15  0.154         0.8173        -0.2628
 16  0.254         0.8554        -0.2202
 17  0.354         0.8938        -0.1789
 18  0.454         0.9323        -0.1387
 19  0.554         0.9707        -0.1027
 20  0.654         1.0070        -0.0884
 21  0.754         1.0524         0.0494
 22  0.854         1.1315         0.3528
 23  0.954         1.1722         0.1234
 24  1.054         1.2070         0.0941
 25  1.154         1.2792         0.4646
 26  1.254         1.3583         0.5793
 27  1.354         1.3793         0.0544
 28  1.454         1.4002         0.0719
 29  1.554         1.4263         0.1921
 30  1.654         1.4546         0.2538
 31  1.754         1.4832         0.2878
 32  1.854         1.5123         0.3243
 33  1.954         1.5418         0.3594
 34  2.054         1.5715         0.3914
 35  2.154         1.6018         0.4305
 36  2.254         1.6322         0.4629
 37  2.354         1.6632         0.5014
 38  2.454         1.6949         0.5416
 39  2.554         1.7271         0.5811
 40  2.654         1.7605         0.6296
 41  2.754         1.7969         0.7019
 42  2.854         1.8368         0.7803
 43  2.954         1.8778         0.8323
 44  3.054         1.9173         0.8566
 45  3.154         1.9549         0.8742
 46  3.254         1.9908         0.8899
 47  3.354         2.0249         0.9034
 48  3.454         2.0580         0.9230
 49  3.554         2.0911         0.9565
 50  3.654         2.1263         1.0176
 51  3.754         2.1703         1.1545
 52  3.854         2.3539         1.8914
 53  3.954         2.4672         1.8284
 54  4.054         2.5521         1.8013
 55  4.154         2.6265         1.8237
 56  4.254         2.6945         1.8559
 57  4.354         2.7569         1.8832
 58  4.454         2.8149         1.9121
 59  4.554         2.8707         1.9515
 60  4.654         2.9246         1.9922
 61  4.754         2.9738         2.0032
 62  4.854         3.0188         2.0123
 63  4.954         3.0612         2.0299
 64  5.054         3.1016         2.0501
 65  5.154         3.1405         2.0729
 66  5.254         3.1782         2.0986
 67  5.354         3.2146         2.1192
 68  5.454         3.2492         2.1332
 69  5.554         3.2820         2.1440
 70  5.654         3.3129         2.1498
 71  5.754         3.3421         2.1559
 72  5.854         3.3700         2.1627
 73  5.954         3.3965         2.1696
 74  6.054         3.4220         2.1771
 75  6.154         3.4465         2.1867
 76  6.254         3.4701         2.1935
 77  6.354         3.4927         2.1981
 78  6.454         3.5145         2.2035
 79  6.554         3.5354         2.2083
 80  6.654         3.5557         2.2155
 81  6.754         3.5755         2.2228
 82  6.854         3.5944         2.2247
 83  6.954         3.6128         2.2302
 84  7.054         3.6307         2.2368
 85  7.154         3.6481         2.2437
 86  7.254         3.6654         2.2556
 87  7.354         3.6826         2.2714
 88  7.454         3.6997         2.2877
 89  7.554         3.7167         2.3002
 90  7.654         3.7334         2.3101
 91  7.754         3.7500         2.3239
 92  7.854         3.7666         2.3411
 93  7.954         3.7838         2.3730
 94  8.054         3.8012         2.3939
 95  8.154         3.8184         2.4097
 96  8.254         3.8352         2.4141
 97  8.354         3.8520         2.4297
 98  8.454         3.8689         2.4522
 99  8.554         3.8863         2.4790
100  8.654         3.9038         2.5012
101  8.754         3.9215         2.5211
102  8.854         3.9393         2.5441
103  8.954         3.9575         2.5709
104  9.054         3.9761         2.5997
105  9.154         3.9953         2.6298
106  9.254         4.0149         2.6607
107  9.354         4.0352         2.6952
108  9.454         4.0561         2.7272
109  9.554         4.0773         2.7544
110  9.654         4.0990         2.7874
111  9.754         4.1215         2.8256
112  9.854         4.1449         2.8632
113  9.954         4.1692         2.9051
114 10.054         4.1946         2.9504
115 10.154         4.2213         2.9964
116 10.254         4.2499         3.0531
117 10.354         4.2805         3.1143
118 10.454         4.3094         3.1176
119 10.554         4.3385         3.1501
120 10.654         4.3664         3.1605
121 10.754         4.3948         3.1958
122 10.854         4.4234         3.2284
123 10.954         4.4518         3.2529
124 11.054         4.4797         3.2740
125 11.154         4.5066         3.2855
126 11.254         4.5329         3.3015
127 11.354         4.5586         3.3186
128 11.454         4.5842         3.3413
129 11.554         4.6097         3.3651
130 11.654         4.6352         3.3921
131 11.754         4.6607         3.4162
132 11.854         4.6858         3.4364
133 11.954         4.7110         3.4605
134 12.054         4.7364         3.4908
135 12.154         4.7620         3.5207
136 12.254         4.7879         3.5503
137 12.354         4.8140         3.5803
138 12.454         4.8406         3.6133
139 12.554         4.8674         3.6448
140 12.654         4.8942         3.6717
141 12.754         4.9208         3.6945
142 12.854         4.9473         3.7194
143 12.954         4.9737         3.7445
144 13.054         5.0000         3.7691
