#NUMBER OF AGES=15
#----------------------------------------------------       
#MIX-LEN  Y      Z          Zeff        [Fe/H] [a/Fe]       
# 1.9380  0.2945 3.0712E-02 3.0712E-02   0.30   0.00        
#----------------------------------------------------       
#**PHOTOMETRIC SYSTEM**: SDSS (AB)                          
#----------------------------------------------------       
#AGE= 0.010 BINS=140 Power-law IMF: x=-2.350
# N  sdss_r       Log10(N)       Log10(dN)
  1 -2.261         1.7009         1.7009
  2 -2.161         2.0075         1.7121
  3 -2.061         2.1888         1.7219
  4 -1.961         2.3178         1.7276
  5 -1.861         2.4184         1.7340
  6 -1.761         2.5020         1.7453
  7 -1.661         2.5714         1.7406
  8 -1.561         2.6313         1.7412
  9 -1.461         2.6842         1.7440
 10 -1.361         2.7311         1.7408
 11 -1.261         2.7726         1.7321
 12 -1.161         2.8094         1.7192
 13 -1.061         2.8423         1.7062
 14 -0.961         2.8722         1.6944
 15 -0.861         2.8996         1.6866
 16 -0.761         2.9248         1.6752
 17 -0.661         2.9479         1.6620
 18 -0.561         2.9692         1.6505
 19 -0.461         3.0059         1.9148
 20 -0.361         3.0497         2.0308
 21 -0.261         3.0923         2.0638
 22 -0.161         3.1298         2.0465
 23 -0.061         3.1649         2.0559
 24  0.039         3.1978         2.0605
 25  0.139         3.2292         2.0720
 26  0.239         3.2578         2.0634
 27  0.339         3.2854         2.0744
 28  0.439         3.3121         2.0867
 29  0.539         3.3379         2.0995
 30  0.639         3.3643         2.1349
 31  0.739         3.3942         2.2172
 32  0.839         3.4221         2.2154
 33  0.939         3.4532         2.2932
 34  1.039         3.4776         2.2151
 35  1.139         3.5006         2.2126
 36  1.239         3.5226         2.2166
 37  1.339         3.5440         2.2266
 38  1.439         3.5653         2.2446
 39  1.539         3.5925         2.3764
 40  1.639         3.6223         2.4439
 41  1.739         3.6508         2.4529
 42  1.839         3.6769         2.4437
 43  1.939         3.6987         2.3880
 44  2.039         3.7157         2.3010
 45  2.139         3.7318         2.2927
 46  2.239         3.7473         2.2925
 47  2.339         3.7626         2.3004
 48  2.439         3.7768         2.2848
 49  2.539         3.7887         2.2208
 50  2.639         3.8005         2.2270
 51  2.739         3.8121         2.2335
 52  2.839         3.8246         2.2765
 53  2.939         3.8381         2.3238
 54  3.039         3.8511         2.3218
 55  3.139         3.8635         2.3120
 56  3.239         3.8752         2.3030
 57  3.339         3.8866         2.2978
 58  3.439         3.8976         2.2972
 59  3.539         3.9085         2.3018
 60  3.639         3.9194         2.3121
 61  3.739         3.9304         2.3284
 62  3.839         3.9421         2.3686
 63  3.939         3.9558         2.4463
 64  4.039         3.9693         2.4565
 65  4.139         3.9824         2.4542
 66  4.239         3.9954         2.4652
 67  4.339         4.0131         2.6143
 68  4.439         4.0284         2.5690
 69  4.539         4.0422         2.5358
 70  4.639         4.0588         2.6334
 71  4.739         4.0737         2.6013
 72  4.839         4.0860         2.5329
 73  4.939         4.0950         2.4061
 74  5.039         4.1040         2.4180
 75  5.139         4.1131         2.4301
 76  5.239         4.1206         2.3546
 77  5.339         4.1270         2.2889
 78  5.439         4.1333         2.2940
 79  5.539         4.1396         2.2990
 80  5.639         4.1459         2.3041
 81  5.739         4.1522         2.3091
 82  5.839         4.1585         2.3142
 83  5.939         4.1647         2.3192
 84  6.039         4.1710         2.3243
 85  6.139         4.1772         2.3293
 86  6.239         4.1834         2.3344
 87  6.339         4.1895         2.3394
 88  6.439         4.1957         2.3445
 89  6.539         4.2018         2.3495
 90  6.639         4.2080         2.3546
 91  6.739         4.2141         2.3597
 92  6.839         4.2195         2.3093
 93  6.939         4.2250         2.3258
 94  7.039         4.2322         2.4472
 95  7.139         4.2393         2.4497
 96  7.239         4.2464         2.4558
 97  7.339         4.2535         2.4656
 98  7.439         4.2607         2.4793
 99  7.539         4.2682         2.4970
100  7.639         4.2758         2.5186
101  7.739         4.2838         2.5439
102  7.839         4.2920         2.5668
103  7.939         4.3005         2.5868
104  8.039         4.3092         2.6057
105  8.139         4.3181         2.6233
106  8.239         4.3271         2.6396
107  8.339         4.3322         2.3998
108  8.439         4.3381         2.4657
109  8.539         4.3503         2.7928
110  8.639         4.3742         3.1037
111  8.739         4.3950         3.0653
112  8.839         4.4091         2.9139
113  8.939         4.4403         3.2807
114  9.039         4.4707         3.3012
115  9.139         4.5002         3.3168
116  9.239         4.5284         3.3273
117  9.339         4.5552         3.3321
118  9.439         4.5803         3.3302
119  9.539         4.6034         3.3179
120  9.639         4.6244         3.2970
121  9.739         4.6433         3.2734
122  9.839         4.6606         3.2526
123  9.939         4.6769         3.2421
124 10.039         4.6927         3.2468
125 10.139         4.7089         3.2711
126 10.239         4.7262         3.3183
127 10.339         4.7450         3.3728
128 10.439         4.7744         3.5894
129 10.539         4.7937         3.4336
130 10.639         4.8125         3.4382
131 10.739         4.8313         3.4581
132 10.839         4.8501         3.4776
133 10.939         4.8689         3.4968
134 11.039         4.8878         3.5157
135 11.139         4.9066         3.5343
136 11.239         4.9254         3.5524
137 11.339         4.9442         3.5702
138 11.439         4.9629         3.5875
139 11.539         4.9815         3.6044
140 11.639         5.0000         3.6208


#AGE= 0.100 BINS=139 Power-law IMF: x=-2.350
# N  sdss_r       Log10(N)       Log10(dN)
  1 -2.030        -0.5096        -0.5096
  2 -1.930        -0.1199        -0.3473
  3 -1.830         0.0466        -0.4503
  4 -1.730         0.2049        -0.3104
  5 -1.630         0.8311         0.7139
  6 -1.530         1.7771         1.7249
  7 -1.430         2.0558         1.7313
  8 -1.330         2.2271         1.7402
  9 -1.230         2.3531         1.7541
 10 -1.130         2.4512         1.7569
 11 -1.030         2.5310         1.7561
 12 -0.930         2.5981         1.7541
 13 -0.830         2.6559         1.7513
 14 -0.730         2.7066         1.7490
 15 -0.630         2.7515         1.7439
 16 -0.530         2.7911         1.7310
 17 -0.430         2.8278         1.7364
 18 -0.330         2.8813         1.9456
 19 -0.230         2.9426         2.0618
 20 -0.130         2.9990         2.0843
 21 -0.030         3.0473         2.0697
 22  0.070         3.0917         2.0796
 23  0.170         3.1320         2.0799
 24  0.270         3.1695         2.0869
 25  0.370         3.2038         2.0843
 26  0.470         3.2362         2.0927
 27  0.570         3.2672         2.1052
 28  0.670         3.2970         2.1180
 29  0.770         3.3272         2.1551
 30  0.870         3.3597         2.2181
 31  0.970         3.3907         2.2281
 32  1.070         3.4193         2.2235
 33  1.170         3.4454         2.2117
 34  1.270         3.4705         2.2206
 35  1.370         3.4945         2.2252
 36  1.470         3.5180         2.2394
 37  1.570         3.5410         2.2522
 38  1.670         3.5692         2.3675
 39  1.770         3.6007         2.4456
 40  1.870         3.6305         2.4532
 41  1.970         3.6580         2.4452
 42  2.070         3.6775         2.3210
 43  2.170         3.6953         2.2979
 44  2.270         3.7121         2.2903
 45  2.370         3.7282         2.2914
 46  2.470         3.7442         2.3011
 47  2.570         3.7578         2.2485
 48  2.670         3.7703         2.2203
 49  2.770         3.7825         2.2260
 50  2.870         3.7945         2.2319
 51  2.970         3.8069         2.2566
 52  3.070         3.8209         2.3217
 53  3.170         3.8344         2.3196
 54  3.270         3.8471         2.3083
 55  3.370         3.8592         2.2982
 56  3.470         3.8709         2.2927
 57  3.570         3.8822         2.2928
 58  3.670         3.8934         2.2990
 59  3.770         3.9046         2.3120
 60  3.870         3.9161         2.3321
 61  3.970         3.9280         2.3592
 62  4.070         3.9415         2.4277
 63  4.170         3.9553         2.4504
 64  4.270         3.9685         2.4464
 65  4.370         3.9847         2.5459
 66  4.470         4.0009         2.5649
 67  4.570         4.0154         2.5340
 68  4.670         4.0308         2.5709
 69  4.770         4.0465         2.5982
 70  4.870         4.0608         2.5719
 71  4.970         4.0702         2.3979
 72  5.070         4.0794         2.4014
 73  5.170         4.0887         2.4141
 74  5.270         4.0977         2.4113
 75  5.370         4.1043         2.2821
 76  5.470         4.1109         2.2873
 77  5.570         4.1174         2.2925
 78  5.670         4.1240         2.2977
 79  5.770         4.1305         2.3030
 80  5.870         4.1369         2.3082
 81  5.970         4.1434         2.3134
 82  6.070         4.1499         2.3186
 83  6.170         4.1563         2.3238
 84  6.270         4.1627         2.3290
 85  6.370         4.1691         2.3343
 86  6.470         4.1755         2.3395
 87  6.570         4.1819         2.3447
 88  6.670         4.1882         2.3499
 89  6.770         4.1946         2.3551
 90  6.870         4.2009         2.3604
 91  6.970         4.2072         2.3656
 92  7.070         4.2124         2.2898
 93  7.170         4.2197         2.4435
 94  7.270         4.2270         2.4456
 95  7.370         4.2342         2.4516
 96  7.470         4.2415         2.4617
 97  7.570         4.2489         2.4762
 98  7.670         4.2564         2.4950
 99  7.770         4.2643         2.5181
100  7.870         4.2725         2.5443
101  7.970         4.2810         2.5664
102  8.070         4.2897         2.5865
103  8.170         4.2985         2.6053
104  8.270         4.3076         2.6228
105  8.370         4.3168         2.6387
106  8.470         4.3234         2.5004
107  8.570         4.3297         2.4905
108  8.670         4.3372         2.5660
109  8.770         4.3434         2.5016
110  8.870         4.3532         2.6999
111  8.970         4.3789         3.1378
112  9.070         4.4128         3.2884
113  9.170         4.4460         3.3134
114  9.270         4.4782         3.3322
115  9.370         4.5090         3.3447
116  9.470         4.5382         3.3503
117  9.570         4.5653         3.3479
118  9.670         4.5901         3.3339
119  9.770         4.6120         3.3047
120  9.870         4.6315         3.2726
121  9.970         4.6491         3.2482
122 10.070         4.6657         3.2388
123 10.170         4.6821         3.2511
124 10.270         4.6993         3.2908
125 10.370         4.7182         3.3464
126 10.470         4.7470         3.5543
127 10.570         4.7675         3.4316
128 10.670         4.7868         3.4240
129 10.770         4.8061         3.4451
130 10.870         4.8255         3.4658
131 10.970         4.8450         3.4862
132 11.070         4.8644         3.5063
133 11.170         4.8839         3.5260
134 11.270         4.9034         3.5453
135 11.370         4.9228         3.5642
136 11.470         4.9422         3.5826
137 11.570         4.9616         3.6007
138 11.670         4.9808         3.6182
139 11.770         5.0000         3.6353


#AGE= 1.000 BINS=139 Power-law IMF: x=-2.350
# N  sdss_r       Log10(N)       Log10(dN)
  1 -0.722        -0.2777        -0.2777
  2 -0.622         0.0344        -0.2558
  3 -0.522         0.2143        -0.2554
  4 -0.422         0.3403        -0.2586
  5 -0.322         0.4388        -0.2537
  6 -0.222         0.5188        -0.2555
  7 -0.122         0.5870        -0.2506
  8 -0.022         0.6463        -0.2473
  9  0.078         0.6989        -0.2441
 10  0.178         0.7453        -0.2492
 11  0.278         0.7877        -0.2433
 12  0.378         0.8262        -0.2461
 13  0.478         0.8615        -0.2456
 14  0.578         0.8938        -0.2507
 15  0.678         1.1701         0.8427
 16  0.778         1.2813         0.6352
 17  0.878         1.4589         0.9850
 18  0.978         1.7780         1.4943
 19  1.078         2.0652         1.7499
 20  1.178         2.2487         1.7860
 21  1.278         2.3797         1.7952
 22  1.378         2.4833         1.8100
 23  1.478         2.5653         1.8009
 24  1.578         2.6359         1.8125
 25  1.678         2.6993         1.8324
 26  1.778         2.7579         1.8590
 27  1.878         2.8124         1.8836
 28  1.978         2.8627         1.9015
 29  2.078         2.9092         1.9166
 30  2.178         2.9533         1.9375
 31  2.278         2.9942         1.9483
 32  2.378         3.0325         1.9589
 33  2.478         3.0687         1.9711
 34  2.578         3.1035         1.9899
 35  2.678         3.1369         2.0072
 36  2.778         3.1683         2.0107
 37  2.878         3.1979         2.0174
 38  2.978         3.2265         2.0314
 39  3.078         3.2543         2.0468
 40  3.178         3.2813         2.0601
 41  3.278         3.3066         2.0605
 42  3.378         3.3306         2.0611
 43  3.478         3.3532         2.0582
 44  3.578         3.3744         2.0525
 45  3.678         3.3958         2.0782
 46  3.778         3.4173         2.0996
 47  3.878         3.4381         2.1097
 48  3.978         3.4586         2.1216
 49  4.078         3.4786         2.1311
 50  4.178         3.4980         2.1382
 51  4.278         3.5167         2.1429
 52  4.378         3.5348         2.1450
 53  4.478         3.5524         2.1507
 54  4.578         3.5696         2.1607
 55  4.678         3.5866         2.1702
 56  4.778         3.6033         2.1805
 57  4.878         3.6199         2.1922
 58  4.978         3.6359         2.1949
 59  5.078         3.6517         2.2042
 60  5.178         3.6672         2.2113
 61  5.278         3.6823         2.2176
 62  5.378         3.6973         2.2275
 63  5.478         3.7120         2.2334
 64  5.578         3.7263         2.2378
 65  5.678         3.7402         2.2372
 66  5.778         3.7527         2.2068
 67  5.878         3.7644         2.1876
 68  5.978         3.7757         2.1885
 69  6.078         3.7873         2.2059
 70  6.178         3.7988         2.2179
 71  6.278         3.8105         2.2344
 72  6.378         3.8220         2.2394
 73  6.478         3.8333         2.2430
 74  6.578         3.8444         2.2469
 75  6.678         3.8554         2.2511
 76  6.778         3.8661         2.2555
 77  6.878         3.8768         2.2602
 78  6.978         3.8873         2.2653
 79  7.078         3.8976         2.2706
 80  7.178         3.9079         2.2762
 81  7.278         3.9181         2.2821
 82  7.378         3.9281         2.2883
 83  7.478         3.9381         2.2949
 84  7.578         3.9480         2.3017
 85  7.678         3.9579         2.3089
 86  7.778         3.9677         2.3165
 87  7.878         3.9775         2.3243
 88  7.978         3.9872         2.3325
 89  8.078         3.9969         2.3410
 90  8.178         4.0066         2.3499
 91  8.278         4.0162         2.3591
 92  8.378         4.0259         2.3670
 93  8.478         4.0355         2.3751
 94  8.578         4.0451         2.3856
 95  8.678         4.0547         2.3932
 96  8.778         4.0645         2.4133
 97  8.878         4.0748         2.4461
 98  8.978         4.0856         2.4768
 99  9.078         4.0968         2.5035
100  9.178         4.1085         2.5304
101  9.278         4.1208         2.5687
102  9.378         4.1335         2.5936
103  9.478         4.1465         2.6164
104  9.578         4.1602         2.6511
105  9.678         4.1744         2.6828
106  9.778         4.1893         2.7149
107  9.878         4.2047         2.7483
108  9.978         4.2208         2.7817
109 10.078         4.2378         2.8219
110 10.178         4.2559         2.8670
111 10.278         4.2748         2.9046
112 10.378         4.2945         2.9413
113 10.478         4.3151         2.9802
114 10.578         4.3366         3.0200
115 10.678         4.3589         3.0581
116 10.778         4.3836         3.1273
117 10.878         4.4081         3.1475
118 10.978         4.4319         3.1585
119 11.078         4.4553         3.1743
120 11.178         4.4792         3.2089
121 11.278         4.5042         3.2508
122 11.378         4.5305         3.3011
123 11.478         4.5581         3.3460
124 11.578         4.5860         3.3802
125 11.678         4.6135         3.4025
126 11.778         4.6407         3.4230
127 11.878         4.6678         3.4492
128 11.978         4.6948         3.4759
129 12.078         4.7219         3.5034
130 12.178         4.7491         3.5315
131 12.278         4.7763         3.5603
132 12.378         4.8037         3.5899
133 12.478         4.8313         3.6204
134 12.578         4.8591         3.6520
135 12.678         4.8872         3.6838
136 12.778         4.9154         3.7142
137 12.878         4.9437         3.7432
138 12.978         4.9719         3.7708
139 13.078         5.0000         3.7968


#AGE= 2.000 BINS=145 Power-law IMF: x=-2.350
# N  sdss_r       Log10(N)       Log10(dN)
  1 -0.947         0.1714         0.1714
  2 -0.847         0.3796        -0.0397
  3 -0.747         0.5163        -0.0524
  4 -0.647         0.6211        -0.0474
  5 -0.547         0.7078        -0.0345
  6 -0.447         0.7831        -0.0149
  7 -0.347         0.8498         0.0031
  8 -0.247         0.9098         0.0205
  9 -0.147         0.9645         0.0375
 10 -0.047         1.0150         0.0558
 11  0.053         1.0621         0.0742
 12  0.153         1.1672         0.4992
 13  0.253         1.2589         0.5386
 14  0.353         1.3222         0.4545
 15  0.453         1.3792         0.4691
 16  0.553         1.4378         0.5391
 17  0.653         1.4556         0.0584
 18  0.753         1.4727         0.0603
 19  0.853         1.4892         0.0604
 20  0.953         1.5052         0.0635
 21  1.053         1.5206         0.0616
 22  1.153         1.5354         0.0615
 23  1.253         1.5497         0.0607
 24  1.353         1.5634         0.0542
 25  1.453         1.5763         0.0451
 26  1.553         1.5888         0.0418
 27  1.653         1.6048         0.1614
 28  1.753         1.7206         1.0898
 29  1.853         1.7693         0.7954
 30  1.953         1.8299         0.9442
 31  2.053         1.9579         1.3650
 32  2.153         2.1867         1.7990
 33  2.253         2.3701         1.9072
 34  2.353         2.4934         1.8866
 35  2.453         2.5864         1.8713
 36  2.553         2.6643         1.8795
 37  2.653         2.7312         1.8860
 38  2.753         2.7888         1.8829
 39  2.853         2.8390         1.8771
 40  2.953         2.8875         1.9115
 41  3.053         2.9311         1.9109
 42  3.153         2.9749         1.9569
 43  3.253         3.0099         1.8984
 44  3.353         3.0461         1.9492
 45  3.453         3.0790         1.9423
 46  3.553         3.1111         1.9633
 47  3.653         3.1423         1.9832
 48  3.753         3.1719         1.9919
 49  3.853         3.2002         1.9998
 50  3.953         3.2273         2.0082
 51  4.053         3.2531         2.0138
 52  4.153         3.2775         2.0165
 53  4.253         3.3007         2.0163
 54  4.353         3.3225         2.0131
 55  4.453         3.3434         2.0154
 56  4.553         3.3645         2.0397
 57  4.653         3.3854         2.0576
 58  4.753         3.4058         2.0667
 59  4.853         3.4255         2.0726
 60  4.953         3.4443         2.0711
 61  5.053         3.4629         2.0854
 62  5.153         3.4811         2.0936
 63  5.253         3.4988         2.1004
 64  5.353         3.5160         2.1067
 65  5.453         3.5329         2.1152
 66  5.553         3.5495         2.1224
 67  5.653         3.5656         2.1264
 68  5.753         3.5813         2.1315
 69  5.853         3.5959         2.1168
 70  5.953         3.6096         2.0989
 71  6.053         3.6227         2.0966
 72  6.153         3.6356         2.1027
 73  6.253         3.6484         2.1105
 74  6.353         3.6613         2.1277
 75  6.453         3.6739         2.1318
 76  6.553         3.6863         2.1346
 77  6.653         3.6984         2.1380
 78  6.753         3.7103         2.1417
 79  6.853         3.7220         2.1457
 80  6.953         3.7335         2.1501
 81  7.053         3.7448         2.1550
 82  7.153         3.7559         2.1602
 83  7.253         3.7670         2.1658
 84  7.353         3.7778         2.1718
 85  7.453         3.7886         2.1782
 86  7.553         3.7993         2.1851
 87  7.653         3.8099         2.1923
 88  7.753         3.8205         2.2000
 89  7.853         3.8309         2.2081
 90  7.953         3.8414         2.2167
 91  8.053         3.8518         2.2256
 92  8.153         3.8621         2.2348
 93  8.253         3.8724         2.2423
 94  8.353         3.8826         2.2491
 95  8.453         3.8927         2.2503
 96  8.553         3.9027         2.2599
 97  8.653         3.9129         2.2817
 98  8.753         3.9236         2.3097
 99  8.853         3.9346         2.3329
100  8.953         3.9460         2.3603
101  9.053         3.9579         2.3888
102  9.153         3.9703         2.4203
103  9.253         3.9833         2.4518
104  9.353         3.9966         2.4776
105  9.453         4.0103         2.5001
106  9.553         4.0246         2.5344
107  9.653         4.0395         2.5690
108  9.753         4.0551         2.6028
109  9.853         4.0714         2.6380
110  9.953         4.0885         2.6746
111 10.053         4.1064         2.7123
112 10.153         4.1252         2.7524
113 10.253         4.1449         2.7922
114 10.353         4.1655         2.8308
115 10.453         4.1870         2.8719
116 10.553         4.2096         2.9133
117 10.653         4.2327         2.9484
118 10.753         4.2566         2.9854
119 10.853         4.2805         3.0079
120 10.953         4.3036         3.0187
121 11.053         4.3288         3.0796
122 11.153         4.3598         3.1985
123 11.253         4.3840         3.1176
124 11.353         4.4102         3.1767
125 11.453         4.4370         3.2146
126 11.553         4.4646         3.2540
127 11.653         4.4928         3.2914
128 11.753         4.5211         3.3213
129 11.853         4.5490         3.3429
130 11.953         4.5764         3.3633
131 12.053         4.6036         3.3867
132 12.153         4.6307         3.4119
133 12.253         4.6578         3.4390
134 12.353         4.6850         3.4681
135 12.453         4.7124         3.4993
136 12.553         4.7402         3.5325
137 12.653         4.7682         3.5644
138 12.753         4.7965         3.5956
139 12.853         4.8249         3.6271
140 12.953         4.8536         3.6587
141 13.053         4.8824         3.6905
142 13.153         4.9116         3.7235
143 13.253         4.9410         3.7575
144 13.353         4.9706         3.7887
145 13.453         5.0000         3.8166


#AGE= 3.000 BINS=142 Power-law IMF: x=-2.350
# N  sdss_r       Log10(N)       Log10(dN)
  1 -0.735         0.2124         0.2124
  2 -0.635         0.4468         0.0671
  3 -0.535         0.5801         0.0022
  4 -0.435         0.6803        -0.0057
  5 -0.335         0.7631         0.0022
  6 -0.235         0.8351         0.0195
  7 -0.135         0.8996         0.0391
  8 -0.035         0.9588         0.0644
  9  0.065         1.0136         0.0877
 10  0.165         1.0653         0.1152
 11  0.265         1.1137         0.1365
 12  0.365         1.1593         0.1582
 13  0.465         1.2029         0.1831
 14  0.565         1.2451         0.2117
 15  0.665         1.2862         0.2418
 16  0.765         1.3977         0.7527
 17  0.865         1.5112         0.8728
 18  0.965         1.5415         0.3693
 19  1.065         1.5694         0.3638
 20  1.165         1.5957         0.3647
 21  1.265         1.6207         0.3680
 22  1.365         1.6443         0.3683
 23  1.465         1.6668         0.3710
 24  1.565         1.6883         0.3710
 25  1.665         1.7086         0.3693
 26  1.765         1.7279         0.3645
 27  1.865         1.7462         0.3633
 28  1.965         1.7636         0.3574
 29  2.065         1.7801         0.3517
 30  2.165         1.7959         0.3479
 31  2.265         1.8481         0.9024
 32  2.365         1.9347         1.1921
 33  2.465         1.9754         0.9261
 34  2.565         2.0347         1.1411
 35  2.665         2.1800         1.6338
 36  2.765         2.4039         2.0089
 37  2.865         2.5381         1.9630
 38  2.965         2.6446         1.9818
 39  3.065         2.7282         1.9714
 40  3.165         2.7968         1.9617
 41  3.265         2.8564         1.9644
 42  3.365         2.9116         1.9880
 43  3.465         2.9605         1.9880
 44  3.565         3.0053         1.9963
 45  3.665         3.0458         1.9959
 46  3.765         3.0841         2.0108
 47  3.865         3.1205         2.0260
 48  3.965         3.1551         2.0393
 49  4.065         3.1877         2.0466
 50  4.165         3.2180         2.0469
 51  4.265         3.2456         2.0347
 52  4.365         3.2725         2.0508
 53  4.465         3.2972         2.0397
 54  4.565         3.3212         2.0524
 55  4.665         3.3448         2.0669
 56  4.765         3.3681         2.0870
 57  4.865         3.3899         2.0797
 58  4.965         3.4113         2.0922
 59  5.065         3.4322         2.1052
 60  5.165         3.4525         2.1125
 61  5.265         3.4723         2.1198
 62  5.365         3.4914         2.1268
 63  5.465         3.5101         2.1350
 64  5.565         3.5283         2.1414
 65  5.665         3.5460         2.1456
 66  5.765         3.5632         2.1523
 67  5.865         3.5800         2.1610
 68  5.965         3.5963         2.1611
 69  6.065         3.6112         2.1392
 70  6.165         3.6253         2.1297
 71  6.265         3.6390         2.1323
 72  6.365         3.6525         2.1363
 73  6.465         3.6661         2.1562
 74  6.565         3.6795         2.1619
 75  6.665         3.6925         2.1621
 76  6.765         3.7051         2.1634
 77  6.865         3.7175         2.1653
 78  6.965         3.7296         2.1681
 79  7.065         3.7414         2.1717
 80  7.165         3.7531         2.1761
 81  7.265         3.7646         2.1813
 82  7.365         3.7759         2.1874
 83  7.465         3.7872         2.1944
 84  7.565         3.7983         2.2023
 85  7.665         3.8094         2.2111
 86  7.765         3.8205         2.2208
 87  7.865         3.8315         2.2314
 88  7.965         3.8426         2.2429
 89  8.065         3.8537         2.2552
 90  8.165         3.8648         2.2668
 91  8.265         3.8757         2.2721
 92  8.365         3.8863         2.2699
 93  8.465         3.8969         2.2757
 94  8.565         3.9076         2.2936
 95  8.665         3.9186         2.3165
 96  8.765         3.9297         2.3349
 97  8.865         3.9413         2.3618
 98  8.965         3.9534         2.3926
 99  9.065         3.9660         2.4226
100  9.165         3.9792         2.4548
101  9.265         3.9928         2.4821
102  9.365         4.0067         2.5040
103  9.465         4.0210         2.5317
104  9.565         4.0360         2.5665
105  9.665         4.0517         2.6021
106  9.765         4.0681         2.6372
107  9.865         4.0854         2.6760
108  9.965         4.1036         2.7170
109 10.065         4.1226         2.7552
110 10.165         4.1424         2.7912
111 10.265         4.1631         2.8301
112 10.365         4.1842         2.8615
113 10.465         4.2058         2.8904
114 10.565         4.2278         2.9226
115 10.665         4.2506         2.9586
116 10.765         4.2742         2.9988
117 10.865         4.2991         3.0439
118 10.965         4.3327         3.2045
119 11.065         4.3575         3.1023
120 11.165         4.3826         3.1322
121 11.265         4.4104         3.2035
122 11.365         4.4375         3.2186
123 11.465         4.4652         3.2557
124 11.565         4.4930         3.2852
125 11.665         4.5209         3.3154
126 11.765         4.5489         3.3439
127 11.865         4.5767         3.3687
128 11.965         4.6042         3.3921
129 12.065         4.6315         3.4169
130 12.165         4.6588         3.4434
131 12.265         4.6861         3.4717
132 12.365         4.7137         3.5018
133 12.465         4.7413         3.5318
134 12.565         4.7690         3.5600
135 12.665         4.7969         3.5895
136 12.765         4.8249         3.6205
137 12.865         4.8532         3.6530
138 12.965         4.8818         3.6872
139 13.065         4.9110         3.7239
140 13.165         4.9406         3.7597
141 13.265         4.9704         3.7915
142 13.365         5.0000         3.8188


#AGE= 4.000 BINS=141 Power-law IMF: x=-2.350
# N  sdss_r       Log10(N)       Log10(dN)
  1 -0.548         0.2040         0.2040
  2 -0.448         0.4548         0.0971
  3 -0.348         0.6047         0.0699
  4 -0.248         0.7172         0.0756
  5 -0.148         0.8092         0.0898
  6 -0.048         0.8879         0.1075
  7  0.052         0.9578         0.1300
  8  0.152         1.0215         0.1561
  9  0.252         1.0809         0.1879
 10  0.352         1.1360         0.2116
 11  0.452         1.1880         0.2405
 12  0.552         1.2376         0.2713
 13  0.652         1.2849         0.2985
 14  0.752         1.3311         0.3342
 15  0.852         1.3828         0.4337
 16  0.952         1.4767         0.7655
 17  1.052         1.6008         0.9960
 18  1.152         1.6311         0.4600
 19  1.252         1.6597         0.4636
 20  1.352         1.6878         0.4847
 21  1.452         1.7149         0.4972
 22  1.552         1.7417         0.5192
 23  1.652         1.7700         0.5688
 24  1.752         1.7966         0.5716
 25  1.852         1.8222         0.5793
 26  1.952         1.8475         0.5997
 27  2.052         1.8723         0.6176
 28  2.152         1.8962         0.6254
 29  2.252         1.9191         0.6282
 30  2.352         1.9409         0.6321
 31  2.452         1.9620         0.6381
 32  2.552         1.9822         0.6395
 33  2.652         2.0015         0.6396
 34  2.752         2.1813         1.7115
 35  2.852         2.2436         1.3694
 36  2.952         2.2867         1.2618
 37  3.052         2.3586         1.5423
 38  3.152         2.4630         1.7927
 39  3.252         2.5761         1.9364
 40  3.352         2.6858         2.0344
 41  3.452         2.7685         2.0076
 42  3.552         2.8338         1.9789
 43  3.652         2.8919         1.9891
 44  3.752         2.9444         2.0008
 45  3.852         2.9926         2.0140
 46  3.952         3.0370         2.0248
 47  4.052         3.0778         2.0306
 48  4.152         3.1147         2.0254
 49  4.252         3.1466         1.9972
 50  4.352         3.1775         2.0135
 51  4.452         3.2061         2.0103
 52  4.552         3.2341         2.0303
 53  4.652         3.2615         2.0475
 54  4.752         3.2866         2.0362
 55  4.852         3.3106         2.0412
 56  4.952         3.3343         2.0598
 57  5.052         3.3573         2.0695
 58  5.152         3.3795         2.0777
 59  5.252         3.4011         2.0854
 60  5.352         3.4219         2.0929
 61  5.452         3.4422         2.1015
 62  5.552         3.4618         2.1072
 63  5.652         3.4809         2.1131
 64  5.752         3.4994         2.1197
 65  5.852         3.5175         2.1288
 66  5.952         3.5351         2.1350
 67  6.052         3.5522         2.1379
 68  6.152         3.5680         2.1205
 69  6.252         3.5829         2.1116
 70  6.352         3.5975         2.1160
 71  6.452         3.6120         2.1285
 72  6.552         3.6267         2.1487
 73  6.652         3.6410         2.1519
 74  6.752         3.6548         2.1518
 75  6.852         3.6683         2.1539
 76  6.952         3.6815         2.1560
 77  7.052         3.6943         2.1579
 78  7.152         3.7068         2.1597
 79  7.252         3.7190         2.1614
 80  7.352         3.7309         2.1629
 81  7.452         3.7425         2.1643
 82  7.552         3.7539         2.1656
 83  7.652         3.7650         2.1667
 84  7.752         3.7758         2.1677
 85  7.852         3.7863         2.1629
 86  7.952         3.7962         2.1500
 87  8.052         3.8063         2.1691
 88  8.152         3.8176         2.2250
 89  8.252         3.8299         2.2761
 90  8.352         3.8415         2.2616
 91  8.452         3.8524         2.2484
 92  8.552         3.8633         2.2584
 93  8.652         3.8747         2.2870
 94  8.752         3.8863         2.3078
 95  8.852         3.8983         2.3341
 96  8.952         3.9109         2.3662
 97  9.052         3.9240         2.3965
 98  9.152         3.9376         2.4283
 99  9.252         3.9516         2.4538
100  9.352         3.9659         2.4762
101  9.452         3.9806         2.5029
102  9.552         3.9960         2.5381
103  9.652         4.0121         2.5732
104  9.752         4.0290         2.6102
105  9.852         4.0466         2.6441
106  9.952         4.0646         2.6743
107 10.052         4.0835         2.7126
108 10.152         4.1037         2.7609
109 10.252         4.1252         2.8099
110 10.352         4.1477         2.8505
111 10.452         4.1708         2.8841
112 10.552         4.1949         2.9277
113 10.652         4.2200         2.9694
114 10.752         4.2457         3.0057
115 10.852         4.2717         3.0363
116 10.952         4.2977         3.0605
117 11.052         4.3252         3.1132
118 11.152         4.3529         3.1439
119 11.252         4.3803         3.1663
120 11.352         4.4083         3.2039
121 11.452         4.4360         3.2275
122 11.552         4.4638         3.2557
123 11.652         4.4916         3.2841
124 11.752         4.5193         3.3098
125 11.852         4.5468         3.3350
126 11.952         4.5742         3.3610
127 12.052         4.6016         3.3875
128 12.152         4.6288         3.4120
129 12.252         4.6558         3.4369
130 12.352         4.6829         3.4645
131 12.452         4.7102         3.4950
132 12.552         4.7379         3.5286
133 12.652         4.7661         3.5637
134 12.752         4.7946         3.5975
135 12.852         4.8234         3.6306
136 12.952         4.8524         3.6629
137 13.052         4.8816         3.6943
138 13.152         4.9109         3.7264
139 13.252         4.9406         3.7604
140 13.352         4.9704         3.7915
141 13.452         5.0000         3.8194


#AGE= 5.000 BINS=140 Power-law IMF: x=-2.350
# N  sdss_r       Log10(N)       Log10(dN)
  1 -0.460         0.1232         0.1232
  2 -0.360         0.3509        -0.0386
  3 -0.260         0.4867        -0.0843
  4 -0.160         0.5891        -0.0886
  5 -0.060         0.6745        -0.0736
  6  0.040         0.7489        -0.0543
  7  0.140         0.8150        -0.0354
  8  0.240         0.8746        -0.0170
  9  0.340         0.9311         0.0175
 10  0.440         0.9843         0.0458
 11  0.540         1.0349         0.0760
 12  0.640         1.0834         0.1076
 13  0.740         1.1298         0.1354
 14  0.840         1.1845         0.2575
 15  0.940         1.2360         0.2847
 16  1.040         1.2825         0.2897
 17  1.140         1.3963         0.7589
 18  1.240         1.4768         0.7051
 19  1.340         1.5056         0.3125
 20  1.440         1.5333         0.3250
 21  1.540         1.5608         0.3488
 22  1.640         1.5882         0.3742
 23  1.740         1.6156         0.4014
 24  1.840         1.6430         0.4295
 25  1.940         1.6705         0.4584
 26  2.040         1.6977         0.4806
 27  2.140         1.7248         0.5064
 28  2.240         1.7516         0.5293
 29  2.340         1.7783         0.5532
 30  2.440         1.8060         0.5978
 31  2.540         1.8322         0.5999
 32  2.640         1.8575         0.6102
 33  2.740         1.8823         0.6264
 34  2.840         1.9079         0.6650
 35  2.940         1.9324         0.6721
 36  3.040         2.2116         1.8877
 37  3.140         2.2863         1.4851
 38  3.240         2.3690         1.6079
 39  3.340         2.4122         1.3878
 40  3.440         2.4828         1.6591
 41  3.540         2.5846         1.9048
 42  3.640         2.6867         2.0078
 43  3.740         2.7749         2.0391
 44  3.840         2.8507         2.0552
 45  3.940         2.9168         2.0669
 46  4.040         2.9746         2.0702
 47  4.140         3.0227         2.0431
 48  4.240         3.0649         2.0320
 49  4.340         3.1023         2.0189
 50  4.440         3.1374         2.0264
 51  4.540         3.1711         2.0440
 52  4.640         3.2011         2.0265
 53  4.740         3.2287         2.0185
 54  4.840         3.2561         2.0418
 55  4.940         3.2825         2.0540
 56  5.040         3.3080         2.0640
 57  5.140         3.3326         2.0720
 58  5.240         3.3562         2.0807
 59  5.340         3.3790         2.0884
 60  5.440         3.4011         2.0967
 61  5.540         3.4225         2.1044
 62  5.640         3.4432         2.1096
 63  5.740         3.4632         2.1178
 64  5.840         3.4828         2.1268
 65  5.940         3.5017         2.1319
 66  6.040         3.5199         2.1322
 67  6.140         3.5373         2.1321
 68  6.240         3.5540         2.1306
 69  6.340         3.5702         2.1343
 70  6.440         3.5861         2.1406
 71  6.540         3.6017         2.1501
 72  6.640         3.6170         2.1559
 73  6.740         3.6320         2.1611
 74  6.840         3.6465         2.1654
 75  6.940         3.6606         2.1646
 76  7.040         3.6741         2.1591
 77  7.140         3.6870         2.1534
 78  7.240         3.6994         2.1495
 79  7.340         3.7114         2.1474
 80  7.440         3.7231         2.1471
 81  7.540         3.7345         2.1486
 82  7.640         3.7457         2.1520
 83  7.740         3.7568         2.1571
 84  7.840         3.7675         2.1550
 85  7.940         3.7778         2.1482
 86  8.040         3.7888         2.1843
 87  8.140         3.8013         2.2559
 88  8.240         3.8139         2.2711
 89  8.340         3.8256         2.2482
 90  8.440         3.8369         2.2477
 91  8.540         3.8485         2.2682
 92  8.640         3.8602         2.2848
 93  8.740         3.8721         2.3055
 94  8.840         3.8846         2.3378
 95  8.940         3.8977         2.3685
 96  9.040         3.9113         2.4002
 97  9.140         3.9254         2.4310
 98  9.240         3.9399         2.4555
 99  9.340         3.9546         2.4764
100  9.440         3.9698         2.5058
101  9.540         3.9864         2.5614
102  9.640         4.0011         2.5221
103  9.740         4.0106         2.3476
104  9.840         4.0235         2.4893
105  9.940         4.0394         2.5962
106 10.040         4.0581         2.6834
107 10.140         4.0793         2.7572
108 10.240         4.1027         2.8214
109 10.340         4.1278         2.8777
110 10.440         4.1544         2.9273
111 10.540         4.1819         2.9702
112 10.640         4.2099         3.0061
113 10.740         4.2380         3.0339
114 10.840         4.2654         3.0517
115 10.940         4.2919         3.0656
116 11.040         4.3229         3.1608
117 11.140         4.3519         3.1611
118 11.240         4.3791         3.1632
119 11.340         4.4073         3.2050
120 11.440         4.4355         3.2348
121 11.540         4.4634         3.2573
122 11.640         4.4912         3.2832
123 11.740         4.5189         3.3097
124 11.840         4.5465         3.3356
125 11.940         4.5739         3.3614
126 12.040         4.6013         3.3875
127 12.140         4.6286         3.4137
128 12.240         4.6557         3.4375
129 12.340         4.6828         3.4635
130 12.440         4.7100         3.4930
131 12.540         4.7375         3.5263
132 12.640         4.7656         3.5621
133 12.740         4.7941         3.5968
134 12.840         4.8229         3.6305
135 12.940         4.8520         3.6632
136 13.040         4.8812         3.6948
137 13.140         4.9107         3.7271
138 13.240         4.9404         3.7615
139 13.340         4.9703         3.7928
140 13.440         5.0000         3.8205


#AGE= 6.000 BINS=138 Power-law IMF: x=-2.350
# N  sdss_r       Log10(N)       Log10(dN)
  1 -0.337         0.0995         0.0995
  2 -0.237         0.3521        -0.0036
  3 -0.137         0.5010        -0.0363
  4 -0.037         0.6145        -0.0235
  5  0.063         0.7065        -0.0127
  6  0.163         0.7860         0.0094
  7  0.263         0.8562         0.0303
  8  0.363         0.9200         0.0554
  9  0.463         0.9795         0.0866
 10  0.563         1.0346         0.1108
 11  0.663         1.0872         0.1445
 12  0.763         1.1376         0.1773
 13  0.863         1.1862         0.2112
 14  0.963         1.2481         0.3710
 15  1.063         1.2933         0.2882
 16  1.163         1.3470         0.4130
 17  1.263         1.4836         0.9146
 18  1.363         1.5304         0.5398
 19  1.463         1.5590         0.3639
 20  1.563         1.5873         0.3867
 21  1.663         1.6156         0.4152
 22  1.763         1.6440         0.4458
 23  1.863         1.6727         0.4788
 24  1.963         1.7017         0.5113
 25  2.063         1.7309         0.5449
 26  2.163         1.7608         0.5827
 27  2.263         1.7908         0.6153
 28  2.363         1.8214         0.6540
 29  2.463         1.8525         0.6926
 30  2.563         1.8838         0.7254
 31  2.663         1.9155         0.7629
 32  2.763         1.9474         0.7981
 33  2.863         1.9796         0.8337
 34  2.963         2.0120         0.8692
 35  3.063         2.0446         0.9040
 36  3.163         2.0774         0.9389
 37  3.263         2.2201         1.6672
 38  3.363         2.4708         2.1129
 39  3.463         2.6039         2.0253
 40  3.563         2.6836         1.9080
 41  3.663         2.7164         1.5789
 42  3.763         2.7391         1.4458
 43  3.863         2.7767         1.6957
 44  3.963         2.8331         1.9185
 45  4.063         2.8982         2.0419
 46  4.163         2.9692         2.1473
 47  4.263         3.0225         2.0849
 48  4.363         3.0670         2.0561
 49  4.463         3.1090         2.0734
 50  4.563         3.1431         2.0209
 51  4.663         3.1745         2.0178
 52  4.763         3.2058         2.0485
 53  4.863         3.2359         2.0612
 54  4.963         3.2646         2.0709
 55  5.063         3.2921         2.0805
 56  5.163         3.3185         2.0890
 57  5.263         3.3439         2.0980
 58  5.363         3.3683         2.1057
 59  5.463         3.3919         2.1149
 60  5.563         3.4146         2.1222
 61  5.663         3.4365         2.1287
 62  5.763         3.4578         2.1378
 63  5.863         3.4785         2.1456
 64  5.963         3.4983         2.1481
 65  6.063         3.5173         2.1492
 66  6.163         3.5357         2.1525
 67  6.263         3.5535         2.1576
 68  6.363         3.5709         2.1651
 69  6.463         3.5879         2.1720
 70  6.563         3.6044         2.1766
 71  6.663         3.6204         2.1781
 72  6.763         3.6358         2.1789
 73  6.863         3.6505         2.1729
 74  6.963         3.6645         2.1648
 75  7.063         3.6779         2.1608
 76  7.163         3.6909         2.1611
 77  7.263         3.7037         2.1654
 78  7.363         3.7161         2.1665
 79  7.463         3.7282         2.1675
 80  7.563         3.7401         2.1709
 81  7.663         3.7518         2.1765
 82  7.763         3.7633         2.1786
 83  7.863         3.7747         2.1890
 84  7.963         3.7867         2.2238
 85  8.063         3.7991         2.2481
 86  8.163         3.8113         2.2527
 87  8.263         3.8233         2.2605
 88  8.363         3.8353         2.2707
 89  8.463         3.8472         2.2788
 90  8.563         3.8591         2.2885
 91  8.663         3.8712         2.3129
 92  8.763         3.8838         2.3397
 93  8.863         3.8969         2.3678
 94  8.963         3.9106         2.4024
 95  9.063         3.9248         2.4329
 96  9.163         3.9394         2.4609
 97  9.263         3.9544         2.4828
 98  9.363         3.9696         2.5075
 99  9.463         3.9862         2.5606
100  9.563         4.0013         2.5348
101  9.663         4.0051         1.9432
102  9.763         4.0146         2.3496
103  9.863         4.0292         2.5474
104  9.963         4.0481         2.6776
105 10.063         4.0706         2.7740
106 10.163         4.0959         2.8494
107 10.263         4.1233         2.9098
108 10.363         4.1521         2.9583
109 10.463         4.1814         2.9958
110 10.563         4.2105         3.0225
111 10.663         4.2387         3.0374
112 10.763         4.2653         3.0386
113 10.863         4.2880         2.9961
114 10.963         4.3194         3.1630
115 11.063         4.3498         3.1787
116 11.163         4.3792         3.1959
117 11.263         4.4072         3.2021
118 11.363         4.4355         3.2359
119 11.463         4.4640         3.2668
120 11.563         4.4922         3.2903
121 11.663         4.5201         3.3147
122 11.763         4.5478         3.3388
123 11.863         4.5754         3.3639
124 11.963         4.6028         3.3899
125 12.063         4.6302         3.4159
126 12.163         4.6574         3.4415
127 12.263         4.6845         3.4660
128 12.363         4.7116         3.4938
129 12.463         4.7390         3.5254
130 12.563         4.7668         3.5592
131 12.663         4.7949         3.5915
132 12.763         4.8233         3.6242
133 12.863         4.8519         3.6572
134 12.963         4.8809         3.6905
135 13.063         4.9103         3.7263
136 13.163         4.9402         3.7627
137 13.263         4.9702         3.7947
138 13.363         5.0000         3.8219


#AGE= 7.000 BINS=136 Power-law IMF: x=-2.350
# N  sdss_r       Log10(N)       Log10(dN)
  1 -0.261         0.0626         0.0626
  2 -0.161         0.3189        -0.0319
  3 -0.061         0.4733        -0.0507
  4  0.039         0.5891        -0.0419
  5  0.139         0.6832        -0.0268
  6  0.239         0.7637        -0.0080
  7  0.339         0.8348         0.0137
  8  0.439         0.8999         0.0436
  9  0.539         0.9596         0.0683
 10  0.639         1.0157         0.0988
 11  0.739         1.0687         0.1294
 12  0.839         1.1196         0.1627
 13  0.939         1.1752         0.2555
 14  1.039         1.2334         0.3314
 15  1.139         1.2835         0.3209
 16  1.239         1.3327         0.3628
 17  1.339         1.4718         0.9096
 18  1.439         1.5191         0.5326
 19  1.539         1.5481         0.3589
 20  1.639         1.5768         0.3830
 21  1.739         1.6055         0.4113
 22  1.839         1.6344         0.4431
 23  1.939         1.6636         0.4767
 24  2.039         1.6933         0.5127
 25  2.139         1.7231         0.5456
 26  2.239         1.7535         0.5824
 27  2.339         1.7841         0.6180
 28  2.439         1.8153         0.6555
 29  2.539         1.8469         0.6931
 30  2.639         1.8791         0.7338
 31  2.739         1.9118         0.7718
 32  2.839         1.9453         0.8156
 33  2.939         1.9793         0.8562
 34  3.039         2.0136         0.8939
 35  3.139         2.0477         0.9258
 36  3.239         2.0819         0.9617
 37  3.339         2.1166         1.0019
 38  3.439         2.3126         1.8727
 39  3.539         2.5221         2.1051
 40  3.639         2.6500         2.0568
 41  3.739         2.7267         1.9356
 42  3.839         2.7925         1.9405
 43  3.939         2.8173         1.5619
 44  4.039         2.8489         1.6953
 45  4.139         2.9131         2.0507
 46  4.239         2.9732         2.0847
 47  4.339         3.0313         2.1293
 48  4.439         3.0755         2.0612
 49  4.539         3.1119         2.0171
 50  4.639         3.1487         2.0584
 51  4.739         3.1842         2.0787
 52  4.839         3.2177         2.0877
 53  4.939         3.2494         2.0974
 54  5.039         3.2796         2.1076
 55  5.139         3.3085         2.1162
 56  5.239         3.3361         2.1253
 57  5.339         3.3625         2.1339
 58  5.439         3.3880         2.1431
 59  5.539         3.4124         2.1515
 60  5.639         3.4360         2.1584
 61  5.739         3.4588         2.1677
 62  5.839         3.4808         2.1750
 63  5.939         3.5019         2.1780
 64  6.039         3.5222         2.1803
 65  6.139         3.5417         2.1851
 66  6.239         3.5607         2.1923
 67  6.339         3.5793         2.2009
 68  6.439         3.5974         2.2087
 69  6.539         3.6149         2.2118
 70  6.639         3.6317         2.2119
 71  6.739         3.6478         2.2088
 72  6.839         3.6632         2.2037
 73  6.939         3.6778         2.1988
 74  7.039         3.6917         2.1901
 75  7.139         3.7051         2.1863
 76  7.239         3.7182         2.1905
 77  7.339         3.7311         2.1972
 78  7.439         3.7437         2.2009
 79  7.539         3.7562         2.2082
 80  7.639         3.7685         2.2167
 81  7.739         3.7808         2.2255
 82  7.839         3.7931         2.2398
 83  7.939         3.8055         2.2531
 84  8.039         3.8178         2.2659
 85  8.139         3.8302         2.2788
 86  8.239         3.8426         2.2906
 87  8.339         3.8549         2.3013
 88  8.439         3.8672         2.3140
 89  8.539         3.8796         2.3281
 90  8.639         3.8919         2.3399
 91  8.739         3.9047         2.3676
 92  8.839         3.9182         2.4028
 93  8.939         3.9322         2.4337
 94  9.039         3.9468         2.4659
 95  9.139         3.9617         2.4911
 96  9.239         3.9770         2.5150
 97  9.339         3.9925         2.5390
 98  9.439         4.0087         2.5701
 99  9.539         4.0267         2.6356
100  9.639         4.0402         2.5263
101  9.739         4.0510         2.4405
102  9.839         4.0653         2.5780
103  9.939         4.0830         2.6823
104 10.039         4.1035         2.7674
105 10.139         4.1265         2.8394
106 10.239         4.1516         2.9016
107 10.339         4.1784         2.9556
108 10.439         4.2064         3.0020
109 10.539         4.2351         3.0407
110 10.639         4.2639         3.0707
111 10.739         4.2921         3.0899
112 10.839         4.3189         3.0968
113 10.939         4.3461         3.1284
114 11.039         4.3754         3.1905
115 11.139         4.4052         3.2272
116 11.239         4.4361         3.2722
117 11.339         4.4646         3.2682
118 11.439         4.4933         3.2993
119 11.539         4.5219         3.3252
120 11.639         4.5501         3.3485
121 11.739         4.5780         3.3721
122 11.839         4.6056         3.3960
123 11.939         4.6332         3.4213
124 12.039         4.6605         3.4467
125 12.139         4.6879         3.4729
126 12.239         4.7151         3.4988
127 12.339         4.7424         3.5269
128 12.439         4.7698         3.5563
129 12.539         4.7972         3.5836
130 12.639         4.8247         3.6134
131 12.739         4.8526         3.6465
132 12.839         4.8811         3.6831
133 12.939         4.9103         3.7241
134 13.039         4.9402         3.7626
135 13.139         4.9702         3.7952
136 13.239         5.0000         3.8213


#AGE= 8.000 BINS=138 Power-law IMF: x=-2.350
# N  sdss_r       Log10(N)       Log10(dN)
  1 -0.249         0.0007         0.0007
  2 -0.149         0.2429        -0.1263
  3 -0.049         0.3899        -0.1518
  4  0.051         0.5004        -0.1482
  5  0.151         0.5909        -0.1347
  6  0.251         0.6688        -0.1154
  7  0.351         0.7380        -0.0939
  8  0.451         0.8013        -0.0666
  9  0.551         0.8599        -0.0392
 10  0.651         0.9143        -0.0144
 11  0.751         0.9662         0.0182
 12  0.851         1.0162         0.0521
 13  0.951         1.0844         0.2471
 14  1.051         1.1453         0.2614
 15  1.151         1.1885         0.1650
 16  1.251         1.3062         0.6819
 17  1.351         1.3805         0.5769
 18  1.451         1.4069         0.1776
 19  1.551         1.4355         0.2398
 20  1.651         1.4639         0.2653
 21  1.751         1.4923         0.2942
 22  1.851         1.5211         0.3278
 23  1.951         1.5502         0.3613
 24  2.051         1.5795         0.3940
 25  2.151         1.6091         0.4282
 26  2.251         1.6393         0.4666
 27  2.351         1.6697         0.4998
 28  2.451         1.7008         0.5402
 29  2.551         1.7324         0.5781
 30  2.651         1.7644         0.6162
 31  2.751         1.7966         0.6509
 32  2.851         1.8295         0.6922
 33  2.951         1.8623         0.7250
 34  3.051         1.8950         0.7551
 35  3.151         1.9274         0.7844
 36  3.251         1.9595         0.8121
 37  3.351         1.9918         0.8473
 38  3.451         2.0247         0.8871
 39  3.551         2.0796         1.1541
 40  3.651         2.4199         2.1549
 41  3.751         2.5415         1.9292
 42  3.851         2.6178         1.8251
 43  3.951         2.6831         1.8275
 44  4.051         2.7403         1.8323
 45  4.151         2.7947         1.8653
 46  4.251         2.8494         1.9226
 47  4.351         2.9039         1.9758
 48  4.451         2.9481         1.9338
 49  4.551         2.9938         1.9927
 50  4.651         3.0366         2.0089
 51  4.751         3.0757         2.0110
 52  4.851         3.1121         2.0176
 53  4.951         3.1465         2.0277
 54  5.051         3.1790         2.0369
 55  5.151         3.2099         2.0470
 56  5.251         3.2393         2.0554
 57  5.351         3.2674         2.0650
 58  5.451         3.2945         2.0750
 59  5.551         3.3204         2.0830
 60  5.651         3.3452         2.0903
 61  5.751         3.3693         2.1007
 62  5.851         3.3923         2.1053
 63  5.951         3.4143         2.1088
 64  6.051         3.4355         2.1128
 65  6.151         3.4559         2.1188
 66  6.251         3.4759         2.1285
 67  6.351         3.4954         2.1375
 68  6.451         3.5143         2.1440
 69  6.551         3.5325         2.1445
 70  6.651         3.5498         2.1431
 71  6.751         3.5664         2.1390
 72  6.851         3.5820         2.1311
 73  6.951         3.5970         2.1255
 74  7.051         3.6113         2.1219
 75  7.151         3.6250         2.1196
 76  7.251         3.6386         2.1264
 77  7.351         3.6519         2.1323
 78  7.451         3.6651         2.1398
 79  7.551         3.6781         2.1491
 80  7.651         3.6910         2.1578
 81  7.751         3.7038         2.1669
 82  7.851         3.7165         2.1761
 83  7.951         3.7291         2.1836
 84  8.051         3.7416         2.1950
 85  8.151         3.7543         2.2149
 86  8.251         3.7672         2.2324
 87  8.351         3.7799         2.2409
 88  8.451         3.7924         2.2458
 89  8.551         3.8051         2.2623
 90  8.651         3.8180         2.2842
 91  8.751         3.8312         2.3081
 92  8.851         3.8451         2.3445
 93  8.951         3.8597         2.3773
 94  9.051         3.8747         2.4059
 95  9.151         3.8900         2.4308
 96  9.251         3.9057         2.4541
 97  9.351         3.9217         2.4817
 98  9.451         3.9384         2.5130
 99  9.551         3.9561         2.5589
100  9.651         3.9734         2.5643
101  9.751         3.9864         2.4574
102  9.851         4.0023         2.5565
103  9.951         4.0208         2.6427
104 10.051         4.0419         2.7163
105 10.151         4.0650         2.7806
106 10.251         4.0900         2.8375
107 10.351         4.1165         2.8880
108 10.451         4.1440         2.9323
109 10.551         4.1722         2.9703
110 10.651         4.2005         3.0008
111 10.751         4.2284         3.0222
112 10.851         4.2550         3.0294
113 10.951         4.2829         3.0767
114 11.051         4.3133         3.1434
115 11.151         4.3443         3.1821
116 11.251         4.3752         3.2121
117 11.351         4.4039         3.2092
118 11.451         4.4328         3.2418
119 11.551         4.4615         3.2670
120 11.651         4.4898         3.2908
121 11.751         4.5178         3.3134
122 11.851         4.5456         3.3369
123 11.951         4.5731         3.3612
124 12.051         4.6005         3.3873
125 12.151         4.6280         3.4154
126 12.251         4.6554         3.4422
127 12.351         4.6826         3.4662
128 12.451         4.7096         3.4885
129 12.551         4.7366         3.5171
130 12.651         4.7642         3.5530
131 12.751         4.7925         3.5938
132 12.851         4.8216         3.6321
133 12.951         4.8510         3.6672
134 13.051         4.8805         3.6988
135 13.151         4.9102         3.7295
136 13.251         4.9401         3.7636
137 13.351         4.9701         3.7948
138 13.451         5.0000         3.8225


#AGE= 9.000 BINS=136 Power-law IMF: x=-2.350
# N  sdss_r       Log10(N)       Log10(dN)
  1 -0.230         0.0854         0.0854
  2 -0.130         0.3048        -0.0968
  3 -0.030         0.4354        -0.1503
  4  0.070         0.5362        -0.1476
  5  0.170         0.6205        -0.1328
  6  0.270         0.6935        -0.1169
  7  0.370         0.7593        -0.0929
  8  0.470         0.8189        -0.0730
  9  0.570         0.8748        -0.0433
 10  0.670         0.9274        -0.0153
 11  0.770         0.9777         0.0162
 12  0.870         1.0263         0.0518
 13  0.970         1.0732         0.0827
 14  1.070         1.1245         0.1715
 15  1.170         1.1762         0.2260
 16  1.270         1.2291         0.2891
 17  1.370         1.3775         0.8389
 18  1.470         1.4040         0.1764
 19  1.570         1.4332         0.2469
 20  1.670         1.4621         0.2712
 21  1.770         1.4909         0.2978
 22  1.870         1.5200         0.3317
 23  1.970         1.5494         0.3655
 24  2.070         1.5792         0.4007
 25  2.170         1.6092         0.4335
 26  2.270         1.6397         0.4715
 27  2.370         1.6706         0.5072
 28  2.470         1.7018         0.5429
 29  2.570         1.7337         0.5834
 30  2.670         1.7660         0.6210
 31  2.770         1.7988         0.6608
 32  2.870         1.8326         0.7076
 33  2.970         1.8668         0.7452
 34  3.070         1.8998         0.7645
 35  3.170         1.9325         0.7927
 36  3.270         1.9646         0.8180
 37  3.370         1.9969         0.8525
 38  3.470         2.0299         0.8944
 39  3.570         2.0643         0.9449
 40  3.670         2.1767         1.5348
 41  3.770         2.4935         2.2078
 42  3.870         2.5838         1.8570
 43  3.970         2.6608         1.8716
 44  4.070         2.7307         1.9029
 45  4.170         2.7943         1.9285
 46  4.270         2.8502         1.9320
 47  4.370         2.9018         1.9514
 48  4.470         2.9518         1.9879
 49  4.570         3.0025         2.0450
 50  4.670         3.0499         2.0645
 51  4.770         3.0924         2.0619
 52  4.870         3.1315         2.0668
 53  4.970         3.1681         2.0748
 54  5.070         3.2025         2.0852
 55  5.170         3.2352         2.0945
 56  5.270         3.2661         2.1041
 57  5.370         3.2958         2.1147
 58  5.470         3.3241         2.1244
 59  5.570         3.3512         2.1325
 60  5.670         3.3771         2.1410
 61  5.770         3.4021         2.1495
 62  5.870         3.4260         2.1540
 63  5.970         3.4488         2.1573
 64  6.070         3.4707         2.1638
 65  6.170         3.4920         2.1715
 66  6.270         3.5127         2.1813
 67  6.370         3.5329         2.1896
 68  6.470         3.5524         2.1945
 69  6.570         3.5710         2.1943
 70  6.670         3.5888         2.1913
 71  6.770         3.6055         2.1829
 72  6.870         3.6214         2.1770
 73  6.970         3.6366         2.1732
 74  7.070         3.6512         2.1720
 75  7.170         3.6655         2.1740
 76  7.270         3.6795         2.1805
 77  7.370         3.6932         2.1871
 78  7.470         3.7068         2.1956
 79  7.570         3.7203         2.2043
 80  7.670         3.7336         2.2151
 81  7.770         3.7468         2.2202
 82  7.870         3.7595         2.2205
 83  7.970         3.7723         2.2354
 84  8.070         3.7853         2.2549
 85  8.170         3.7983         2.2698
 86  8.270         3.8115         2.2847
 87  8.370         3.8246         2.2975
 88  8.470         3.8375         2.3039
 89  8.570         3.8504         2.3166
 90  8.670         3.8637         2.3450
 91  8.770         3.8775         2.3722
 92  8.870         3.8919         2.4054
 93  8.970         3.9069         2.4374
 94  9.070         3.9223         2.4645
 95  9.170         3.9380         2.4890
 96  9.270         3.9540         2.5132
 97  9.370         3.9706         2.5428
 98  9.470         3.9877         2.5761
 99  9.570         4.0056         2.6100
100  9.670         4.0241         2.6448
101  9.770         4.0434         2.6819
102  9.870         4.0635         2.7188
103  9.970         4.0846         2.7611
104 10.070         4.1068         2.8044
105 10.170         4.1300         2.8460
106 10.270         4.1541         2.8860
107 10.370         4.1790         2.9246
108 10.470         4.2045         2.9617
109 10.570         4.2307         2.9973
110 10.670         4.2573         3.0313
111 10.770         4.2842         3.0636
112 10.870         4.3111         3.0888
113 10.970         4.3407         3.1598
114 11.070         4.3695         3.1765
115 11.170         4.4029         3.2727
116 11.270         4.4340         3.2727
117 11.370         4.4635         3.2808
118 11.470         4.4918         3.2925
119 11.570         4.5205         3.3257
120 11.670         4.5490         3.3524
121 11.770         4.5771         3.3731
122 11.870         4.6048         3.3969
123 11.970         4.6324         3.4212
124 12.070         4.6600         3.4490
125 12.170         4.6875         3.4759
126 12.270         4.7147         3.4978
127 12.370         4.7415         3.5189
128 12.470         4.7685         3.5485
129 12.570         4.7960         3.5843
130 12.670         4.8239         3.6178
131 12.770         4.8522         3.6517
132 12.870         4.8809         3.6864
133 12.970         4.9101         3.7242
134 13.070         4.9400         3.7630
135 13.170         4.9701         3.7959
136 13.270         5.0000         3.8225


#AGE=10.000 BINS=137 Power-law IMF: x=-2.350
# N  sdss_r       Log10(N)       Log10(dN)
  1 -0.162        -0.0641        -0.0641
  2 -0.062         0.1712        -0.2073
  3  0.038         0.3165        -0.2296
  4  0.138         0.4263        -0.2249
  5  0.238         0.5158        -0.2140
  6  0.338         0.5936        -0.1915
  7  0.438         0.6627        -0.1696
  8  0.538         0.7258        -0.1433
  9  0.638         0.7841        -0.1170
 10  0.738         0.8387        -0.0889
 11  0.838         0.8907        -0.0568
 12  0.938         0.9406        -0.0238
 13  1.038         0.9936         0.0543
 14  1.138         1.0544         0.1705
 15  1.238         1.1008         0.1063
 16  1.338         1.1833         0.4213
 17  1.438         1.2998         0.6712
 18  1.538         1.3283         0.1324
 19  1.638         1.3575         0.1705
 20  1.738         1.3864         0.1951
 21  1.838         1.4156         0.2291
 22  1.938         1.4449         0.2596
 23  2.038         1.4745         0.2925
 24  2.138         1.5042         0.3251
 25  2.238         1.5347         0.3648
 26  2.338         1.5649         0.3927
 27  2.438         1.5961         0.4368
 28  2.538         1.6275         0.4712
 29  2.638         1.6594         0.5093
 30  2.738         1.6922         0.5541
 31  2.838         1.7257         0.5971
 32  2.938         1.7609         0.6517
 33  3.038         1.7966         0.6941
 34  3.138         1.8332         0.7409
 35  3.238         1.8697         0.7753
 36  3.338         1.9056         0.8054
 37  3.438         1.9412         0.8376
 38  3.538         1.9767         0.8706
 39  3.638         2.0127         0.9133
 40  3.738         2.0525         0.9954
 41  3.838         2.4046         2.1492
 42  3.938         2.5063         1.8262
 43  4.038         2.5889         1.8274
 44  4.138         2.6603         1.8407
 45  4.238         2.7235         1.8553
 46  4.338         2.7811         1.8755
 47  4.438         2.8353         1.9047
 48  4.538         2.8875         1.9416
 49  4.638         2.9388         1.9858
 50  4.738         2.9873         2.0107
 51  4.838         3.0308         2.0103
 52  4.938         3.0708         2.0149
 53  5.038         3.1081         2.0235
 54  5.138         3.1432         2.0331
 55  5.238         3.1764         2.0432
 56  5.338         3.2080         2.0545
 57  5.438         3.2382         2.0653
 58  5.538         3.2669         2.0734
 59  5.638         3.2944         2.0817
 60  5.738         3.3207         2.0906
 61  5.838         3.3459         2.0958
 62  5.938         3.3699         2.1005
 63  6.038         3.3929         2.1066
 64  6.138         3.4153         2.1151
 65  6.238         3.4369         2.1246
 66  6.338         3.4580         2.1329
 67  6.438         3.4782         2.1368
 68  6.538         3.4977         2.1382
 69  6.638         3.5162         2.1371
 70  6.738         3.5336         2.1290
 71  6.838         3.5502         2.1227
 72  6.938         3.5660         2.1188
 73  7.038         3.5812         2.1180
 74  7.138         3.5960         2.1209
 75  7.238         3.6105         2.1277
 76  7.338         3.6248         2.1342
 77  7.438         3.6388         2.1409
 78  7.538         3.6527         2.1524
 79  7.638         3.6665         2.1611
 80  7.738         3.6798         2.1599
 81  7.838         3.6930         2.1674
 82  7.938         3.7061         2.1780
 83  8.038         3.7192         2.1945
 84  8.138         3.7326         2.2157
 85  8.238         3.7460         2.2289
 86  8.338         3.7593         2.2383
 87  8.438         3.7726         2.2516
 88  8.538         3.7859         2.2632
 89  8.638         3.7993         2.2843
 90  8.738         3.8134         2.3158
 91  8.838         3.8279         2.3456
 92  8.938         3.8431         2.3784
 93  9.038         3.8586         2.4043
 94  9.138         3.8745         2.4293
 95  9.238         3.8907         2.4556
 96  9.338         3.9074         2.4844
 97  9.438         3.9247         2.5163
 98  9.538         3.9427         2.5513
 99  9.638         3.9614         2.5858
100  9.738         3.9809         2.6226
101  9.838         4.0011         2.6599
102  9.938         4.0214         2.6796
103 10.038         4.0420         2.7093
104 10.138         4.0639         2.7539
105 10.238         4.0867         2.7972
106 10.338         4.1107         2.8403
107 10.438         4.1357         2.8838
108 10.538         4.1618         2.9278
109 10.638         4.1891         2.9728
110 10.738         4.2175         3.0192
111 10.838         4.2472         3.0674
112 10.938         4.2783         3.1186
113 11.038         4.3099         3.1561
114 11.138         4.3418         3.1910
115 11.238         4.3728         3.2122
116 11.338         4.4033         3.2342
117 11.438         4.4323         3.2428
118 11.538         4.4610         3.2669
119 11.638         4.4894         3.2909
120 11.738         4.5177         3.3177
121 11.838         4.5458         3.3414
122 11.938         4.5735         3.3651
123 12.038         4.6011         3.3913
124 12.138         4.6286         3.4162
125 12.238         4.6558         3.4384
126 12.338         4.6828         3.4635
127 12.438         4.7099         3.4916
128 12.538         4.7370         3.5180
129 12.638         4.7644         3.5505
130 12.738         4.7925         3.5897
131 12.838         4.8214         3.6303
132 12.938         4.8508         3.6671
133 13.038         4.8804         3.6994
134 13.138         4.9101         3.7299
135 13.238         4.9401         3.7641
136 13.338         4.9701         3.7953
137 13.438         5.0000         3.8228


#AGE=11.000 BINS=138 Power-law IMF: x=-2.350
# N  sdss_r       Log10(N)       Log10(dN)
  1 -0.109        -0.1586        -0.1586
  2 -0.009         0.0944        -0.2606
  3  0.091         0.2440        -0.2916
  4  0.191         0.3575        -0.2805
  5  0.291         0.4511        -0.2614
  6  0.391         0.5306        -0.2464
  7  0.491         0.6001        -0.2298
  8  0.591         0.6646        -0.1956
  9  0.691         0.7247        -0.1637
 10  0.791         0.7799        -0.1431
 11  0.891         0.8329        -0.1069
 12  0.991         0.8837        -0.0738
 13  1.091         0.9384         0.0119
 14  1.191         0.9988         0.1121
 15  1.291         1.0426         0.0240
 16  1.391         1.1274         0.3766
 17  1.491         1.2481         0.6328
 18  1.591         1.2762         0.0742
 19  1.691         1.3057         0.1229
 20  1.791         1.3349         0.1483
 21  1.891         1.3643         0.1797
 22  1.991         1.3938         0.2111
 23  2.091         1.4238         0.2477
 24  2.191         1.4538         0.2794
 25  2.291         1.4845         0.3182
 26  2.391         1.5153         0.3510
 27  2.491         1.5471         0.3953
 28  2.591         1.5792         0.4322
 29  2.691         1.6121         0.4756
 30  2.791         1.6462         0.5235
 31  2.891         1.6815         0.5746
 32  2.991         1.7195         0.6429
 33  3.091         1.7606         0.7157
 34  3.191         1.8034         0.7765
 35  3.291         1.8444         0.7989
 36  3.391         1.8839         0.8228
 37  3.491         1.9217         0.8423
 38  3.591         1.9579         0.8612
 39  3.691         1.9935         0.8892
 40  3.791         2.0311         0.9506
 41  3.891         2.2650         1.8844
 42  3.991         2.4339         1.9421
 43  4.091         2.5200         1.7748
 44  4.191         2.5936         1.7861
 45  4.291         2.6600         1.8116
 46  4.391         2.7203         1.8334
 47  4.491         2.7752         1.8497
 48  4.591         2.8280         1.8867
 49  4.691         2.8790         1.9239
 50  4.791         2.9286         1.9615
 51  4.891         2.9733         1.9634
 52  4.991         3.0141         1.9667
 53  5.091         3.0520         1.9746
 54  5.191         3.0877         1.9850
 55  5.291         3.1216         1.9969
 56  5.391         3.1539         2.0089
 57  5.491         3.1845         2.0179
 58  5.591         3.2137         2.0262
 59  5.691         3.2416         2.0348
 60  5.791         3.2681         2.0415
 61  5.891         3.2935         2.0466
 62  5.991         3.3177         2.0532
 63  6.091         3.3412         2.0619
 64  6.191         3.3638         2.0695
 65  6.291         3.3858         2.0789
 66  6.391         3.4070         2.0851
 67  6.491         3.4273         2.0875
 68  6.591         3.4466         2.0848
 69  6.691         3.4649         2.0806
 70  6.791         3.4823         2.0746
 71  6.891         3.4988         2.0705
 72  6.991         3.5146         2.0692
 73  7.091         3.5300         2.0702
 74  7.191         3.5450         2.0777
 75  7.291         3.5598         2.0844
 76  7.391         3.5743         2.0903
 77  7.491         3.5887         2.1011
 78  7.591         3.6028         2.1070
 79  7.691         3.6165         2.1112
 80  7.791         3.6300         2.1147
 81  7.891         3.6434         2.1242
 82  7.991         3.6568         2.1421
 83  8.091         3.6704         2.1585
 84  8.191         3.6841         2.1769
 85  8.291         3.6978         2.1889
 86  8.391         3.7113         2.1965
 87  8.491         3.7248         2.2119
 88  8.591         3.7384         2.2276
 89  8.691         3.7525         2.2549
 90  8.791         3.7671         2.2881
 91  8.891         3.7823         2.3178
 92  8.991         3.7980         2.3473
 93  9.091         3.8139         2.3714
 94  9.191         3.8302         2.3968
 95  9.291         3.8470         2.4242
 96  9.391         3.8643         2.4564
 97  9.491         3.8823         2.4912
 98  9.591         3.9010         2.5261
 99  9.691         3.9204         2.5615
100  9.791         3.9407         2.5990
101  9.891         3.9615         2.6314
102  9.991         3.9824         2.6555
103 10.091         4.0042         2.6930
104 10.191         4.0269         2.7343
105 10.291         4.0506         2.7752
106 10.391         4.0752         2.8169
107 10.491         4.1009         2.8598
108 10.591         4.1277         2.9041
109 10.691         4.1556         2.9504
110 10.791         4.1849         2.9993
111 10.891         4.2157         3.0515
112 10.991         4.2477         3.0984
113 11.091         4.2769         3.0901
114 11.191         4.3114         3.1950
115 11.291         4.3425         3.1810
116 11.391         4.3726         3.1997
117 11.491         4.4017         3.2120
118 11.591         4.4302         3.2331
119 11.691         4.4587         3.2625
120 11.791         4.4870         3.2867
121 11.891         4.5150         3.3103
122 11.991         4.5427         3.3340
123 12.091         4.5703         3.3588
124 12.191         4.5977         3.3848
125 12.291         4.6249         3.4086
126 12.391         4.6517         3.4284
127 12.491         4.6786         3.4561
128 12.591         4.7060         3.4929
129 12.691         4.7339         3.5277
130 12.791         4.7622         3.5627
131 12.891         4.7910         3.5987
132 12.991         4.8206         3.6384
133 13.091         4.8506         3.6747
134 13.191         4.8806         3.7054
135 13.291         4.9104         3.7327
136 13.391         4.9403         3.7635
137 13.491         4.9702         3.7931
138 13.591         5.0000         3.8212


#AGE=12.000 BINS=135 Power-law IMF: x=-2.350
# N  sdss_r       Log10(N)       Log10(dN)
  1 -0.038        -0.1260        -0.1260
  2  0.062         0.1392        -0.2009
  3  0.162         0.3024        -0.2017
  4  0.262         0.4216        -0.1982
  5  0.362         0.5174        -0.1862
  6  0.462         0.6001        -0.1608
  7  0.562         0.6734        -0.1357
  8  0.662         0.7403        -0.1049
  9  0.762         0.8011        -0.0830
 10  0.862         0.8582        -0.0510
 11  0.962         0.9125        -0.0175
 12  1.062         0.9671         0.0401
 13  1.162         1.0253         0.1232
 14  1.262         1.0802         0.1546
 15  1.362         1.1285         0.1508
 16  1.462         1.2500         0.6374
 17  1.562         1.3324         0.5704
 18  1.662         1.3616         0.1747
 19  1.762         1.3913         0.2110
 20  1.862         1.4212         0.2440
 21  1.962         1.4508         0.2695
 22  2.062         1.4808         0.3060
 23  2.162         1.5110         0.3381
 24  2.262         1.5415         0.3722
 25  2.362         1.5722         0.4071
 26  2.462         1.6038         0.4489
 27  2.562         1.6357         0.4858
 28  2.662         1.6682         0.5265
 29  2.762         1.7018         0.5733
 30  2.862         1.7364         0.6213
 31  2.962         1.7733         0.6844
 32  3.062         1.8135         0.7594
 33  3.162         1.8575         0.8412
 34  3.262         1.9003         0.8732
 35  3.362         1.9405         0.8873
 36  3.462         1.9787         0.9041
 37  3.562         2.0148         0.9158
 38  3.662         2.0491         0.9296
 39  3.762         2.0829         0.9571
 40  3.862         2.1189         1.0194
 41  3.962         2.2715         1.7432
 42  4.062         2.4879         2.0817
 43  4.162         2.5775         1.8479
 44  4.262         2.6534         1.8587
 45  4.362         2.7212         1.8806
 46  4.462         2.7825         1.9024
 47  4.562         2.8378         1.9150
 48  4.662         2.8910         1.9531
 49  4.762         2.9422         1.9879
 50  4.862         2.9920         2.0270
 51  4.962         3.0371         2.0307
 52  5.062         3.0781         2.0336
 53  5.162         3.1164         2.0423
 54  5.262         3.1526         2.0551
 55  5.362         3.1868         2.0670
 56  5.462         3.2193         2.0771
 57  5.562         3.2501         2.0859
 58  5.662         3.2795         2.0946
 59  5.762         3.3074         2.1021
 60  5.862         3.3340         2.1070
 61  5.962         3.3594         2.1146
 62  6.062         3.3839         2.1225
 63  6.162         3.4075         2.1306
 64  6.262         3.4303         2.1396
 65  6.362         3.4523         2.1458
 66  6.462         3.4734         2.1503
 67  6.562         3.4936         2.1504
 68  6.662         3.5125         2.1421
 69  6.762         3.5306         2.1412
 70  6.862         3.5476         2.1322
 71  6.962         3.5641         2.1338
 72  7.062         3.5800         2.1360
 73  7.162         3.5956         2.1429
 74  7.262         3.6108         2.1488
 75  7.362         3.6257         2.1546
 76  7.462         3.6405         2.1648
 77  7.562         3.6551         2.1730
 78  7.662         3.6692         2.1751
 79  7.762         3.6830         2.1769
 80  7.862         3.6966         2.1866
 81  7.962         3.7103         2.2013
 82  8.062         3.7242         2.2224
 83  8.162         3.7382         2.2391
 84  8.262         3.7522         2.2558
 85  8.362         3.7661         2.2639
 86  8.462         3.7798         2.2722
 87  8.562         3.7937         2.2922
 88  8.662         3.8079         2.3138
 89  8.762         3.8227         2.3476
 90  8.862         3.8380         2.3785
 91  8.962         3.8538         2.4067
 92  9.062         3.8699         2.4319
 93  9.162         3.8864         2.4574
 94  9.262         3.9033         2.4849
 95  9.362         3.9207         2.5149
 96  9.462         3.9388         2.5494
 97  9.562         3.9577         2.5862
 98  9.662         3.9773         2.6214
 99  9.762         3.9975         2.6567
100  9.862         4.0186         2.6931
101  9.962         4.0405         2.7325
102 10.062         4.0633         2.7725
103 10.162         4.0867         2.8066
104 10.262         4.1106         2.8393
105 10.362         4.1351         2.8745
106 10.462         4.1604         2.9125
107 10.562         4.1866         2.9537
108 10.662         4.2139         2.9988
109 10.762         4.2426         3.0483
110 10.862         4.2728         3.1000
111 10.962         4.3047         3.1557
112 11.062         4.3367         3.1883
113 11.162         4.3695         3.2308
114 11.262         4.4005         3.2392
115 11.362         4.4312         3.2657
116 11.462         4.4606         3.2761
117 11.562         4.4896         3.3000
118 11.662         4.5184         3.3254
119 11.762         4.5469         3.3491
120 11.862         4.5750         3.3729
121 11.962         4.6029         3.3963
122 12.062         4.6306         3.4222
123 12.162         4.6583         3.4480
124 12.262         4.6854         3.4679
125 12.362         4.7123         3.4903
126 12.462         4.7392         3.5190
127 12.562         4.7662         3.5465
128 12.662         4.7937         3.5816
129 12.762         4.8221         3.6228
130 12.862         4.8511         3.6615
131 12.962         4.8805         3.6958
132 13.062         4.9100         3.7279
133 13.162         4.9400         3.7639
134 13.262         4.9701         3.7960
135 13.362         5.0000         3.8233


#AGE=13.000 BINS=136 Power-law IMF: x=-2.350
# N  sdss_r       Log10(N)       Log10(dN)
  1 -0.010        -0.1547        -0.1547
  2  0.090         0.1083        -0.2344
  3  0.190         0.2670        -0.2471
  4  0.290         0.3833        -0.2458
  5  0.390         0.4795        -0.2222
  6  0.490         0.5611        -0.2052
  7  0.590         0.6324        -0.1876
  8  0.690         0.6984        -0.1525
  9  0.790         0.7593        -0.1237
 10  0.890         0.8159        -0.0970
 11  0.990         0.8698        -0.0628
 12  1.090         0.9122        -0.1198
 13  1.190         0.9718         0.0796
 14  1.290         1.0280         0.1127
 15  1.390         1.0749         0.0844
 16  1.490         1.1432         0.3063
 17  1.590         1.2853         0.7309
 18  1.690         1.3141         0.1223
 19  1.790         1.3439         0.1657
 20  1.890         1.3738         0.1966
 21  1.990         1.4035         0.2234
 22  2.090         1.4334         0.2567
 23  2.190         1.4635         0.2886
 24  2.290         1.4938         0.3232
 25  2.390         1.5244         0.3573
 26  2.490         1.5558         0.3988
 27  2.590         1.5874         0.4342
 28  2.690         1.6199         0.4770
 29  2.790         1.6530         0.5192
 30  2.890         1.6875         0.5697
 31  2.990         1.7234         0.6233
 32  3.090         1.7626         0.6983
 33  3.190         1.8055         0.7795
 34  3.290         1.8476         0.8132
 35  3.390         1.8873         0.8287
 36  3.490         1.9252         0.8467
 37  3.590         1.9613         0.8627
 38  3.690         1.9955         0.8752
 39  3.790         2.0290         0.8997
 40  3.890         2.0637         0.9492
 41  3.990         2.1053         1.0661
 42  4.090         2.3832         2.0576
 43  4.190         2.4893         1.8252
 44  4.290         2.5728         1.8159
 45  4.390         2.6456         1.8338
 46  4.490         2.7108         1.8553
 47  4.590         2.7697         1.8726
 48  4.690         2.8241         1.8952
 49  4.790         2.8765         1.9318
 50  4.890         2.9276         1.9729
 51  4.990         2.9751         1.9909
 52  5.090         3.0181         1.9925
 53  5.190         3.0580         2.0009
 54  5.290         3.0954         2.0128
 55  5.390         3.1309         2.0248
 56  5.490         3.1643         2.0339
 57  5.590         3.1960         2.0436
 58  5.690         3.2261         2.0527
 59  5.790         3.2548         2.0594
 60  5.890         3.2820         2.0651
 61  5.990         3.3080         2.0731
 62  6.090         3.3330         2.0807
 63  6.190         3.3571         2.0892
 64  6.290         3.3803         2.0971
 65  6.390         3.4027         2.1041
 66  6.490         3.4241         2.1064
 67  6.590         3.4444         2.1040
 68  6.690         3.4635         2.0973
 69  6.790         3.4818         2.0958
 70  6.890         3.4990         2.0894
 71  6.990         3.5159         2.0956
 72  7.090         3.5320         2.0942
 73  7.190         3.5479         2.1045
 74  7.290         3.5635         2.1091
 75  7.390         3.5788         2.1192
 76  7.490         3.5938         2.1257
 77  7.590         3.6086         2.1334
 78  7.690         3.6229         2.1326
 79  7.790         3.6369         2.1393
 80  7.890         3.6509         2.1523
 81  7.990         3.6650         2.1670
 82  8.090         3.6792         2.1865
 83  8.190         3.6934         2.2030
 84  8.290         3.7077         2.2189
 85  8.390         3.7219         2.2294
 86  8.490         3.7360         2.2398
 87  8.590         3.7503         2.2609
 88  8.690         3.7649         2.2844
 89  8.790         3.7802         2.3196
 90  8.890         3.7960         2.3491
 91  8.990         3.8122         2.3754
 92  9.090         3.8287         2.3994
 93  9.190         3.8456         2.4262
 94  9.290         3.8629         2.4558
 95  9.390         3.8808         2.4872
 96  9.490         3.8994         2.5223
 97  9.590         3.9188         2.5584
 98  9.690         3.9389         2.5950
 99  9.790         3.9597         2.6300
100  9.890         3.9813         2.6670
101  9.990         4.0039         2.7075
102 10.090         4.0272         2.7465
103 10.190         4.0513         2.7828
104 10.290         4.0762         2.8222
105 10.390         4.1018         2.8604
106 10.490         4.1281         2.8971
107 10.590         4.1547         2.9281
108 10.690         4.1817         2.9613
109 10.790         4.2100         3.0097
110 10.890         4.2407         3.0758
111 10.990         4.2731         3.1301
112 11.090         4.3044         3.1460
113 11.190         4.3385         3.2167
114 11.290         4.3696         3.2095
115 11.390         4.4001         3.2314
116 11.490         4.4298         3.2502
117 11.590         4.4589         3.2694
118 11.690         4.4877         3.2955
119 11.790         4.5163         3.3204
120 11.890         4.5445         3.3430
121 11.990         4.5725         3.3673
122 12.090         4.6002         3.3917
123 12.190         4.6277         3.4150
124 12.290         4.6549         3.4384
125 12.390         4.6817         3.4593
126 12.490         4.7085         3.4858
127 12.590         4.7358         3.5209
128 12.690         4.7635         3.5543
129 12.790         4.7917         3.5904
130 12.890         4.8208         3.6311
131 12.990         4.8504         3.6702
132 13.090         4.8803         3.7031
133 13.190         4.9101         3.7318
134 13.290         4.9401         3.7644
135 13.390         4.9701         3.7949
136 13.490         5.0000         3.8227
