#NUMBER OF AGES=15
#----------------------------------------------------       
#MIX-LEN  Y      Z          Zeff        [Fe/H] [a/Fe]       
# 1.9380  0.2537 5.3740E-03 5.3740E-03  -0.50   0.00        
#----------------------------------------------------       
#**PHOTOMETRIC SYSTEM**: SDSS (AB)                          
#----------------------------------------------------       
#AGE= 0.010 BINS=149 Power-law IMF: x=-2.350
# N  sdss_r       Log10(N)       Log10(dN)
  1 -3.085         1.5416         1.5416
  2 -2.985         1.8363         1.5288
  3 -2.885         2.0238         1.5686
  4 -2.785         2.1602         1.5907
  5 -2.685         2.2512         1.5277
  6 -2.585         2.3174         1.4682
  7 -2.485         2.3678         1.4077
  8 -2.385         2.4073         1.3462
  9 -2.285         2.4388         1.2839
 10 -2.185         2.4644         1.2213
 11 -2.085         2.4854         1.1594
 12 -1.985         2.5029         1.0995
 13 -1.885         2.5177         1.0437
 14 -1.785         2.5305         0.9947
 15 -1.685         2.5421         0.9617
 16 -1.585         2.5533         0.9602
 17 -1.485         2.5765         1.2925
 18 -1.385         2.5985         1.2913
 19 -1.285         2.6192         1.2878
 20 -1.185         2.6392         1.2917
 21 -1.085         2.6588         1.3038
 22 -0.985         2.6788         1.3314
 23 -0.885         2.6964         1.2969
 24 -0.785         2.7096         1.1853
 25 -0.685         2.7190         1.0496
 26 -0.585         2.7247         0.8386
 27 -0.485         2.7276         0.5471
 28 -0.385         2.7284         0.0187
 29 -0.285         2.7598         1.6034
 30 -0.185         2.7838         1.5135
 31 -0.085         2.8020         1.4160
 32  0.015         2.8203         1.4346
 33  0.115         2.8414         1.5175
 34  0.215         2.8671         1.6273
 35  0.315         2.8927         1.6502
 36  0.415         2.9197         1.7002
 37  0.515         2.9518         1.8044
 38  0.615         2.9864         1.8699
 39  0.715         3.0202         1.8947
 40  0.815         3.0541         1.9295
 41  0.915         3.0900         1.9893
 42  1.015         3.1308         2.0842
 43  1.115         3.1765         2.1756
 44  1.215         3.2368         2.3495
 45  1.315         3.2698         2.1348
 46  1.415         3.2885         1.9125
 47  1.515         3.3072         1.9322
 48  1.615         3.3260         1.9522
 49  1.715         3.3448         1.9722
 50  1.815         3.3637         1.9932
 51  1.915         3.3827         2.0146
 52  2.015         3.4019         2.0376
 53  2.115         3.4213         2.0615
 54  2.215         3.4409         2.0863
 55  2.315         3.4608         2.1114
 56  2.415         3.4808         2.1338
 57  2.515         3.5009         2.1564
 58  2.615         3.5214         2.1846
 59  2.715         3.5418         2.2044
 60  2.815         3.5624         2.2277
 61  2.915         3.5833         2.2549
 62  3.015         3.6045         2.2819
 63  3.115         3.6256         2.3032
 64  3.215         3.6469         2.3273
 65  3.315         3.6685         2.3531
 66  3.415         3.6903         2.3806
 67  3.515         3.7125         2.4108
 68  3.615         3.9692         3.6187
 69  3.715         3.9776         2.2614
 70  3.815         3.9854         2.2324
 71  3.915         3.9921         2.1818
 72  4.015         3.9980         2.1237
 73  4.115         3.8498         2.1237
 74  4.215         3.8605         2.2444
 75  4.315         3.8711         2.2539
 76  4.415         3.8817         2.2635
 77  4.515         3.8922         2.2732
 78  4.615         3.9028         2.2829
 79  4.715         3.9133         2.2927
 80  4.815         3.9238         2.3026
 81  4.915         3.9343         2.3126
 82  5.015         3.9448         2.3226
 83  5.115         3.9553         2.3327
 84  5.215         3.9658         2.3429
 85  5.315         3.9763         2.3539
 86  5.415         3.9868         2.3645
 87  5.515         3.9972         2.3742
 88  5.615         4.0077         2.3831
 89  5.715         4.0180         2.3912
 90  5.815         4.0284         2.4025
 91  5.915         4.0387         2.4080
 92  6.015         4.0485         2.3962
 93  6.115         4.0578         2.3829
 94  6.215         4.0668         2.3794
 95  6.315         4.0758         2.3865
 96  6.415         4.0849         2.4028
 97  6.515         4.0940         2.4112
 98  6.615         4.1031         2.4183
 99  6.715         4.1122         2.4305
100  6.815         4.1215         2.4479
101  6.915         4.1311         2.4707
102  7.015         4.1396         2.4285
103  7.115         4.1449         2.2236
104  7.215         4.1504         2.2515
105  7.315         4.1565         2.3017
106  7.415         4.1634         2.3619
107  7.515         4.1710         2.4095
108  7.615         4.1793         2.4536
109  7.715         4.1936         2.7039
110  7.815         4.2177         2.9500
111  7.915         4.2406         2.9520
112  8.015         4.2635         2.9749
113  8.115         4.2886         3.0374
114  8.215         4.3141         3.0697
115  8.315         4.3359         3.0264
116  8.415         4.3619         3.1260
117  8.515         4.3875         3.1446
118  8.615         4.4125         3.1605
119  8.715         4.4368         3.1736
120  8.815         4.4604         3.1832
121  8.915         4.4830         3.1887
122  9.015         4.5045         3.1876
123  9.115         4.5244         3.1768
124  9.215         4.5429         3.1623
125  9.315         4.5600         3.1453
126  9.415         4.5760         3.1362
127  9.515         4.5916         3.1386
128  9.615         4.6073         3.1589
129  9.715         4.6241         3.2025
130  9.815         4.6408         3.2167
131  9.915         4.6558         3.1860
132 10.015         4.6723         3.2447
133 10.115         4.6890         3.2652
134 10.215         4.7059         3.2874
135 10.315         4.7231         3.3114
136 10.415         4.7406         3.3371
137 10.515         4.7585         3.3647
138 10.615         4.7768         3.3933
139 10.715         4.7953         3.4158
140 10.815         4.8140         3.4380
141 10.915         4.8329         3.4618
142 11.015         4.8520         3.4875
143 11.115         4.8716         3.5152
144 11.215         4.8916         3.5449
145 11.315         4.9121         3.5767
146 11.415         4.9333         3.6114
147 11.515         4.9553         3.6489
148 11.615         4.9777         3.6787
149 11.715         5.0000         3.6992


#AGE= 0.100 BINS=144 Power-law IMF: x=-2.350
# N  sdss_r       Log10(N)       Log10(dN)
  1 -2.484         1.5712         1.5712
  2 -2.384         1.8976         1.6206
  3 -2.284         2.0808         1.6177
  4 -2.184         2.1903         1.5381
  5 -2.084         2.2649         1.4633
  6 -1.984         2.3191         1.3885
  7 -1.884         2.3600         1.3141
  8 -1.784         2.3918         1.2408
  9 -1.684         2.4172         1.1700
 10 -1.584         2.4378         1.1038
 11 -1.484         2.4550         1.0452
 12 -1.384         2.4712         1.0338
 13 -1.284         2.4853         0.9903
 14 -1.184         2.4984         0.9709
 15 -1.084         2.5110         0.9695
 16 -0.984         2.5252         1.0319
 17 -0.884         2.5543         1.3656
 18 -0.784         2.5832         1.3920
 19 -0.684         2.6121         1.4210
 20 -0.584         2.6383         1.4062
 21 -0.484         2.6578         1.2995
 22 -0.384         2.6721         1.1834
 23 -0.284         2.6827         1.0651
 24 -0.184         2.7213         1.6512
 25 -0.084         2.7536         1.6089
 26  0.016         2.7787         1.5272
 27  0.116         2.8032         1.5429
 28  0.216         2.8299         1.6053
 29  0.316         2.8605         1.6937
 30  0.416         2.8906         1.7161
 31  0.516         2.9217         1.7607
 32  0.616         2.9575         1.8555
 33  0.716         2.9955         1.9190
 34  0.816         3.0327         1.9471
 35  0.916         3.0703         1.9885
 36  1.016         3.1105         2.0569
 37  1.116         3.1551         2.1449
 38  1.216         3.2048         2.2390
 39  1.316         3.2634         2.3647
 40  1.416         3.2972         2.1715
 41  1.516         3.3181         1.9899
 42  1.616         3.3388         2.0053
 43  1.716         3.3592         2.0209
 44  1.816         3.3794         2.0366
 45  1.916         3.4618         2.6994
 46  2.016         3.4805         2.1055
 47  2.116         3.4990         2.1188
 48  2.216         3.5171         2.1282
 49  2.316         3.5356         2.1561
 50  2.416         3.5540         2.1721
 51  2.516         3.5723         2.1876
 52  2.616         3.5904         2.2008
 53  2.716         3.6082         2.2117
 54  2.816         3.6256         2.2205
 55  2.916         3.6427         2.2308
 56  3.016         3.6598         2.2444
 57  3.116         3.6766         2.2573
 58  3.216         3.6931         2.2649
 59  3.316         3.7094         2.2735
 60  3.416         3.7253         2.2821
 61  3.516         3.7410         2.2913
 62  3.616         3.7565         2.3016
 63  3.716         3.7717         2.3072
 64  3.816         3.7864         2.3082
 65  3.916         3.8005         2.3077
 66  4.016         3.8140         2.2990
 67  4.116         3.8258         2.2550
 68  4.216         3.8359         2.1950
 69  4.316         3.8468         2.2425
 70  4.416         3.8577         2.2520
 71  4.516         3.8686         2.2615
 72  4.616         3.8794         2.2711
 73  4.716         3.8902         2.2807
 74  4.816         3.9010         2.2903
 75  4.916         3.9118         2.3000
 76  5.016         3.9225         2.3097
 77  5.116         3.9332         2.3195
 78  5.216         3.9439         2.3293
 79  5.316         3.9545         2.3392
 80  5.416         3.9652         2.3496
 81  5.516         3.9758         2.3606
 82  5.616         3.9865         2.3704
 83  5.716         3.9971         2.3790
 84  5.816         4.0076         2.3864
 85  5.916         4.0181         2.3954
 86  6.016         4.0285         2.4031
 87  6.116         4.0385         2.3960
 88  6.216         4.0480         2.3836
 89  6.316         4.0572         2.3798
 90  6.416         4.0664         2.3861
 91  6.516         4.0757         2.4016
 92  6.616         4.0850         2.4102
 93  6.716         4.0942         2.4176
 94  6.816         4.1035         2.4304
 95  6.916         4.1130         2.4489
 96  7.016         4.1229         2.4730
 97  7.116         4.1330         2.4969
 98  7.216         4.1423         2.4653
 99  7.316         4.1480         2.2630
100  7.416         4.1539         2.2854
101  7.516         4.1605         2.3396
102  7.616         4.1678         2.3882
103  7.716         4.1752         2.4047
104  7.816         4.1838         2.4749
105  7.916         4.1936         2.5423
106  8.016         4.2132         2.8591
107  8.116         4.2370         2.9624
108  8.216         4.2634         3.0353
109  8.316         4.2886         3.0386
110  8.416         4.3136         3.0621
111  8.516         4.3411         3.1291
112  8.616         4.3682         3.1503
113  8.716         4.3948         3.1685
114  8.816         4.4207         3.1834
115  8.916         4.4458         3.1944
116  9.016         4.4698         3.2007
117  9.116         4.4926         3.2004
118  9.216         4.5136         3.1875
119  9.316         4.5328         3.1705
120  9.416         4.5506         3.1540
121  9.516         4.5673         3.1440
122  9.616         4.5836         3.1480
123  9.716         4.6004         3.1797
124  9.816         4.6179         3.2150
125  9.916         4.6333         3.1750
126 10.016         4.6502         3.2334
127 10.116         4.6672         3.2514
128 10.216         4.6843         3.2711
129 10.316         4.7016         3.2926
130 10.416         4.7191         3.3160
131 10.516         4.7369         3.3411
132 10.616         4.7551         3.3681
133 10.716         4.7738         3.3970
134 10.816         4.7927         3.4229
135 10.916         4.8118         3.4453
136 11.016         4.8311         3.4692
137 11.116         4.8507         3.4947
138 11.216         4.8706         3.5218
139 11.316         4.8909         3.5507
140 11.416         4.9117         3.5815
141 11.516         4.9331         3.6147
142 11.616         4.9552         3.6508
143 11.716         4.9776         3.6802
144 11.816         5.0000         3.7009


#AGE= 1.000 BINS=139 Power-law IMF: x=-2.350
# N  sdss_r       Log10(N)       Log10(dN)
  1 -0.967        -0.0604        -0.0604
  2 -0.867         0.2401        -0.0615
  3 -0.767         0.4137        -0.0684
  4 -0.667         0.5368        -0.0706
  5 -0.567         0.6329        -0.0697
  6 -0.467         0.7113        -0.0705
  7 -0.367         0.7778        -0.0702
  8 -0.267         0.8359        -0.0664
  9 -0.167         0.8872        -0.0656
 10 -0.067         0.9331        -0.0660
 11  0.033         0.9741        -0.0706
 12  0.133         1.0110        -0.0790
 13  0.233         1.0443        -0.0872
 14  0.333         1.0751        -0.0889
 15  0.433         1.1033        -0.0995
 16  0.533         1.1297        -0.0991
 17  0.633         1.3785         1.0180
 18  0.733         1.4279         0.4593
 19  0.833         1.4565         0.2615
 20  0.933         1.7349         1.4099
 21  1.033         1.9606         1.5683
 22  1.133         2.1200         1.6076
 23  1.233         2.2383         1.6156
 24  1.333         2.3371         1.6455
 25  1.433         2.4228         1.6757
 26  1.533         2.4995         1.7089
 27  1.633         2.5705         1.7487
 28  1.733         2.6356         1.7793
 29  1.833         2.6948         1.8004
 30  1.933         2.7518         1.8416
 31  2.033         2.8067         1.8813
 32  2.133         2.8571         1.8965
 33  2.233         2.9047         1.9215
 34  2.333         2.9502         1.9472
 35  2.433         2.9934         1.9698
 36  2.533         3.0331         1.9749
 37  2.633         3.0693         1.9727
 38  2.733         3.1037         1.9846
 39  2.833         3.1364         1.9969
 40  2.933         3.1676         2.0088
 41  3.033         3.1975         2.0203
 42  3.133         3.2262         2.0314
 43  3.233         3.2537         2.0420
 44  3.333         3.2802         2.0521
 45  3.433         3.3057         2.0618
 46  3.533         3.3302         2.0710
 47  3.633         3.3540         2.0797
 48  3.733         3.3769         2.0879
 49  3.833         3.3991         2.0962
 50  3.933         3.4206         2.1043
 51  4.033         3.4413         2.1108
 52  4.133         3.4615         2.1185
 53  4.233         3.4814         2.1323
 54  4.333         3.5009         2.1445
 55  4.433         3.5202         2.1577
 56  4.533         3.5392         2.1699
 57  4.633         3.5578         2.1810
 58  4.733         3.5762         2.1932
 59  4.833         3.5943         2.2055
 60  4.933         3.6122         2.2184
 61  5.033         3.6298         2.2301
 62  5.133         3.6473         2.2419
 63  5.233         3.6644         2.2527
 64  5.333         3.6813         2.2625
 65  5.433         3.6979         2.2712
 66  5.533         3.7141         2.2789
 67  5.633         3.7300         2.2856
 68  5.733         3.7456         2.2913
 69  5.833         3.7607         2.2959
 70  5.933         3.7755         2.2994
 71  6.033         3.7898         2.3017
 72  6.133         3.8038         2.3029
 73  6.233         3.8173         2.3033
 74  6.333         3.8305         2.3065
 75  6.433         3.8434         2.3101
 76  6.533         3.8560         2.3133
 77  6.633         3.8683         2.3159
 78  6.733         3.8804         2.3181
 79  6.833         3.8922         2.3192
 80  6.933         3.9037         2.3208
 81  7.033         3.9150         2.3259
 82  7.133         3.9262         2.3318
 83  7.233         3.9373         2.3376
 84  7.333         3.9484         2.3501
 85  7.433         3.9595         2.3622
 86  7.533         3.9706         2.3756
 87  7.633         3.9819         2.3893
 88  7.733         3.9932         2.4049
 89  7.833         4.0049         2.4280
 90  7.933         4.0168         2.4491
 91  8.033         4.0289         2.4659
 92  8.133         4.0410         2.4820
 93  8.233         4.0533         2.5004
 94  8.333         4.0660         2.5226
 95  8.433         4.0789         2.5455
 96  8.533         4.0919         2.5632
 97  8.633         4.1051         2.5792
 98  8.733         4.1184         2.5978
 99  8.833         4.1320         2.6236
100  8.933         4.1462         2.6531
101  9.033         4.1608         2.6798
102  9.133         4.1758         2.7066
103  9.233         4.1914         2.7394
104  9.333         4.2076         2.7712
105  9.433         4.2245         2.8049
106  9.533         4.2422         2.8442
107  9.633         4.2609         2.8847
108  9.733         4.2803         2.9211
109  9.833         4.3003         2.9532
110  9.933         4.3206         2.9819
111 10.033         4.3413         3.0092
112 10.133         4.3615         3.0180
113 10.233         4.3823         3.0533
114 10.333         4.4049         3.1092
115 10.433         4.4287         3.1547
116 10.533         4.4538         3.2037
117 10.633         4.4794         3.2377
118 10.733         4.5045         3.2538
119 10.833         4.5291         3.2702
120 10.933         4.5535         3.2910
121 11.033         4.5778         3.3122
122 11.133         4.6018         3.3337
123 11.233         4.6258         3.3556
124 11.333         4.6497         3.3779
125 11.433         4.6735         3.4006
126 11.533         4.6972         3.4236
127 11.633         4.7209         3.4457
128 11.733         4.7445         3.4677
129 11.833         4.7680         3.4900
130 11.933         4.7915         3.5126
131 12.033         4.8150         3.5356
132 12.133         4.8384         3.5589
133 12.233         4.8619         3.5835
134 12.333         4.8854         3.6072
135 12.433         4.9088         3.6284
136 12.533         4.9319         3.6470
137 12.633         4.9548         3.6640
138 12.733         4.9774         3.6831
139 12.833         5.0000         3.7052


#AGE= 2.000 BINS=158 Power-law IMF: x=-2.350
# N  sdss_r       Log10(N)       Log10(dN)
  1 -2.563        -0.4276        -0.4276
  2 -2.463        -0.1379        -0.4506
  3 -2.363         0.0338        -0.4521
  4 -2.263         0.1602        -0.4378
  5 -2.163         0.2619        -0.4181
  6 -2.063         0.3479        -0.3977
  7 -1.963         0.4235        -0.3729
  8 -1.863         0.4917        -0.3462
  9 -1.763         0.5542        -0.3186
 10 -1.663         0.6121        -0.2914
 11 -1.563         0.6664        -0.2633
 12 -1.463         0.7176        -0.2369
 13 -1.363         0.7661        -0.2100
 14 -1.263         0.8126        -0.1800
 15 -1.163         0.8575        -0.1504
 16 -1.063         0.9010        -0.1203
 17 -0.963         0.9432        -0.0905
 18 -0.863         0.9843        -0.0593
 19 -0.763         1.0243        -0.0319
 20 -0.663         1.0631        -0.0052
 21 -0.563         1.1008         0.0206
 22 -0.463         1.1375         0.0468
 23 -0.363         1.1736         0.0747
 24 -0.263         1.2072         0.0792
 25 -0.163         1.2379         0.0718
 26 -0.063         1.3611         0.7539
 27  0.037         1.4419         0.6715
 28  0.137         1.4750         0.3412
 29  0.237         1.5068         0.3553
 30  0.337         1.5360         0.3489
 31  0.437         1.5619         0.3243
 32  0.537         1.5854         0.3081
 33  0.637         1.6075         0.3024
 34  0.737         1.6285         0.3027
 35  0.837         1.6485         0.3012
 36  0.937         1.6674         0.2978
 37  1.037         1.6854         0.2947
 38  1.137         1.7026         0.2900
 39  1.237         1.7190         0.2876
 40  1.337         1.7346         0.2819
 41  1.437         1.7495         0.2793
 42  1.537         1.8184         0.9846
 43  1.637         1.9088         1.1829
 44  1.737         1.9412         0.7981
 45  1.837         1.9926         1.0401
 46  1.937         2.1281         1.5561
 47  2.037         2.2785         1.7449
 48  2.137         2.3915         1.7518
 49  2.237         2.4835         1.7642
 50  2.337         2.5649         1.7977
 51  2.437         2.6340         1.8016
 52  2.537         2.6957         1.8180
 53  2.637         2.7534         1.8479
 54  2.737         2.8064         1.8671
 55  2.837         2.8562         1.8905
 56  2.937         2.9030         1.9129
 57  3.037         2.9472         1.9329
 58  3.137         2.9863         1.9208
 59  3.237         3.0219         1.9177
 60  3.337         3.0568         1.9441
 61  3.437         3.0908         1.9687
 62  3.537         3.1241         1.9919
 63  3.637         3.1546         1.9852
 64  3.737         3.1830         1.9854
 65  3.837         3.2105         1.9983
 66  3.937         3.2368         2.0051
 67  4.037         3.2623         2.0190
 68  4.137         3.2872         2.0327
 69  4.237         3.3114         2.0465
 70  4.337         3.3352         2.0610
 71  4.437         3.3584         2.0742
 72  4.537         3.3810         2.0877
 73  4.637         3.4032         2.1000
 74  4.737         3.4249         2.1129
 75  4.837         3.4463         2.1280
 76  4.937         3.4672         2.1394
 77  5.037         3.4876         2.1480
 78  5.137         3.5076         2.1627
 79  5.237         3.5278         2.1847
 80  5.337         3.5474         2.1917
 81  5.437         3.5664         2.1986
 82  5.537         3.5850         2.2058
 83  5.637         3.6030         2.2123
 84  5.737         3.6205         2.2179
 85  5.837         3.6376         2.2226
 86  5.937         3.6541         2.2265
 87  6.037         3.6701         2.2296
 88  6.137         3.6857         2.2317
 89  6.237         3.7007         2.2336
 90  6.337         3.7154         2.2366
 91  6.437         3.7297         2.2397
 92  6.537         3.7436         2.2426
 93  6.637         3.7572         2.2454
 94  6.737         3.7704         2.2481
 95  6.837         3.7834         2.2509
 96  6.937         3.7960         2.2533
 97  7.037         3.8083         2.2542
 98  7.137         3.8205         2.2620
 99  7.237         3.8326         2.2731
100  7.337         3.8447         2.2831
101  7.437         3.8568         2.2944
102  7.537         3.8688         2.3051
103  7.637         3.8810         2.3225
104  7.737         3.8933         2.3410
105  7.837         3.9059         2.3617
106  7.937         3.9188         2.3854
107  8.037         3.9318         2.4001
108  8.137         3.9448         2.4148
109  8.237         3.9580         2.4335
110  8.337         3.9714         2.4569
111  8.437         3.9852         2.4799
112  8.537         3.9992         2.4999
113  8.637         4.0133         2.5173
114  8.737         4.0276         2.5381
115  8.837         4.0422         2.5629
116  8.937         4.0573         2.5904
117  9.037         4.0728         2.6172
118  9.137         4.0887         2.6441
119  9.237         4.1051         2.6749
120  9.337         4.1223         2.7098
121  9.437         4.1402         2.7482
122  9.537         4.1592         2.7902
123  9.637         4.1791         2.8308
124  9.737         4.1999         2.8699
125  9.837         4.2215         2.9074
126  9.937         4.2438         2.9434
127 10.037         4.2668         2.9783
128 10.137         4.2880         2.9652
129 10.237         4.3087         2.9765
130 10.337         4.3312         3.0351
131 10.437         4.3551         3.0843
132 10.537         4.3799         3.1238
133 10.637         4.4055         3.1628
134 10.737         4.4315         3.1960
135 10.837         4.4572         3.2162
136 10.937         4.4821         3.2285
137 11.037         4.5066         3.2455
138 11.137         4.5307         3.2642
139 11.237         4.5547         3.2844
140 11.337         4.5785         3.3064
141 11.437         4.6024         3.3301
142 11.537         4.6263         3.3555
143 11.637         4.6502         3.3793
144 11.737         4.6741         3.4024
145 11.837         4.6979         3.4255
146 11.937         4.7217         3.4485
147 12.037         4.7455         3.4716
148 12.137         4.7692         3.4949
149 12.237         4.7930         3.5199
150 12.337         4.8168         3.5432
151 12.437         4.8404         3.5640
152 12.537         4.8637         3.5820
153 12.637         4.8867         3.5995
154 12.737         4.9096         3.6188
155 12.837         4.9323         3.6398
156 12.937         4.9549         3.6609
157 13.037         4.9775         3.6816
158 13.137         5.0000         3.7036


#AGE= 3.000 BINS=156 Power-law IMF: x=-2.350
# N  sdss_r       Log10(N)       Log10(dN)
  1 -2.431        -0.3625        -0.3625
  2 -2.331        -0.0881        -0.4175
  3 -2.231         0.0750        -0.4292
  4 -2.131         0.1941        -0.4259
  5 -2.031         0.2905        -0.4106
  6 -1.931         0.3734        -0.3865
  7 -1.831         0.4463        -0.3649
  8 -1.731         0.5126        -0.3365
  9 -1.631         0.5735        -0.3098
 10 -1.531         0.6302        -0.2823
 11 -1.431         0.6840        -0.2489
 12 -1.331         0.7347        -0.2239
 13 -1.231         0.7832        -0.1929
 14 -1.131         0.8296        -0.1638
 15 -1.031         0.8748        -0.1311
 16 -0.931         0.9187        -0.0983
 17 -0.831         0.9612        -0.0693
 18 -0.731         1.0028        -0.0364
 19 -0.631         1.0434        -0.0058
 20 -0.531         1.0831         0.0249
 21 -0.431         1.1220         0.0547
 22 -0.331         1.1602         0.0857
 23 -0.231         1.1978         0.1164
 24 -0.131         1.2349         0.1473
 25 -0.031         1.2697         0.1566
 26  0.069         1.3759         0.7123
 27  0.169         1.4517         0.6560
 28  0.269         1.4802         0.2841
 29  0.369         1.5080         0.2999
 30  0.469         1.5355         0.3236
 31  0.569         1.5632         0.3534
 32  0.669         1.5911         0.3862
 33  0.769         1.6193         0.4176
 34  0.869         1.6478         0.4509
 35  0.969         1.6767         0.4843
 36  1.069         1.7058         0.5170
 37  1.169         1.7351         0.5503
 38  1.269         1.7649         0.5872
 39  1.369         1.7951         0.6211
 40  1.469         1.8255         0.6562
 41  1.569         1.8562         0.6900
 42  1.669         1.8871         0.7247
 43  1.769         1.9184         0.7599
 44  1.869         1.9499         0.7955
 45  1.969         1.9816         0.8286
 46  2.069         2.0133         0.8607
 47  2.169         2.0452         0.8961
 48  2.269         2.2814         1.9040
 49  2.369         2.3936         1.7508
 50  2.469         2.4974         1.8250
 51  2.569         2.5695         1.7544
 52  2.669         2.6303         1.7464
 53  2.769         2.6845         1.7537
 54  2.869         2.7235         1.6570
 55  2.969         2.7479         1.4850
 56  3.069         2.8010         1.8624
 57  3.169         2.8545         1.9185
 58  3.269         2.9040         1.9368
 59  3.369         2.9530         1.9809
 60  3.469         2.9914         1.9184
 61  3.569         3.0291         1.9490
 62  3.669         3.0653         1.9681
 63  3.769         3.0993         1.9769
 64  3.869         3.1317         1.9882
 65  3.969         3.1628         2.0020
 66  4.069         3.1927         2.0163
 67  4.169         3.2218         2.0324
 68  4.269         3.2500         2.0488
 69  4.369         3.2774         2.0632
 70  4.469         3.3040         2.0782
 71  4.569         3.3298         2.0915
 72  4.669         3.3550         2.1050
 73  4.769         3.3796         2.1209
 74  4.869         3.4036         2.1346
 75  4.969         3.4269         2.1456
 76  5.069         3.4498         2.1599
 77  5.169         3.4725         2.1795
 78  5.269         3.4951         2.1993
 79  5.369         3.5171         2.2106
 80  5.469         3.5382         2.2158
 81  5.569         3.5585         2.2167
 82  5.669         3.5780         2.2204
 83  5.769         3.5968         2.2251
 84  5.869         3.6151         2.2292
 85  5.969         3.6327         2.2334
 86  6.069         3.6499         2.2375
 87  6.169         3.6665         2.2415
 88  6.269         3.6827         2.2456
 89  6.369         3.6984         2.2498
 90  6.469         3.7137         2.2537
 91  6.569         3.7287         2.2569
 92  6.669         3.7432         2.2601
 93  6.769         3.7573         2.2630
 94  6.869         3.7711         2.2649
 95  6.969         3.7844         2.2649
 96  7.069         3.7975         2.2712
 97  7.169         3.8106         2.2811
 98  7.269         3.8235         2.2902
 99  7.369         3.8363         2.3010
100  7.469         3.8491         2.3116
101  7.569         3.8620         2.3274
102  7.669         3.8749         2.3425
103  7.769         3.8881         2.3636
104  7.869         3.9016         2.3886
105  7.969         3.9153         2.4060
106  8.069         3.9290         2.4216
107  8.169         3.9428         2.4370
108  8.269         3.9568         2.4578
109  8.369         3.9711         2.4824
110  8.469         3.9857         2.5045
111  8.569         4.0004         2.5221
112  8.669         4.0152         2.5415
113  8.769         4.0303         2.5635
114  8.869         4.0458         2.5906
115  8.969         4.0617         2.6185
116  9.069         4.0781         2.6465
117  9.169         4.0949         2.6733
118  9.269         4.1122         2.7057
119  9.369         4.1303         2.7411
120  9.469         4.1493         2.7802
121  9.569         4.1692         2.8196
122  9.669         4.1900         2.8598
123  9.769         4.2118         2.9011
124  9.869         4.2346         2.9439
125  9.969         4.2586         2.9889
126 10.069         4.2830         3.0216
127 10.169         4.3048         2.9941
128 10.269         4.3270         3.0234
129 10.369         4.3503         3.0697
130 10.469         4.3749         3.1154
131 10.569         4.4005         3.1587
132 10.669         4.4262         3.1848
133 10.769         4.4520         3.2128
134 10.869         4.4774         3.2321
135 10.969         4.5022         3.2464
136 11.069         4.5265         3.2632
137 11.169         4.5506         3.2826
138 11.269         4.5746         3.3048
139 11.369         4.5987         3.3298
140 11.469         4.6227         3.3545
141 11.569         4.6467         3.3775
142 11.669         4.6707         3.4008
143 11.769         4.6947         3.4244
144 11.869         4.7186         3.4483
145 11.969         4.7426         3.4726
146 12.069         4.7667         3.4989
147 12.169         4.7909         3.5244
148 12.269         4.8150         3.5473
149 12.369         4.8389         3.5674
150 12.469         4.8624         3.5850
151 12.569         4.8857         3.6038
152 12.669         4.9088         3.6236
153 12.769         4.9318         3.6441
154 12.869         4.9547         3.6639
155 12.969         4.9773         3.6841
156 13.069         5.0000         3.7060


#AGE= 4.000 BINS=153 Power-law IMF: x=-2.350
# N  sdss_r       Log10(N)       Log10(dN)
  1 -2.364        -0.4081        -0.4081
  2 -2.264        -0.1443        -0.4862
  3 -2.163         0.0126        -0.5055
  4 -2.063         0.1285        -0.5017
  5 -1.963         0.2225        -0.4883
  6 -1.864         0.3037        -0.4647
  7 -1.764         0.3745        -0.4482
  8 -1.663         0.4399        -0.4143
  9 -1.563         0.4999        -0.3898
 10 -1.463         0.5559        -0.3612
 11 -1.364         0.6089        -0.3307
 12 -1.264         0.6595        -0.2998
 13 -1.163         0.7072        -0.2751
 14 -1.063         0.7536        -0.2407
 15 -0.963         0.7984        -0.2102
 16 -0.864         0.8419        -0.1793
 17 -0.764         0.8843        -0.1475
 18 -0.663         0.9254        -0.1190
 19 -0.563         0.9658        -0.0847
 20 -0.463         1.0054        -0.0552
 21 -0.364         1.0440        -0.0258
 22 -0.264         1.0821         0.0060
 23 -0.163         1.1195         0.0356
 24 -0.063         1.1560         0.0630
 25  0.037         1.1917         0.0891
 26  0.136         1.3236         0.7415
 27  0.236         1.3691         0.3673
 28  0.337         1.3976         0.2005
 29  0.437         1.4256         0.2205
 30  0.537         1.4535         0.2474
 31  0.636         1.4814         0.2763
 32  0.736         1.5094         0.3044
 33  0.837         1.5380         0.3419
 34  0.937         1.5665         0.3697
 35  1.037         1.5955         0.4054
 36  1.136         1.6247         0.4388
 37  1.236         1.6542         0.4713
 38  1.337         1.6840         0.5046
 39  1.437         1.7139         0.5372
 40  1.537         1.7440         0.5698
 41  1.636         1.7743         0.6038
 42  1.736         1.8048         0.6364
 43  1.837         1.8356         0.6707
 44  1.937         1.8667         0.7065
 45  2.037         1.8986         0.7489
 46  2.136         1.9308         0.7849
 47  2.236         1.9635         0.8236
 48  2.337         1.9952         0.8429
 49  2.437         2.0274         0.8805
 50  2.537         2.2582         1.8735
 51  2.636         2.3948         1.8259
 52  2.736         2.4936         1.8019
 53  2.837         2.5592         1.7059
 54  2.937         2.6230         1.7586
 55  3.037         2.6849         1.8086
 56  3.136         2.7436         1.8449
 57  3.236         2.7979         1.8680
 58  3.337         2.8495         1.8993
 59  3.437         2.8993         1.9338
 60  3.537         2.9473         1.9674
 61  3.636         2.9930         1.9926
 62  3.737         3.0352         2.0009
 63  3.837         3.0741         2.0079
 64  3.937         3.1110         2.0215
 65  4.037         3.1464         2.0395
 66  4.136         3.1804         2.0580
 67  4.237         3.2133         2.0761
 68  4.337         3.2451         2.0932
 69  4.437         3.2757         2.1090
 70  4.537         3.3053         2.1237
 71  4.636         3.3339         2.1388
 72  4.737         3.3618         2.1559
 73  4.837         3.3888         2.1692
 74  4.937         3.4151         2.1828
 75  5.037         3.4408         2.2005
 76  5.137         3.4662         2.2217
 77  5.237         3.4913         2.2406
 78  5.337         3.5156         2.2512
 79  5.437         3.5388         2.2549
 80  5.537         3.5611         2.2592
 81  5.637         3.5824         2.2624
 82  5.737         3.6029         2.2677
 83  5.837         3.6228         2.2749
 84  5.937         3.6422         2.2825
 85  6.037         3.6609         2.2850
 86  6.137         3.6789         2.2879
 87  6.237         3.6964         2.2932
 88  6.337         3.7135         2.2983
 89  6.437         3.7300         2.3024
 90  6.537         3.7461         2.3066
 91  6.637         3.7617         2.3097
 92  6.737         3.7768         2.3114
 93  6.837         3.7915         2.3138
 94  6.937         3.8059         2.3168
 95  7.037         3.8198         2.3196
 96  7.137         3.8336         2.3295
 97  7.237         3.8473         2.3395
 98  7.337         3.8609         2.3499
 99  7.437         3.8744         2.3591
100  7.537         3.8879         2.3734
101  7.637         3.9015         2.3908
102  7.737         3.9153         2.4098
103  7.837         3.9294         2.4350
104  7.937         3.9437         2.4543
105  8.037         3.9581         2.4701
106  8.137         3.9725         2.4857
107  8.236         3.9870         2.5051
108  8.337         4.0019         2.5307
109  8.437         4.0171         2.5523
110  8.537         4.0324         2.5713
111  8.637         4.0478         2.5898
112  8.736         4.0634         2.6111
113  8.837         4.0794         2.6371
114  8.937         4.0958         2.6649
115  9.037         4.1126         2.6935
116  9.137         4.1300         2.7220
117  9.237         4.1478         2.7531
118  9.337         4.1664         2.7872
119  9.437         4.1857         2.8242
120  9.537         4.2058         2.8617
121  9.637         4.2268         2.9004
122  9.737         4.2487         2.9417
123  9.837         4.2719         2.9864
124  9.937         4.2963         3.0351
125 10.037         4.3222         3.0838
126 10.137         4.3459         3.0709
127 10.237         4.3688         3.0800
128 10.337         4.3925         3.1184
129 10.437         4.4172         3.1596
130 10.537         4.4429         3.2028
131 10.637         4.4690         3.2335
132 10.737         4.4950         3.2601
133 10.837         4.5203         3.2721
134 10.937         4.5449         3.2868
135 11.037         4.5694         3.3075
136 11.137         4.5937         3.3309
137 11.237         4.6179         3.3519
138 11.337         4.6420         3.3741
139 11.437         4.6661         3.3975
140 11.537         4.6902         3.4222
141 11.637         4.7143         3.4472
142 11.737         4.7385         3.4716
143 11.837         4.7626         3.4957
144 11.937         4.7867         3.5194
145 12.037         4.8108         3.5428
146 12.137         4.8349         3.5664
147 12.237         4.8590         3.5920
148 12.337         4.8831         3.6154
149 12.437         4.9070         3.6360
150 12.537         4.9306         3.6537
151 12.637         4.9539         3.6711
152 12.737         4.9770         3.6909
153 12.837         5.0000         3.7132


#AGE= 5.000 BINS=155 Power-law IMF: x=-2.350
# N  sdss_r       Log10(N)       Log10(dN)
  1 -2.252        -0.5344        -0.5344
  2 -2.152        -0.2642        -0.5985
  3 -2.052        -0.1034        -0.6127
  4 -1.952         0.0149        -0.6079
  5 -1.852         0.1109        -0.5914
  6 -1.752         0.1919        -0.5772
  7 -1.652         0.2652        -0.5441
  8 -1.552         0.3312        -0.5197
  9 -1.452         0.3917        -0.4938
 10 -1.352         0.4487        -0.4619
 11 -1.252         0.5024        -0.4312
 12 -1.152         0.5533        -0.4030
 13 -1.052         0.6017        -0.3755
 14 -0.952         0.6487        -0.3406
 15 -0.852         0.6940        -0.3103
 16 -0.752         0.7379        -0.2791
 17 -0.652         0.7806        -0.2476
 18 -0.552         0.8227        -0.2122
 19 -0.452         0.8635        -0.1834
 20 -0.352         0.9033        -0.1545
 21 -0.252         0.9425        -0.1210
 22 -0.152         0.9811        -0.0894
 23 -0.052         1.0189        -0.0600
 24  0.048         1.0560        -0.0312
 25  0.148         1.0923        -0.0036
 26  0.248         1.2202         0.6270
 27  0.348         1.2760         0.3572
 28  0.448         1.3049         0.1140
 29  0.548         1.3333         0.1341
 30  0.648         1.3614         0.1590
 31  0.748         1.3896         0.1883
 32  0.848         1.4181         0.2207
 33  0.948         1.4468         0.2523
 34  1.048         1.4759         0.2873
 35  1.148         1.5053         0.3212
 36  1.248         1.5350         0.3559
 37  1.348         1.5650         0.3889
 38  1.448         1.5952         0.4229
 39  1.548         1.6262         0.4634
 40  1.648         1.6570         0.4937
 41  1.748         1.6884         0.5314
 42  1.848         1.7202         0.5683
 43  1.948         1.7528         0.6131
 44  2.048         1.7866         0.6599
 45  2.148         1.8217         0.7122
 46  2.248         1.8610         0.7980
 47  2.348         1.9012         0.8479
 48  2.448         1.9396         0.8667
 49  2.548         1.9764         0.8869
 50  2.648         2.0130         0.9200
 51  2.748         2.2166         1.7899
 52  2.848         2.3803         1.8771
 53  2.948         2.4514         1.6304
 54  3.048         2.5173         1.6660
 55  3.148         2.5794         1.7039
 56  3.248         2.6379         1.7389
 57  3.348         2.6931         1.7699
 58  3.448         2.7449         1.7953
 59  3.548         2.7943         1.8256
 60  3.648         2.8420         1.8596
 61  3.748         2.8891         1.9006
 62  3.848         2.9334         1.9204
 63  3.948         2.9747         1.9321
 64  4.048         3.0136         1.9464
 65  4.148         3.0507         1.9644
 66  4.248         3.0865         1.9847
 67  4.348         3.1210         2.0033
 68  4.448         3.1542         2.0208
 69  4.548         3.1861         2.0374
 70  4.648         3.2172         2.0557
 71  4.748         3.2471         2.0706
 72  4.848         3.2761         2.0864
 73  4.948         3.3044         2.1050
 74  5.048         3.3324         2.1266
 75  5.148         3.3599         2.1477
 76  5.248         3.3865         2.1617
 77  5.348         3.4120         2.1667
 78  5.448         3.4362         2.1717
 79  5.548         3.4596         2.1788
 80  5.648         3.4820         2.1824
 81  5.748         3.5036         2.1912
 82  5.848         3.5247         2.1994
 83  5.948         3.5450         2.2053
 84  6.048         3.5646         2.2083
 85  6.148         3.5835         2.2134
 86  6.248         3.6018         2.2184
 87  6.348         3.6197         2.2237
 88  6.448         3.6369         2.2283
 89  6.548         3.6537         2.2327
 90  6.648         3.6700         2.2358
 91  6.748         3.6857         2.2369
 92  6.848         3.7010         2.2396
 93  6.948         3.7159         2.2425
 94  7.048         3.7304         2.2484
 95  7.148         3.7448         2.2587
 96  7.248         3.7591         2.2681
 97  7.348         3.7732         2.2768
 98  7.448         3.7872         2.2880
 99  7.548         3.8012         2.3035
100  7.648         3.8153         2.3197
101  7.748         3.8297         2.3439
102  7.848         3.8444         2.3661
103  7.948         3.8592         2.3845
104  8.048         3.8741         2.4009
105  8.148         3.8890         2.4175
106  8.248         3.9041         2.4385
107  8.348         3.9196         2.4633
108  8.448         3.9353         2.4854
109  8.548         3.9510         2.5028
110  8.648         3.9669         2.5224
111  8.748         3.9830         2.5445
112  8.848         3.9995         2.5713
113  8.948         4.0165         2.5994
114  9.048         4.0339         2.6280
115  9.148         4.0517         2.6560
116  9.248         4.0702         2.6896
117  9.348         4.0893         2.7245
118  9.448         4.1091         2.7578
119  9.548         4.1294         2.7891
120  9.648         4.1505         2.8262
121  9.748         4.1727         2.8705
122  9.848         4.1965         2.9231
123  9.948         4.2225         2.9864
124 10.048         4.2495         3.0294
125 10.148         4.2738         3.0095
126 10.248         4.2978         3.0290
127 10.348         4.3223         3.0616
128 10.448         4.3477         3.1022
129 10.548         4.3738         3.1386
130 10.648         4.4000         3.1678
131 10.748         4.4257         3.1859
132 10.848         4.4511         3.2041
133 10.948         4.4757         3.2179
134 11.048         4.5000         3.2351
135 11.148         4.5242         3.2590
136 11.248         4.5484         3.2824
137 11.348         4.5726         3.3052
138 11.448         4.5967         3.3288
139 11.548         4.6208         3.3533
140 11.648         4.6449         3.3782
141 11.748         4.6691         3.4027
142 11.848         4.6933         3.4270
143 11.948         4.7175         3.4509
144 12.048         4.7416         3.4745
145 12.148         4.7658         3.4993
146 12.248         4.7900         3.5249
147 12.348         4.8142         3.5478
148 12.448         4.8382         3.5678
149 12.548         4.8618         3.5854
150 12.648         4.8851         3.6043
151 12.748         4.9083         3.6244
152 12.848         4.9314         3.6455
153 12.948         4.9544         3.6659
154 13.048         4.9772         3.6868
155 13.148         5.0000         3.7088


#AGE= 6.000 BINS=154 Power-law IMF: x=-2.350
# N  sdss_r       Log10(N)       Log10(dN)
  1 -2.218        -0.2814        -0.2814
  2 -2.118        -0.1024        -0.5739
  3 -2.018         0.0185        -0.5959
  4 -1.918         0.1129        -0.5961
  5 -1.818         0.1919        -0.5873
  6 -1.718         0.2621        -0.5639
  7 -1.618         0.3264        -0.5352
  8 -1.518         0.3843        -0.5194
  9 -1.418         0.4400        -0.4794
 10 -1.318         0.4918        -0.4569
 11 -1.218         0.5413        -0.4263
 12 -1.118         0.5889        -0.3953
 13 -1.018         0.6346        -0.3661
 14 -0.918         0.6790        -0.3333
 15 -0.818         0.7221        -0.3023
 16 -0.718         0.7638        -0.2746
 17 -0.618         0.8050        -0.2389
 18 -0.518         0.8452        -0.2073
 19 -0.418         0.8847        -0.1764
 20 -0.318         0.9238        -0.1415
 21 -0.218         0.9618        -0.1153
 22 -0.118         0.9992        -0.0843
 23 -0.018         1.0362        -0.0513
 24  0.082         1.0727        -0.0208
 25  0.182         1.1084         0.0049
 26  0.282         1.1518         0.1307
 27  0.382         1.2859         0.7102
 28  0.482         1.3226         0.2318
 29  0.582         1.3508         0.1481
 30  0.682         1.3784         0.1687
 31  0.782         1.4061         0.1965
 32  0.882         1.4338         0.2254
 33  0.982         1.4619         0.2575
 34  1.082         1.4903         0.2919
 35  1.182         1.5193         0.3299
 36  1.282         1.5482         0.3577
 37  1.382         1.5775         0.3910
 38  1.482         1.6071         0.4256
 39  1.582         1.6369         0.4592
 40  1.682         1.6671         0.4935
 41  1.782         1.6978         0.5324
 42  1.882         1.7286         0.5648
 43  1.982         1.7601         0.6044
 44  2.082         1.7925         0.6495
 45  2.182         1.8262         0.6997
 46  2.282         1.8626         0.7667
 47  2.382         1.9024         0.8453
 48  2.482         1.9406         0.8662
 49  2.582         1.9774         0.8864
 50  2.682         2.0125         0.9033
 51  2.782         2.0471         0.9308
 52  2.882         2.0831         0.9834
 53  2.982         2.3401         1.9901
 54  3.082         2.4298         1.7010
 55  3.182         2.4981         1.6604
 56  3.282         2.5612         1.6923
 57  3.382         2.6204         1.7260
 58  3.482         2.6766         1.7609
 59  3.582         2.7300         1.7929
 60  3.682         2.7817         1.8321
 61  3.782         2.8321         1.8714
 62  3.882         2.8818         1.9159
 63  3.982         2.9284         1.9364
 64  4.082         2.9716         1.9476
 65  4.182         3.0123         1.9643
 66  4.282         3.0511         1.9830
 67  4.382         3.0883         2.0022
 68  4.482         3.1241         2.0220
 69  4.582         3.1586         2.0420
 70  4.682         3.1919         2.0594
 71  4.782         3.2240         2.0779
 72  4.882         3.2554         2.0985
 73  4.982         3.2863         2.1224
 74  5.082         3.3164         2.1433
 75  5.182         3.3456         2.1574
 76  5.282         3.3733         2.1645
 77  5.382         3.3996         2.1693
 78  5.482         3.4250         2.1793
 79  5.582         3.4493         2.1856
 80  5.682         3.4728         2.1934
 81  5.782         3.4955         2.2029
 82  5.882         3.5175         2.2104
 83  5.982         3.5386         2.2155
 84  6.082         3.5589         2.2191
 85  6.182         3.5786         2.2250
 86  6.282         3.5977         2.2314
 87  6.382         3.6162         2.2364
 88  6.482         3.6341         2.2411
 89  6.582         3.6515         2.2456
 90  6.682         3.6683         2.2475
 91  6.782         3.6846         2.2497
 92  6.882         3.7003         2.2519
 93  6.982         3.7157         2.2567
 94  7.082         3.7309         2.2658
 95  7.182         3.7458         2.2746
 96  7.282         3.7605         2.2835
 97  7.382         3.7751         2.2947
 98  7.482         3.7896         2.3056
 99  7.582         3.8042         2.3221
100  7.682         3.8189         2.3436
101  7.782         3.8340         2.3651
102  7.882         3.8493         2.3887
103  7.982         3.8646         2.4045
104  8.082         3.8800         2.4212
105  8.182         3.8955         2.4408
106  8.282         3.9112         2.4636
107  8.382         3.9273         2.4877
108  8.482         3.9435         2.5074
109  8.582         3.9598         2.5255
110  8.682         3.9762         2.5455
111  8.782         3.9929         2.5693
112  8.882         4.0101         2.5981
113  8.982         4.0277         2.6267
114  9.082         4.0457         2.6539
115  9.182         4.0642         2.6850
116  9.282         4.0833         2.7174
117  9.382         4.1029         2.7478
118  9.482         4.1231         2.7802
119  9.582         4.1441         2.8180
120  9.682         4.1662         2.8620
121  9.782         4.1898         2.9124
122  9.882         4.2148         2.9635
123  9.982         4.2416         3.0178
124 10.082         4.2687         3.0509
125 10.182         4.2935         3.0383
126 10.282         4.3186         3.0672
127 10.382         4.3439         3.0977
128 10.482         4.3701         3.1371
129 10.582         4.3965         3.1678
130 10.682         4.4229         3.1926
131 10.782         4.4485         3.2061
132 10.882         4.4735         3.2224
133 10.982         4.4981         3.2379
134 11.082         4.5223         3.2565
135 11.182         4.5465         3.2811
136 11.282         4.5707         3.3042
137 11.382         4.5948         3.3276
138 11.482         4.6190         3.3517
139 11.582         4.6431         3.3758
140 11.682         4.6672         3.3998
141 11.782         4.6913         3.4241
142 11.882         4.7155         3.4487
143 11.982         4.7397         3.4737
144 12.082         4.7641         3.5010
145 12.182         4.7885         3.5267
146 12.282         4.8129         3.5495
147 12.382         4.8370         3.5693
148 12.482         4.8608         3.5875
149 12.582         4.8844         3.6077
150 12.682         4.9078         3.6280
151 12.782         4.9311         3.6485
152 12.882         4.9541         3.6682
153 12.982         4.9771         3.6887
154 13.082         5.0000         3.7108


#AGE= 7.000 BINS=152 Power-law IMF: x=-2.350
# N  sdss_r       Log10(N)       Log10(dN)
  1 -2.124         0.0782         0.0782
  2 -2.024         0.1625        -0.5909
  3 -1.924         0.2304        -0.6090
  4 -1.824         0.2895        -0.6061
  5 -1.724         0.3428        -0.5944
  6 -1.624         0.3935        -0.5650
  7 -1.524         0.4409        -0.5439
  8 -1.424         0.4860        -0.5205
  9 -1.324         0.5294        -0.4924
 10 -1.224         0.5722        -0.4556
 11 -1.124         0.6131        -0.4333
 12 -1.024         0.6532        -0.4011
 13 -0.924         0.6927        -0.3675
 14 -0.824         0.7309        -0.3442
 15 -0.724         0.7691        -0.3054
 16 -0.624         0.8068        -0.2732
 17 -0.524         0.8440        -0.2418
 18 -0.424         0.8804        -0.2142
 19 -0.324         0.9169        -0.1768
 20 -0.224         0.9528        -0.1478
 21 -0.124         0.9883        -0.1171
 22 -0.024         1.0233        -0.0872
 23  0.076         1.0581        -0.0562
 24  0.176         1.0926        -0.0244
 25  0.276         1.1267         0.0052
 26  0.376         1.1635         0.0734
 27  0.476         1.3043         0.7466
 28  0.576         1.3331         0.1406
 29  0.676         1.3605         0.1465
 30  0.776         1.3875         0.1686
 31  0.876         1.4143         0.1912
 32  0.976         1.4414         0.2230
 33  1.076         1.4689         0.2570
 34  1.176         1.4968         0.2896
 35  1.276         1.5247         0.3195
 36  1.376         1.5531         0.3535
 37  1.476         1.5817         0.3870
 38  1.576         1.6106         0.4197
 39  1.676         1.6401         0.4565
 40  1.776         1.6698         0.4896
 41  1.876         1.6998         0.5245
 42  1.976         1.7302         0.5604
 43  2.076         1.7617         0.6063
 44  2.176         1.7938         0.6465
 45  2.276         1.8277         0.7031
 46  2.376         1.8646         0.7764
 47  2.476         1.9036         0.8371
 48  2.576         1.9410         0.8579
 49  2.676         1.9769         0.8755
 50  2.776         2.0112         0.8924
 51  2.876         2.0447         0.9146
 52  2.976         2.0792         0.9628
 53  3.076         2.1582         1.3793
 54  3.176         2.3847         1.9935
 55  3.276         2.4609         1.6678
 56  3.376         2.5302         1.6991
 57  3.476         2.5953         1.7384
 58  3.576         2.6565         1.7757
 59  3.676         2.7144         1.8103
 60  3.776         2.7692         1.8434
 61  3.876         2.8224         1.8837
 62  3.976         2.8746         1.9290
 63  4.076         2.9244         1.9591
 64  4.176         2.9701         1.9697
 65  4.276         3.0128         1.9842
 66  4.376         3.0534         2.0035
 67  4.476         3.0922         2.0246
 68  4.576         3.1296         2.0455
 69  4.676         3.1657         2.0676
 70  4.776         3.2008         2.0907
 71  4.876         3.2351         2.1155
 72  4.976         3.2685         2.1386
 73  5.076         3.3009         2.1568
 74  5.176         3.3317         2.1675
 75  5.276         3.3608         2.1732
 76  5.376         3.3887         2.1817
 77  5.476         3.4155         2.1927
 78  5.576         3.4412         2.2013
 79  5.676         3.4660         2.2105
 80  5.776         3.4900         2.2198
 81  5.876         3.5131         2.2278
 82  5.976         3.5353         2.2335
 83  6.076         3.5567         2.2376
 84  6.176         3.5773         2.2442
 85  6.276         3.5974         2.2512
 86  6.376         3.6167         2.2566
 87  6.476         3.6355         2.2616
 88  6.576         3.6537         2.2658
 89  6.676         3.6712         2.2685
 90  6.776         3.6881         2.2704
 91  6.876         3.7045         2.2720
 92  6.976         3.7205         2.2798
 93  7.076         3.7362         2.2877
 94  7.176         3.7518         2.2969
 95  7.276         3.7670         2.3061
 96  7.376         3.7821         2.3140
 97  7.476         3.7971         2.3281
 98  7.576         3.8121         2.3445
 99  7.676         3.8274         2.3656
100  7.776         3.8430         2.3898
101  7.876         3.8587         2.4100
102  7.976         3.8745         2.4284
103  8.076         3.8904         2.4439
104  8.176         3.9064         2.4645
105  8.276         3.9227         2.4889
106  8.376         3.9392         2.5117
107  8.476         3.9558         2.5312
108  8.576         3.9725         2.5493
109  8.676         3.9894         2.5695
110  8.776         4.0066         2.5949
111  8.876         4.0241         2.6220
112  8.976         4.0421         2.6495
113  9.076         4.0605         2.6780
114  9.176         4.0794         2.7090
115  9.276         4.0990         2.7433
116  9.376         4.1192         2.7774
117  9.476         4.1399         2.8075
118  9.576         4.1612         2.8414
119  9.676         4.1834         2.8817
120  9.776         4.2070         2.9295
121  9.876         4.2323         2.9860
122  9.976         4.2597         3.0460
123 10.076         4.2873         3.0766
124 10.176         4.3131         3.0734
125 10.276         4.3389         3.1003
126 10.376         4.3649         3.1286
127 10.476         4.3914         3.1642
128 10.576         4.4181         3.1943
129 10.676         4.4447         3.2181
130 10.776         4.4705         3.2309
131 10.876         4.4956         3.2448
132 10.976         4.5202         3.2614
133 11.076         4.5445         3.2800
134 11.176         4.5687         3.3033
135 11.276         4.5928         3.3254
136 11.376         4.6169         3.3492
137 11.476         4.6410         3.3734
138 11.576         4.6651         3.3974
139 11.676         4.6893         3.4219
140 11.776         4.7134         3.4469
141 11.876         4.7377         3.4733
142 11.976         4.7622         3.5003
143 12.076         4.7866         3.5253
144 12.176         4.8110         3.5482
145 12.276         4.8352         3.5688
146 12.376         4.8592         3.5906
147 12.476         4.8832         3.6128
148 12.576         4.9070         3.6336
149 12.676         4.9305         3.6528
150 12.776         4.9538         3.6715
151 12.876         4.9769         3.6917
152 12.976         5.0000         3.7138


#AGE= 8.000 BINS=150 Power-law IMF: x=-2.350
# N  sdss_r       Log10(N)       Log10(dN)
  1 -2.062        -0.4196        -0.4196
  2 -1.962        -0.1953        -0.5895
  3 -1.862        -0.0529        -0.6063
  4 -1.762         0.0551        -0.6024
  5 -1.662         0.1439        -0.5891
  6 -1.562         0.2229        -0.5558
  7 -1.462         0.2921        -0.5398
  8 -1.362         0.3550        -0.5152
  9 -1.262         0.4138        -0.4835
 10 -1.162         0.4692        -0.4529
 11 -1.062         0.5222        -0.4172
 12 -0.962         0.5717        -0.3960
 13 -0.862         0.6192        -0.3653
 14 -0.762         0.6656        -0.3288
 15 -0.662         0.7105        -0.2973
 16 -0.562         0.7542        -0.2653
 17 -0.462         0.7967        -0.2331
 18 -0.362         0.8384        -0.1999
 19 -0.262         0.8790        -0.1705
 20 -0.162         0.9189        -0.1382
 21 -0.062         0.9581        -0.1057
 22  0.038         0.9964        -0.0773
 23  0.138         1.0343        -0.0429
 24  0.238         1.0715        -0.0144
 25  0.338         1.1080         0.0137
 26  0.438         1.1444         0.0502
 27  0.538         1.2900         0.7447
 28  0.638         1.3249         0.2123
 29  0.738         1.3537         0.1613
 30  0.838         1.3820         0.1823
 31  0.938         1.4101         0.2070
 32  1.038         1.4384         0.2380
 33  1.138         1.4669         0.2702
 34  1.238         1.4956         0.3015
 35  1.338         1.5248         0.3373
 36  1.438         1.5541         0.3680
 37  1.538         1.5838         0.4042
 38  1.638         1.6138         0.4382
 39  1.738         1.6441         0.4737
 40  1.838         1.6746         0.5058
 41  1.938         1.7055         0.5424
 42  2.038         1.7369         0.5807
 43  2.138         1.7691         0.6222
 44  2.238         1.8020         0.6657
 45  2.338         1.8368         0.7225
 46  2.438         1.8747         0.7972
 47  2.538         1.9147         0.8595
 48  2.638         1.9531         0.8802
 49  2.738         1.9899         0.8995
 50  2.838         2.0250         0.9151
 51  2.938         2.0589         0.9350
 52  3.038         2.0932         0.9732
 53  3.138         2.1310         1.0518
 54  3.238         2.3410         1.9246
 55  3.338         2.4377         1.7381
 56  3.438         2.5139         1.7203
 57  3.538         2.5829         1.7501
 58  3.638         2.6475         1.7884
 59  3.738         2.7085         1.8256
 60  3.838         2.7659         1.8584
 61  3.938         2.8207         1.8952
 62  4.038         2.8742         1.9377
 63  4.138         2.9264         1.9807
 64  4.238         2.9746         1.9959
 65  4.338         3.0192         2.0090
 66  4.438         3.0614         2.0272
 67  4.538         3.1018         2.0506
 68  4.638         3.1409         2.0761
 69  4.738         3.1790         2.1031
 70  4.838         3.2162         2.1310
 71  4.938         3.2523         2.1535
 72  5.038         3.2868         2.1699
 73  5.138         3.3195         2.1803
 74  5.238         3.3505         2.1880
 75  5.338         3.3800         2.1979
 76  5.438         3.4085         2.2113
 77  5.538         3.4359         2.2217
 78  5.638         3.4622         2.2311
 79  5.738         3.4875         2.2412
 80  5.838         3.5119         2.2498
 81  5.938         3.5355         2.2576
 82  6.038         3.5580         2.2615
 83  6.138         3.5797         2.2684
 84  6.238         3.6008         2.2762
 85  6.338         3.6211         2.2815
 86  6.438         3.6408         2.2878
 87  6.538         3.6599         2.2920
 88  6.638         3.6783         2.2958
 89  6.738         3.6960         2.2974
 90  6.838         3.7131         2.3004
 91  6.938         3.7298         2.3061
 92  7.038         3.7462         2.3148
 93  7.138         3.7623         2.3239
 94  7.238         3.7781         2.3310
 95  7.338         3.7937         2.3405
 96  7.438         3.8091         2.3522
 97  7.538         3.8246         2.3684
 98  7.638         3.8402         2.3878
 99  7.738         3.8560         2.4112
100  7.838         3.8722         2.4357
101  7.938         3.8884         2.4524
102  8.038         3.9047         2.4702
103  8.138         3.9211         2.4888
104  8.238         3.9376         2.5105
105  8.338         3.9546         2.5371
106  8.438         3.9716         2.5573
107  8.538         3.9887         2.5746
108  8.638         4.0058         2.5941
109  8.738         4.0232         2.6169
110  8.838         4.0410         2.6453
111  8.938         4.0593         2.6733
112  9.038         4.0779         2.7010
113  9.138         4.0969         2.7288
114  9.238         4.1166         2.7626
115  9.338         4.1370         2.7994
116  9.438         4.1581         2.8339
117  9.538         4.1797         2.8644
118  9.638         4.2019         2.8999
119  9.738         4.2252         2.9431
120  9.838         4.2500         2.9952
121  9.938         4.2770         3.0563
122 10.038         4.3052         3.1035
123 10.138         4.3320         3.1099
124 10.238         4.3586         3.1327
125 10.338         4.3850         3.1559
126 10.438         4.4118         3.1888
127 10.538         4.4389         3.2196
128 10.638         4.4658         3.2444
129 10.738         4.4920         3.2605
130 10.838         4.5174         3.2716
131 10.938         4.5423         3.2878
132 11.038         4.5667         3.3049
133 11.138         4.5910         3.3262
134 11.238         4.6151         3.3473
135 11.338         4.6392         3.3717
136 11.438         4.6633         3.3961
137 11.538         4.6875         3.4203
138 11.638         4.7116         3.4449
139 11.738         4.7359         3.4701
140 11.838         4.7601         3.4952
141 11.938         4.7844         3.5198
142 12.038         4.8087         3.5439
143 12.138         4.8329         3.5682
144 12.238         4.8573         3.5944
145 12.338         4.8817         3.6183
146 12.438         4.9058         3.6391
147 12.538         4.9297         3.6572
148 12.638         4.9532         3.6760
149 12.738         4.9766         3.6966
150 12.838         5.0000         3.7190


#AGE= 9.000 BINS=151 Power-law IMF: x=-2.350
# N  sdss_r       Log10(N)       Log10(dN)
  1 -1.991        -0.5077        -0.5077
  2 -1.891        -0.2702        -0.6456
  3 -1.791        -0.1228        -0.6637
  4 -1.691        -0.0124        -0.6613
  5 -1.591         0.0807        -0.6341
  6 -1.491         0.1590        -0.6234
  7 -1.391         0.2313        -0.5828
  8 -1.291         0.2968        -0.5573
  9 -1.191         0.3556        -0.5421
 10 -1.091         0.4131        -0.4935
 11 -0.991         0.4665        -0.4702
 12 -0.891         0.5172        -0.4404
 13 -0.791         0.5658        -0.4097
 14 -0.691         0.6125        -0.3790
 15 -0.591         0.6581        -0.3433
 16 -0.491         0.7018        -0.3168
 17 -0.391         0.7447        -0.2821
 18 -0.291         0.7870        -0.2459
 19 -0.191         0.8280        -0.2167
 20 -0.091         0.8681        -0.1865
 21  0.009         0.9077        -0.1520
 22  0.109         0.9465        -0.1213
 23  0.209         0.9846        -0.0915
 24  0.309         1.0221        -0.0606
 25  0.409         1.0591        -0.0283
 26  0.509         1.1061         0.1173
 27  0.609         1.2438         0.6778
 28  0.709         1.2748         0.1134
 29  0.809         1.3040         0.1169
 30  0.909         1.3327         0.1378
 31  1.009         1.3612         0.1648
 32  1.109         1.3899         0.1957
 33  1.209         1.4187         0.2256
 34  1.309         1.4479         0.2606
 35  1.409         1.4772         0.2925
 36  1.509         1.5068         0.3260
 37  1.609         1.5367         0.3590
 38  1.709         1.5670         0.3949
 39  1.809         1.5975         0.4300
 40  1.909         1.6284         0.4644
 41  2.009         1.6595         0.4999
 42  2.109         1.6912         0.5383
 43  2.209         1.7236         0.5807
 44  2.309         1.7567         0.6216
 45  2.409         1.7921         0.6860
 46  2.509         1.8313         0.7675
 47  2.609         1.8713         0.8153
 48  2.709         1.9096         0.8357
 49  2.809         1.9463         0.8559
 50  2.909         1.9814         0.8710
 51  3.009         2.0153         0.8916
 52  3.109         2.0494         0.9263
 53  3.209         2.0859         0.9925
 54  3.309         2.1375         1.1872
 55  3.409         2.3556         1.9520
 56  3.509         2.4398         1.6855
 57  3.609         2.5128         1.7023
 58  3.709         2.5802         1.7380
 59  3.809         2.6435         1.7757
 60  3.909         2.7029         1.8101
 61  4.009         2.7592         1.8435
 62  4.109         2.8137         1.8855
 63  4.209         2.8670         1.9296
 64  4.309         2.9169         1.9527
 65  4.409         2.9631         1.9669
 66  4.509         3.0069         1.9889
 67  4.609         3.0491         2.0159
 68  4.709         3.0903         2.0464
 69  4.809         3.1301         2.0731
 70  4.909         3.1684         2.0951
 71  5.009         3.2049         2.1106
 72  5.109         3.2393         2.1211
 73  5.209         3.2719         2.1317
 74  5.309         3.3031         2.1435
 75  5.409         3.3332         2.1588
 76  5.509         3.3621         2.1710
 77  5.609         3.3898         2.1812
 78  5.709         3.4165         2.1910
 79  5.809         3.4421         2.2010
 80  5.909         3.4668         2.2094
 81  6.009         3.4905         2.2142
 82  6.109         3.5132         2.2215
 83  6.209         3.5353         2.2296
 84  6.309         3.5565         2.2360
 85  6.409         3.5771         2.2418
 86  6.509         3.5970         2.2473
 87  6.609         3.6161         2.2514
 88  6.709         3.6346         2.2531
 89  6.809         3.6524         2.2565
 90  6.909         3.6697         2.2619
 91  7.009         3.6867         2.2709
 92  7.109         3.7034         2.2792
 93  7.209         3.7197         2.2874
 94  7.309         3.7357         2.2944
 95  7.409         3.7516         2.3064
 96  7.509         3.7675         2.3221
 97  7.609         3.7835         2.3427
 98  7.709         3.7997         2.3649
 99  7.809         3.8162         2.3878
100  7.909         3.8329         2.4076
101  8.009         3.8495         2.4250
102  8.109         3.8663         2.4436
103  8.209         3.8832         2.4666
104  8.309         3.9004         2.4902
105  8.409         3.9178         2.5118
106  8.509         3.9353         2.5313
107  8.609         3.9528         2.5491
108  8.709         3.9705         2.5711
109  8.809         3.9885         2.5968
110  8.909         4.0070         2.6274
111  9.009         4.0258         2.6545
112  9.109         4.0452         2.6839
113  9.209         4.0650         2.7155
114  9.309         4.0855         2.7494
115  9.409         4.1067         2.7844
116  9.509         4.1287         2.8215
117  9.609         4.1513         2.8569
118  9.709         4.1746         2.8931
119  9.809         4.1992         2.9393
120  9.909         4.2256         2.9972
121 10.009         4.2539         3.0531
122 10.109         4.2815         3.0704
123 10.209         4.3089         3.0956
124 10.309         4.3359         3.1160
125 10.409         4.3630         3.1450
126 10.509         4.3904         3.1764
127 10.609         4.4176         3.2009
128 10.709         4.4442         3.2187
129 10.809         4.4700         3.2311
130 10.909         4.4951         3.2448
131 11.009         4.5197         3.2604
132 11.109         4.5441         3.2806
133 11.209         4.5682         3.3017
134 11.309         4.5924         3.3264
135 11.409         4.6166         3.3503
136 11.509         4.6408         3.3737
137 11.609         4.6648         3.3967
138 11.709         4.6889         3.4204
139 11.809         4.7130         3.4453
140 11.909         4.7372         3.4717
141 12.009         4.7617         3.4998
142 12.109         4.7862         3.5258
143 12.209         4.8107         3.5491
144 12.309         4.8349         3.5695
145 12.409         4.8590         3.5907
146 12.509         4.8829         3.6126
147 12.609         4.9067         3.6335
148 12.709         4.9303         3.6533
149 12.809         4.9536         3.6726
150 12.909         4.9768         3.6932
151 13.009         5.0000         3.7153


#AGE=10.000 BINS=149 Power-law IMF: x=-2.350
# N  sdss_r       Log10(N)       Log10(dN)
  1 -1.974        -0.3734        -0.3734
  2 -1.874        -0.1737        -0.6072
  3 -1.774        -0.0439        -0.6318
  4 -1.674         0.0545        -0.6385
  5 -1.574         0.1391        -0.6131
  6 -1.474         0.2128        -0.5936
  7 -1.374         0.2797        -0.5656
  8 -1.274         0.3406        -0.5431
  9 -1.174         0.3976        -0.5121
 10 -1.074         0.4517        -0.4796
 11 -0.974         0.5027        -0.4527
 12 -0.874         0.5518        -0.4191
 13 -0.774         0.5989        -0.3896
 14 -0.674         0.6440        -0.3616
 15 -0.574         0.6880        -0.3283
 16 -0.474         0.7311        -0.2935
 17 -0.374         0.7733        -0.2598
 18 -0.274         0.8147        -0.2273
 19 -0.174         0.8554        -0.1927
 20 -0.074         0.8948        -0.1664
 21  0.026         0.9335        -0.1359
 22  0.126         0.9718        -0.1023
 23  0.226         1.0098        -0.0674
 24  0.326         1.0471        -0.0366
 25  0.426         1.0836        -0.0102
 26  0.526         1.1180         0.0000
 27  0.626         1.2527         0.6787
 28  0.726         1.2987         0.3001
 29  0.826         1.3283         0.1483
 30  0.926         1.3573         0.1667
 31  1.026         1.3858         0.1891
 32  1.126         1.4146         0.2218
 33  1.226         1.4434         0.2514
 34  1.326         1.4725         0.2831
 35  1.426         1.5019         0.3175
 36  1.526         1.5315         0.3505
 37  1.626         1.5614         0.3843
 38  1.726         1.5916         0.4193
 39  1.826         1.6222         0.4553
 40  1.926         1.6530         0.4884
 41  2.026         1.6843         0.5255
 42  2.126         1.7159         0.5634
 43  2.226         1.7482         0.6032
 44  2.326         1.7811         0.6442
 45  2.426         1.8157         0.6995
 46  2.526         1.8537         0.7770
 47  2.626         1.8940         0.8416
 48  2.726         1.9331         0.8673
 49  2.826         1.9706         0.8882
 50  2.926         2.0063         0.9034
 51  3.026         2.0403         0.9175
 52  3.126         2.0736         0.9417
 53  3.226         2.1077         0.9858
 54  3.326         2.1462         1.0746
 55  3.426         2.2278         1.4617
 56  3.526         2.4075         1.9375
 57  3.626         2.4911         1.7347
 58  3.726         2.5645         1.7561
 59  3.826         2.6322         1.7915
 60  3.926         2.6955         1.8281
 61  4.026         2.7548         1.8608
 62  4.126         2.8110         1.8947
 63  4.226         2.8656         1.9384
 64  4.326         2.9193         1.9847
 65  4.426         2.9692         2.0052
 66  4.526         3.0162         2.0271
 67  4.626         3.0613         2.0547
 68  4.726         3.1045         2.0808
 69  4.826         3.1458         2.1037
 70  4.926         3.1851         2.1223
 71  5.026         3.2223         2.1361
 72  5.126         3.2575         2.1491
 73  5.226         3.2911         2.1631
 74  5.326         3.3234         2.1790
 75  5.426         3.3546         2.1953
 76  5.526         3.3845         2.2068
 77  5.626         3.4130         2.2170
 78  5.726         3.4405         2.2275
 79  5.826         3.4669         2.2378
 80  5.926         3.4923         2.2464
 81  6.026         3.5165         2.2514
 82  6.126         3.5399         2.2598
 83  6.226         3.5626         2.2683
 84  6.326         3.5844         2.2748
 85  6.426         3.6055         2.2807
 86  6.526         3.6258         2.2862
 87  6.626         3.6454         2.2894
 88  6.726         3.6642         2.2921
 89  6.826         3.6824         2.2964
 90  6.926         3.7002         2.3036
 91  7.026         3.7177         2.3130
 92  7.126         3.7348         2.3211
 93  7.226         3.7514         2.3258
 94  7.326         3.7678         2.3363
 95  7.426         3.7840         2.3489
 96  7.526         3.8003         2.3666
 97  7.626         3.8168         2.3875
 98  7.726         3.8336         2.4123
 99  7.826         3.8505         2.4325
100  7.926         3.8675         2.4518
101  8.026         3.8845         2.4702
102  8.126         3.9017         2.4903
103  8.226         3.9191         2.5137
104  8.326         3.9368         2.5375
105  8.426         3.9546         2.5582
106  8.526         3.9724         2.5763
107  8.626         3.9903         2.5957
108  8.726         4.0084         2.6195
109  8.826         4.0268         2.6456
110  8.926         4.0457         2.6740
111  9.026         4.0650         2.7025
112  9.126         4.0847         2.7330
113  9.226         4.1050         2.7652
114  9.326         4.1259         2.7976
115  9.426         4.1474         2.8311
116  9.526         4.1697         2.8683
117  9.626         4.1929         2.9092
118  9.726         4.2170         2.9492
119  9.826         4.2423         2.9954
120  9.926         4.2694         3.0513
121 10.026         4.2978         3.0986
122 10.126         4.3256         3.1177
123 10.226         4.3536         3.1501
124 10.326         4.3811         3.1688
125 10.426         4.4087         3.1981
126 10.526         4.4364         3.2269
127 10.626         4.4638         3.2507
128 10.726         4.4904         3.2639
129 10.826         4.5162         3.2779
130 10.926         4.5414         3.2910
131 11.026         4.5660         3.3084
132 11.126         4.5904         3.3265
133 11.226         4.6146         3.3499
134 11.326         4.6388         3.3727
135 11.426         4.6630         3.3957
136 11.526         4.6870         3.4185
137 11.626         4.7111         3.4425
138 11.726         4.7352         3.4681
139 11.826         4.7594         3.4939
140 11.926         4.7837         3.5191
141 12.026         4.8080         3.5436
142 12.126         4.8323         3.5681
143 12.226         4.8567         3.5946
144 12.326         4.8811         3.6188
145 12.426         4.9054         3.6400
146 12.526         4.9293         3.6584
147 12.626         4.9530         3.6779
148 12.726         4.9765         3.6988
149 12.826         5.0000         3.7212


#AGE=11.000 BINS=150 Power-law IMF: x=-2.350
# N  sdss_r       Log10(N)       Log10(dN)
  1 -1.933        -0.4223        -0.4223
  2 -1.833        -0.1970        -0.5899
  3 -1.733        -0.0733        -0.6790
  4 -1.633         0.0244        -0.6716
  5 -1.533         0.1050        -0.6663
  6 -1.433         0.1766        -0.6415
  7 -1.333         0.2420        -0.6124
  8 -1.233         0.3028        -0.5809
  9 -1.133         0.3592        -0.5553
 10 -1.033         0.4126        -0.5239
 11 -0.933         0.4628        -0.4990
 12 -0.833         0.5117        -0.4613
 13 -0.733         0.5583        -0.4346
 14 -0.633         0.6033        -0.4029
 15 -0.533         0.6475        -0.3671
 16 -0.433         0.6900        -0.3400
 17 -0.333         0.7322        -0.3019
 18 -0.233         0.7736        -0.2678
 19 -0.133         0.8137        -0.2404
 20 -0.033         0.8531        -0.2089
 21  0.067         0.8918        -0.1771
 22  0.167         0.9300        -0.1452
 23  0.267         0.9678        -0.1116
 24  0.367         1.0050        -0.0797
 25  0.467         1.0416        -0.0515
 26  0.567         1.0780        -0.0162
 27  0.667         1.2089         0.6240
 28  0.767         1.2545         0.2538
 29  0.867         1.2848         0.1131
 30  0.967         1.3140         0.1269
 31  1.067         1.3429         0.1520
 32  1.167         1.3718         0.1808
 33  1.267         1.4009         0.2121
 34  1.367         1.4301         0.2427
 35  1.467         1.4596         0.2771
 36  1.567         1.4893         0.3099
 37  1.667         1.5194         0.3445
 38  1.767         1.5498         0.3801
 39  1.867         1.5805         0.4154
 40  1.967         1.6114         0.4481
 41  2.067         1.6429         0.4871
 42  2.167         1.6748         0.5252
 43  2.267         1.7070         0.5613
 44  2.367         1.7399         0.6031
 45  2.467         1.7745         0.6578
 46  2.567         1.8120         0.7295
 47  2.667         1.8527         0.8046
 48  2.767         1.8920         0.8290
 49  2.867         1.9297         0.8493
 50  2.967         1.9658         0.8675
 51  3.067         2.0000         0.8802
 52  3.167         2.0333         0.9010
 53  3.267         2.0668         0.9375
 54  3.367         2.1029         1.0041
 55  3.467         2.1504         1.1664
 56  3.567         2.3160         1.8172
 57  3.667         2.4145         1.7217
 58  3.767         2.4932         1.7125
 59  3.867         2.5642         1.7425
 60  3.967         2.6301         1.7792
 61  4.067         2.6921         1.8160
 62  4.167         2.7504         1.8495
 63  4.267         2.8069         1.8932
 64  4.367         2.8626         1.9430
 65  4.467         2.9161         1.9801
 66  4.567         2.9657         1.9984
 67  4.667         3.0122         2.0188
 68  4.767         3.0561         2.0399
 69  4.867         3.0977         2.0582
 70  4.967         3.1371         2.0749
 71  5.067         3.1746         2.0921
 72  5.167         3.2104         2.1086
 73  5.267         3.2447         2.1258
 74  5.367         3.2779         2.1447
 75  5.467         3.3098         2.1592
 76  5.567         3.3401         2.1691
 77  5.667         3.3692         2.1810
 78  5.767         3.3971         2.1918
 79  5.867         3.4240         2.2023
 80  5.967         3.4497         2.2089
 81  6.067         3.4743         2.2158
 82  6.167         3.4982         2.2258
 83  6.267         3.5212         2.2333
 84  6.367         3.5433         2.2394
 85  6.467         3.5647         2.2461
 86  6.567         3.5852         2.2501
 87  6.667         3.6050         2.2536
 88  6.767         3.6241         2.2578
 89  6.867         3.6426         2.2634
 90  6.967         3.6607         2.2718
 91  7.067         3.6785         2.2809
 92  7.167         3.6958         2.2876
 93  7.267         3.7126         2.2932
 94  7.367         3.7293         2.3057
 95  7.467         3.7460         2.3210
 96  7.567         3.7627         2.3411
 97  7.667         3.7797         2.3639
 98  7.767         3.7970         2.3881
 99  7.867         3.8144         2.4073
100  7.967         3.8318         2.4254
101  8.067         3.8492         2.4449
102  8.167         3.8669         2.4676
103  8.267         3.8848         2.4919
104  8.367         3.9029         2.5137
105  8.467         3.9211         2.5333
106  8.567         3.9393         2.5523
107  8.667         3.9575         2.5715
108  8.767         3.9761         2.5983
109  8.867         3.9951         2.6259
110  8.967         4.0144         2.6540
111  9.067         4.0341         2.6812
112  9.167         4.0545         2.7144
113  9.267         4.0754         2.7475
114  9.367         4.0968         2.7793
115  9.467         4.1189         2.8140
116  9.567         4.1418         2.8526
117  9.667         4.1657         2.8945
118  9.767         4.1905         2.9357
119  9.867         4.2169         2.9869
120  9.967         4.2450         3.0423
121 10.067         4.2732         3.0716
122 10.167         4.3017         3.1049
123 10.267         4.3301         3.1307
124 10.367         4.3580         3.1520
125 10.467         4.3860         3.1818
126 10.567         4.4139         3.2081
127 10.667         4.4412         3.2257
128 10.767         4.4677         3.2406
129 10.867         4.4933         3.2505
130 10.967         4.5184         3.2669
131 11.067         4.5430         3.2844
132 11.167         4.5674         3.3047
133 11.267         4.5916         3.3256
134 11.367         4.6158         3.3497
135 11.467         4.6399         3.3731
136 11.567         4.6640         3.3963
137 11.667         4.6881         3.4190
138 11.767         4.7121         3.4432
139 11.867         4.7362         3.4694
140 11.967         4.7606         3.4976
141 12.067         4.7851         3.5243
142 12.167         4.8096         3.5482
143 12.267         4.8339         3.5694
144 12.367         4.8581         3.5921
145 12.467         4.8822         3.6148
146 12.567         4.9061         3.6358
147 12.667         4.9299         3.6553
148 12.767         4.9534         3.6749
149 12.867         4.9767         3.6957
150 12.967         5.0000         3.7178


#AGE=12.000 BINS=151 Power-law IMF: x=-2.350
# N  sdss_r       Log10(N)       Log10(dN)
  1 -1.901        -0.4456        -0.4456
  2 -1.801        -0.2194        -0.6109
  3 -1.701        -0.1016        -0.7258
  4 -1.601        -0.0094        -0.7275
  5 -1.501         0.0704        -0.7049
  6 -1.401         0.1410        -0.6826
  7 -1.301         0.2054        -0.6555
  8 -1.201         0.2644        -0.6320
  9 -1.101         0.3199        -0.6004
 10 -1.001         0.3730        -0.5661
 11 -0.901         0.4241        -0.5308
 12 -0.801         0.4718        -0.5110
 13 -0.701         0.5185        -0.4730
 14 -0.601         0.5633        -0.4451
 15 -0.501         0.6073        -0.4093
 16 -0.401         0.6500        -0.3781
 17 -0.301         0.6917        -0.3465
 18 -0.201         0.7323        -0.3179
 19 -0.101         0.7728        -0.2770
 20 -0.001         0.8121        -0.2514
 21  0.099         0.8507        -0.2195
 22  0.199         0.8892        -0.1823
 23  0.299         0.9268        -0.1537
 24  0.399         0.9640        -0.1217
 25  0.499         1.0006        -0.0927
 26  0.599         1.0363        -0.0657
 27  0.699         1.1760         0.6152
 28  0.799         1.2125         0.1187
 29  0.899         1.2434         0.0807
 30  0.999         1.2726         0.0859
 31  1.099         1.3018         0.1151
 32  1.199         1.3310         0.1431
 33  1.299         1.3602         0.1733
 34  1.399         1.3895         0.2053
 35  1.499         1.4192         0.2382
 36  1.599         1.4491         0.2730
 37  1.699         1.4793         0.3057
 38  1.799         1.5097         0.3407
 39  1.899         1.5407         0.3778
 40  1.999         1.5716         0.4095
 41  2.099         1.6031         0.4478
 42  2.199         1.6352         0.4872
 43  2.299         1.6673         0.5206
 44  2.399         1.7003         0.5639
 45  2.499         1.7344         0.6136
 46  2.599         1.7712         0.6799
 47  2.699         1.8121         0.7660
 48  2.799         1.8518         0.7927
 49  2.899         1.8897         0.8122
 50  2.999         1.9260         0.8306
 51  3.099         1.9603         0.8406
 52  3.199         1.9935         0.8597
 53  3.299         2.0263         0.8889
 54  3.399         2.0606         0.9404
 55  3.499         2.1004         1.0428
 56  3.599         2.1834         1.4239
 57  3.699         2.3319         1.7938
 58  3.799         2.4190         1.6785
 59  3.899         2.4950         1.7000
 60  3.999         2.5648         1.7369
 61  4.099         2.6304         1.7766
 62  4.199         2.6922         1.8155
 63  4.299         2.7510         1.8535
 64  4.399         2.8084         1.9009
 65  4.499         2.8643         1.9461
 66  4.599         2.9156         1.9627
 67  4.699         2.9630         1.9777
 68  4.799         3.0072         1.9932
 69  4.899         3.0491         2.0124
 70  4.999         3.0890         2.0318
 71  5.099         3.1271         2.0515
 72  5.199         3.1637         2.0717
 73  5.299         3.1991         2.0926
 74  5.399         3.2331         2.1103
 75  5.499         3.2655         2.1222
 76  5.599         3.2965         2.1344
 77  5.699         3.3262         2.1460
 78  5.799         3.3547         2.1581
 79  5.899         3.3821         2.1675
 80  5.999         3.4081         2.1739
 81  6.099         3.4333         2.1831
 82  6.199         3.4575         2.1927
 83  6.299         3.4809         2.1991
 84  6.399         3.5034         2.2068
 85  6.499         3.5250         2.2121
 86  6.599         3.5459         2.2167
 87  6.699         3.5659         2.2204
 88  6.799         3.5853         2.2259
 89  6.899         3.6042         2.2326
 90  6.999         3.6227         2.2427
 91  7.099         3.6407         2.2494
 92  7.199         3.6582         2.2538
 93  7.299         3.6753         2.2632
 94  7.399         3.6924         2.2777
 95  7.499         3.7094         2.2950
 96  7.599         3.7267         2.3172
 97  7.699         3.7442         2.3403
 98  7.799         3.7618         2.3631
 99  7.899         3.7796         2.3814
100  7.999         3.7973         2.4003
101  8.099         3.8152         2.4211
102  8.199         3.8333         2.4447
103  8.299         3.8518         2.4697
104  8.399         3.8702         2.4895
105  8.499         3.8887         2.5085
106  8.599         3.9072         2.5282
107  8.699         3.9259         2.5497
108  8.799         3.9449         2.5774
109  8.899         3.9644         2.6052
110  8.999         3.9842         2.6329
111  9.099         4.0043         2.6613
112  9.199         4.0251         2.6950
113  9.299         4.0465         2.7278
114  9.399         4.0684         2.7608
115  9.499         4.0911         2.7971
116  9.599         4.1146         2.8373
117  9.699         4.1392         2.8787
118  9.799         4.1648         2.9228
119  9.899         4.1918         2.9727
120  9.999         4.2203         3.0227
121 10.099         4.2486         3.0481
122 10.199         4.2778         3.0918
123 10.299         4.3064         3.1097
124 10.399         4.3347         3.1361
125 10.499         4.3631         3.1635
126 10.599         4.3910         3.1858
127 10.699         4.4184         3.2041
128 10.799         4.4447         3.2132
129 10.899         4.4702         3.2275
130 10.999         4.4952         3.2430
131 11.099         4.5199         3.2616
132 11.199         4.5443         3.2814
133 11.299         4.5686         3.3049
134 11.399         4.5928         3.3273
135 11.499         4.6169         3.3486
136 11.599         4.6409         3.3710
137 11.699         4.6649         3.3963
138 11.799         4.6891         3.4220
139 11.899         4.7133         3.4472
140 11.999         4.7375         3.4724
141 12.099         4.7619         3.4990
142 12.199         4.7864         3.5259
143 12.299         4.8109         3.5494
144 12.399         4.8351         3.5695
145 12.499         4.8591         3.5896
146 12.599         4.8829         3.6108
147 12.699         4.9066         3.6318
148 12.799         4.9302         3.6525
149 12.899         4.9536         3.6728
150 12.999         4.9768         3.6939
151 13.099         5.0000         3.7159


#AGE=13.000 BINS=148 Power-law IMF: x=-2.350
# N  sdss_r       Log10(N)       Log10(dN)
  1 -1.826        -0.4932        -0.4932
  2 -1.726        -0.2287        -0.5696
  3 -1.626        -0.0787        -0.6132
  4 -1.526         0.0198        -0.6727
  5 -1.426         0.1034        -0.6535
  6 -1.326         0.1763        -0.6350
  7 -1.226         0.2440        -0.5965
  8 -1.126         0.3050        -0.5773
  9 -1.026         0.3629        -0.5409
 10 -0.926         0.4170        -0.5146
 11 -0.826         0.4685        -0.4830
 12 -0.726         0.5184        -0.4460
 13 -0.626         0.5657        -0.4203
 14 -0.526         0.6115        -0.3886
 15 -0.426         0.6555        -0.3605
 16 -0.326         0.6992        -0.3191
 17 -0.226         0.7422        -0.2840
 18 -0.126         0.7836        -0.2578
 19 -0.026         0.8241        -0.2267
 20  0.074         0.8638        -0.1941
 21  0.174         0.9030        -0.1608
 22  0.274         0.9420        -0.1239
 23  0.374         0.9802        -0.0947
 24  0.474         1.0177        -0.0645
 25  0.574         1.0545        -0.0362
 26  0.674         1.0876        -0.0473
 27  0.774         1.2320         0.6839
 28  0.874         1.2655         0.1349
 29  0.974         1.2958         0.1247
 30  1.074         1.3257         0.1484
 31  1.174         1.3552         0.1733
 32  1.274         1.3848         0.2031
 33  1.374         1.4146         0.2362
 34  1.474         1.4445         0.2679
 35  1.574         1.4745         0.2982
 36  1.674         1.5048         0.3336
 37  1.774         1.5352         0.3656
 38  1.874         1.5662         0.4036
 39  1.974         1.5973         0.4380
 40  2.074         1.6287         0.4725
 41  2.174         1.6606         0.5100
 42  2.274         1.6927         0.5459
 43  2.374         1.7253         0.5841
 44  2.474         1.7586         0.6275
 45  2.574         1.7934         0.6791
 46  2.674         1.8319         0.7604
 47  2.774         1.8729         0.8279
 48  2.874         1.9122         0.8498
 49  2.974         1.9498         0.8686
 50  3.074         1.9856         0.8838
 51  3.174         2.0197         0.8968
 52  3.274         2.0527         0.9174
 53  3.374         2.0856         0.9491
 54  3.474         2.1202         1.0040
 55  3.574         2.1611         1.1147
 56  3.674         2.2440         1.4839
 57  3.774         2.3814         1.8146
 58  3.874         2.4704         1.7384
 59  3.974         2.5483         1.7636
 60  4.074         2.6201         1.8029
 61  4.174         2.6873         1.8439
 62  4.274         2.7502         1.8803
 63  4.374         2.8093         1.9137
 64  4.474         2.8663         1.9558
 65  4.574         2.9211         1.9955
 66  4.674         2.9712         2.0085
 67  4.774         3.0175         2.0221
 68  4.874         3.0610         2.0407
 69  4.974         3.1026         2.0624
 70  5.074         3.1423         2.0840
 71  5.174         3.1806         2.1068
 72  5.274         3.2177         2.1306
 73  5.374         3.2532         2.1489
 74  5.474         3.2870         2.1615
 75  5.574         3.3194         2.1749
 76  5.674         3.3503         2.1880
 77  5.774         3.3800         2.2001
 78  5.874         3.4085         2.2108
 79  5.974         3.4356         2.2178
 80  6.074         3.4617         2.2271
 81  6.174         3.4868         2.2373
 82  6.274         3.5110         2.2450
 83  6.374         3.5343         2.2523
 84  6.474         3.5567         2.2580
 85  6.574         3.5783         2.2636
 86  6.674         3.5990         2.2677
 87  6.774         3.6191         2.2734
 88  6.874         3.6385         2.2802
 89  6.974         3.6576         2.2902
 90  7.074         3.6761         2.2964
 91  7.174         3.6940         2.3006
 92  7.274         3.7116         2.3097
 93  7.374         3.7290         2.3239
 94  7.474         3.7464         2.3411
 95  7.574         3.7640         2.3631
 96  7.674         3.7819         2.3868
 97  7.774         3.7999         2.4084
 98  7.874         3.8179         2.4275
 99  7.974         3.8360         2.4470
100  8.074         3.8543         2.4678
101  8.174         3.8727         2.4905
102  8.274         3.8914         2.5160
103  8.374         3.9102         2.5375
104  8.474         3.9290         2.5570
105  8.574         3.9479         2.5758
106  8.674         3.9668         2.5965
107  8.774         3.9860         2.6233
108  8.874         4.0057         2.6512
109  8.974         4.0257         2.6792
110  9.074         4.0461         2.7073
111  9.174         4.0670         2.7398
112  9.274         4.0885         2.7731
113  9.374         4.1107         2.8069
114  9.474         4.1335         2.8431
115  9.574         4.1572         2.8820
116  9.674         4.1817         2.9210
117  9.774         4.2072         2.9638
118  9.874         4.2341         3.0131
119  9.974         4.2625         3.0631
120 10.074         4.2907         3.0900
121 10.174         4.3203         3.1384
122 10.274         4.3496         3.1646
123 10.374         4.3783         3.1841
124 10.474         4.4070         3.2125
125 10.574         4.4354         3.2364
126 10.674         4.4630         3.2527
127 10.774         4.4898         3.2664
128 10.874         4.5157         3.2781
129 10.974         4.5409         3.2934
130 11.074         4.5658         3.3106
131 11.174         4.5903         3.3307
132 11.274         4.6147         3.3511
133 11.374         4.6389         3.3737
134 11.474         4.6631         3.3962
135 11.574         4.6871         3.4189
136 11.674         4.7111         3.4410
137 11.774         4.7351         3.4658
138 11.874         4.7593         3.4935
139 11.974         4.7837         3.5208
140 12.074         4.8081         3.5458
141 12.174         4.8325         3.5688
142 12.274         4.8568         3.5935
143 12.374         4.8811         3.6174
144 12.474         4.9053         3.6388
145 12.574         4.9292         3.6582
146 12.674         4.9529         3.6782
147 12.774         4.9765         3.6993
148 12.874         5.0000         3.7215
