#NUMBER OF AGES=15
#----------------------------------------------------       
#MIX-LEN  Y      Z          Zeff        [Fe/H] [a/Fe]       
# 1.9380  0.2454 2.6063E-04 2.6063E-04  -1.80   0.00        
#----------------------------------------------------       
#**PHOTOMETRIC SYSTEM**: SDSS (AB)                          
#----------------------------------------------------       
#AGE= 0.010 BINS=125 Power-law IMF: x=-2.350
# N  sdss_r       Log10(N)       Log10(dN)
  1 -1.675            NaN         0.0000
  2 -1.575            NaN         0.0000
  3 -1.475            NaN         0.0000
  4 -1.375            NaN         0.0000
  5 -1.274            NaN         0.0000
  6 -1.175            NaN         0.0000
  7 -1.075            NaN         0.0000
  8 -0.975            NaN         0.0000
  9 -0.875            NaN         0.0000
 10 -0.774            NaN         1.2552
 11 -0.675            NaN         1.4301
 12 -0.575            NaN         1.4860
 13 -0.475            NaN         1.4957
 14 -0.375            NaN         1.4801
 15 -0.274            NaN         1.4569
 16 -0.175            NaN         1.5015
 17 -0.075         0.9031         1.5538
 18  0.025         1.6660         1.5837
 19  0.125         1.9541         1.6397
 20  0.226         2.1503         1.7109
 21  0.325         2.2643         1.6274
 22  0.425         2.3154         1.3607
 23  0.525         2.4100         1.7021
 24  0.625         2.4926         1.7309
 25  0.726         2.5572         1.6981
 26  0.825         2.6242         1.7794
 27  0.925         2.7045         1.9316
 28  1.025         2.8031         2.1106
 29  1.125         2.8903         2.1503
 30  1.226         2.9475         2.0387
 31  1.325         2.9990         2.0474
 32  1.425         3.0461         2.0586
 33  1.525         3.0901         2.0732
 34  1.626         3.1313         2.0882
 35  1.726         3.1693         2.0925
 36  1.825         3.2011         2.0496
 37  1.925         3.2785         2.4917
 38  2.025         3.4334         2.9105
 39  2.126         3.4721         2.4025
 40  2.226         3.5104         2.4374
 41  2.325         3.5302         2.1788
 42  2.425         3.5488         2.1705
 43  2.525         3.5666         2.1715
 44  2.626         3.5839         2.1745
 45  2.726         3.6011         2.1914
 46  2.825         3.6183         2.2061
 47  2.925         3.6354         2.2225
 48  3.026         3.6526         2.2424
 49  3.125         3.6700         2.2647
 50  3.226         3.6876         2.2847
 51  3.325         3.7051         2.3018
 52  3.425         3.7187         2.2084
 53  3.526         3.7319         2.2075
 54  3.625         3.7451         2.2208
 55  3.726         3.7583         2.2343
 56  3.825         3.7715         2.2480
 57  3.925         3.7847         2.2620
 58  4.026         3.7980         2.2762
 59  4.125         3.8113         2.2907
 60  4.226         3.8246         2.3055
 61  4.325         3.8380         2.3205
 62  4.425         3.8515         2.3358
 63  4.526         3.8650         2.3514
 64  4.625         3.8786         2.3674
 65  4.726         3.8922         2.3836
 66  4.825         3.9060         2.4001
 67  4.925         3.9199         2.4168
 68  5.026         3.9338         2.4330
 69  5.125         3.9478         2.4492
 70  5.226         3.9619         2.4654
 71  5.325         3.9760         2.4821
 72  5.425         3.9907         2.5108
 73  5.526         4.0052         2.5231
 74  5.625         4.0188         2.5076
 75  5.726         4.0311         2.4768
 76  5.825         4.0426         2.4586
 77  5.925         4.0537         2.4556
 78  6.026         4.0648         2.4677
 79  6.125         4.0761         2.4851
 80  6.226         4.0870         2.4809
 81  6.325         4.0938         2.2882
 82  6.426         4.1006         2.2918
 83  6.526         4.1076         2.3136
 84  6.625         4.1151         2.3451
 85  6.726         4.1230         2.3809
 86  6.825         4.1316         2.4240
 87  6.925         4.1413         2.4839
 88  7.026         4.1513         2.5096
 89  7.126         4.1609         2.4985
 90  7.226         4.1600         2.4985
 91  7.325         4.1804         2.8408
 92  7.425         4.1955         2.7285
 93  7.526         4.2098         2.7228
 94  7.626         4.2232         2.7056
 95  7.726         4.2353         2.6743
 96  7.825         4.3201         3.5687
 97  7.925         4.3847         3.5252
 98  8.026         4.4203         3.3167
 99  8.126         4.4531         3.3141
100  8.226         4.4855         3.3424
101  8.325         4.5179         3.3743
102  8.425         4.5500         3.4035
103  8.526         4.5817         3.4287
104  8.626         4.6156         3.4915
105  8.726         4.6395         3.3679
106  8.825         4.6608         3.3409
107  8.925         4.6785         3.2795
108  9.026         4.6924         3.1903
109  9.126         4.7096         3.2996
110  9.226         4.7286         3.3600
111  9.325         4.7479         3.3859
112  9.425         4.7670         3.4004
113  9.526         4.7859         3.4167
114  9.626         4.8049         3.4347
115  9.726         4.8238         3.4535
116  9.825         4.8425         3.4685
117  9.925         4.8611         3.4821
118 10.026         4.8794         3.4949
119 10.126         4.8974         3.5070
120 10.226         4.9152         3.5182
121 10.325         4.9327         3.5287
122 10.425         4.9498         3.5371
123 10.526         4.9666         3.5461
124 10.626         4.9833         3.5593
125 10.726         5.0000         3.5770


#AGE= 0.100 BINS=122 Power-law IMF: x=-2.350
# N  sdss_r       Log10(N)       Log10(dN)
  1 -1.263            NaN         3.5770
  2 -1.163            NaN         3.5770
  3 -1.063            NaN         3.5770
  4 -0.963            NaN         3.5770
  5 -0.863            NaN         3.5770
  6 -0.763            NaN         3.5770
  7 -0.663            NaN         3.5770
  8 -0.563            NaN         0.9191
  9 -0.463            NaN         1.4433
 10 -0.363            NaN         1.4896
 11 -0.263            NaN         1.4899
 12 -0.163            NaN         1.4631
 13 -0.063            NaN         1.4655
 14  0.037            NaN         1.5356
 15  0.137            NaN         1.5736
 16  0.237         1.6022         1.6317
 17  0.337         1.9669         1.7213
 18  0.437         2.1594         1.7134
 19  0.537         2.2367         1.4493
 20  0.637         2.3667         1.7793
 21  0.737         2.4566         1.7286
 22  0.837         2.5273         1.7040
 23  0.937         2.6079         1.8365
 24  1.037         2.6880         1.9145
 25  1.137         2.7798         2.0598
 26  1.237         2.8760         2.1743
 27  1.337         2.9360         2.0465
 28  1.437         2.9898         2.0565
 29  1.537         3.0390         2.0688
 30  1.637         3.0848         2.0850
 31  1.737         3.1277         2.1010
 32  1.837         3.1681         2.1172
 33  1.937         3.2016         2.0717
 34  2.037         3.2547         2.3160
 35  2.137         3.4240         2.9330
 36  2.237         3.4723         2.4938
 37  2.337         3.5001         2.2939
 38  2.437         3.5214         2.2011
 39  2.537         3.5407         2.1774
 40  2.637         3.5592         2.1801
 41  2.737         3.5769         2.1786
 42  2.837         3.5945         2.1925
 43  2.937         3.6120         2.2081
 44  3.037         3.6294         2.2239
 45  3.137         3.6469         2.2434
 46  3.237         3.6646         2.2659
 47  3.337         3.6824         2.2863
 48  3.437         3.7002         2.3035
 49  3.537         3.7136         2.1985
 50  3.637         3.7271         2.2106
 51  3.737         3.7405         2.2238
 52  3.837         3.7539         2.2372
 53  3.937         3.7673         2.2508
 54  4.037         3.7808         2.2647
 55  4.137         3.7942         2.2788
 56  4.237         3.8077         2.2931
 57  4.337         3.8212         2.3077
 58  4.437         3.8348         2.3225
 59  4.537         3.8484         2.3376
 60  4.637         3.8621         2.3529
 61  4.737         3.8758         2.3686
 62  4.837         3.8896         2.3845
 63  4.937         3.9034         2.4007
 64  5.037         3.9174         2.4171
 65  5.137         3.9314         2.4333
 66  5.237         3.9455         2.4493
 67  5.337         3.9596         2.4651
 68  5.437         3.9738         2.4812
 69  5.537         3.9884         2.5086
 70  5.637         4.0030         2.5198
 71  5.737         4.0165         2.5037
 72  5.837         4.0288         2.4744
 73  5.937         4.0403         2.4584
 74  6.037         4.0515         2.4581
 75  6.137         4.0629         2.4732
 76  6.237         4.0742         2.4866
 77  6.337         4.0855         2.4934
 78  6.437         4.0956         2.4572
 79  6.537         4.1025         2.3042
 80  6.637         4.1096         2.3198
 81  6.737         4.1170         2.3415
 82  6.837         4.1247         2.3688
 83  6.937         4.1329         2.4060
 84  7.037         4.1421         2.4645
 85  7.137         4.1506         2.4369
 86  7.237         4.1633         2.6235
 87  7.337         4.1674         2.1398
 88  7.437         4.1833         2.7390
 89  7.537         4.1988         2.7445
 90  7.637         4.2137         2.7393
 91  7.737         4.2274         2.7215
 92  7.837         4.2398         2.6884
 93  7.937         4.2514         2.6708
 94  8.037         4.3602         3.7057
 95  8.137         4.4032         3.3782
 96  8.237         4.4383         3.3284
 97  8.337         4.4725         3.3516
 98  8.437         4.5066         3.3851
 99  8.537         4.5406         3.4172
100  8.637         4.5803         3.5209
101  8.737         4.6075         3.3914
102  8.837         4.6313         3.3585
103  8.937         4.6513         3.3035
104  9.037         4.6667         3.2102
105  9.137         4.6855         3.3122
106  9.237         4.7052         3.3523
107  9.337         4.7254         3.3837
108  9.437         4.7453         3.3953
109  9.537         4.7648         3.4086
110  9.637         4.7842         3.4236
111  9.737         4.8034         3.4401
112  9.837         4.8226         3.4581
113  9.937         4.8416         3.4736
114 10.037         4.8604         3.4869
115 10.137         4.8789         3.4994
116 10.237         4.8971         3.5109
117 10.337         4.9151         3.5215
118 10.437         4.9326         3.5311
119 10.537         4.9498         3.5385
120 10.637         4.9666         3.5462
121 10.737         4.9833         3.5589
122 10.837         5.0000         3.5767


#AGE= 1.000 BINS=130 Power-law IMF: x=-2.350
# N  sdss_r       Log10(N)       Log10(dN)
  1 -0.947         0.1445         0.1445
  2 -0.847         0.4593         0.1716
  3 -0.747         0.6453         0.1875
  4 -0.647         0.7777         0.1970
  5 -0.547         0.8795         0.1997
  6 -0.447         0.9623         0.2021
  7 -0.347         1.0325         0.2060
  8 -0.247         1.0928         0.2055
  9 -0.147         1.1458         0.2066
 10 -0.047         1.1936         0.2116
 11  0.053         1.2361         0.2050
 12  0.153         1.2747         0.2047
 13  0.253         1.3101         0.2033
 14  0.353         1.4313         0.8180
 15  0.453         1.5246         0.8108
 16  0.553         1.5729         0.5953
 17  0.653         1.5956         0.3028
 18  0.753         1.6203         0.3627
 19  0.853         1.6476         0.4328
 20  0.953         1.6784         0.5132
 21  1.053         1.7125         0.5901
 22  1.153         1.7414         0.5510
 23  1.253         1.7519         0.1275
 24  1.353         1.7499         0.1275
 25  1.453         1.9608         1.5458
 26  1.553         2.1004         1.5396
 27  1.653         2.2150         1.5803
 28  1.753         2.3135         1.6209
 29  1.853         2.3989         1.6506
 30  1.953         2.4869         1.7501
 31  2.053         2.5799         1.8649
 32  2.153         2.6712         1.9492
 33  2.253         2.7579         2.0154
 34  2.353         2.8312         2.0225
 35  2.453         2.8926         2.0127
 36  2.553         2.9506         2.0472
 37  2.653         3.0114         2.1276
 38  2.753         3.0686         2.1603
 39  2.853         3.1187         2.1559
 40  2.953         3.1642         2.1621
 41  3.053         3.2067         2.1753
 42  3.153         3.2464         2.1886
 43  3.253         3.2828         2.1874
 44  3.353         3.3143         2.1593
 45  3.453         3.3425         2.1403
 46  3.553         3.3691         2.1442
 47  3.653         3.3945         2.1479
 48  3.753         3.4186         2.1518
 49  3.853         3.4421         2.1628
 50  3.953         3.4651         2.1776
 51  4.053         3.4873         2.1852
 52  4.153         3.5087         2.1897
 53  4.253         3.5296         2.2021
 54  4.353         3.5502         2.2169
 55  4.453         3.5707         2.2330
 56  4.553         3.5909         2.2488
 57  4.653         3.6105         2.2550
 58  4.753         3.6295         2.2614
 59  4.853         3.6479         2.2661
 60  4.953         3.6658         2.2726
 61  5.053         3.6834         2.2815
 62  5.153         3.7007         2.2928
 63  5.253         3.7179         2.3066
 64  5.353         3.7350         2.3230
 65  5.453         3.7523         2.3421
 66  5.553         3.7697         2.3646
 67  5.653         3.7872         2.3847
 68  5.753         3.8047         2.4013
 69  5.853         3.8221         2.4147
 70  5.953         3.8391         2.4246
 71  6.053         3.8558         2.4311
 72  6.153         3.8719         2.4340
 73  6.253         3.8875         2.4330
 74  6.353         3.9024         2.4311
 75  6.453         3.9169         2.4350
 76  6.553         3.9312         2.4415
 77  6.653         3.9453         2.4495
 78  6.753         3.9591         2.4542
 79  6.853         3.9725         2.4539
 80  6.953         3.9855         2.4571
 81  7.053         3.9985         2.4682
 82  7.153         4.0115         2.4788
 83  7.253         4.0245         2.4948
 84  7.353         4.0374         2.5054
 85  7.453         4.0502         2.5136
 86  7.553         4.0631         2.5272
 87  7.653         4.0761         2.5479
 88  7.753         4.0894         2.5681
 89  7.853         4.1029         2.5880
 90  7.953         4.1166         2.6082
 91  8.053         4.1305         2.6285
 92  8.153         4.1445         2.6481
 93  8.253         4.1599         2.6995
 94  8.353         4.1760         2.7393
 95  8.453         4.1929         2.7732
 96  8.553         4.2115         2.8351
 97  8.653         4.2326         2.9085
 98  8.753         4.2544         2.9433
 99  8.853         4.2748         2.9379
100  8.953         4.2931         2.9083
101  9.053         4.3175         3.0554
102  9.153         4.3433         3.1029
103  9.253         4.3669         3.0902
104  9.353         4.3923         3.1476
105  9.453         4.4206         3.2206
106  9.553         4.4489         3.2481
107  9.653         4.4772         3.2779
108  9.753         4.5057         3.3088
109  9.853         4.5343         3.3389
110  9.953         4.5627         3.3642
111 10.053         4.5906         3.3845
112 10.153         4.6180         3.4044
113 10.253         4.6453         3.4296
114 10.353         4.6722         3.4510
115 10.453         4.6986         3.4684
116 10.553         4.7242         3.4817
117 10.653         4.7488         3.4907
118 10.753         4.7727         3.5010
119 10.853         4.7961         3.5159
120 10.953         4.8188         3.5263
121 11.053         4.8407         3.5320
122 11.153         4.8616         3.5330
123 11.253         4.8813         3.5295
124 11.353         4.9001         3.5267
125 11.453         4.9181         3.5267
126 11.553         4.9355         3.5290
127 11.653         4.9524         3.5331
128 11.753         4.9685         3.5306
129 11.853         4.9842         3.5354
130 11.953         5.0000         3.5522


#AGE= 2.000 BINS=152 Power-law IMF: x=-2.350
# N  sdss_r       Log10(N)       Log10(dN)
  1 -2.808        -0.4700        -0.4700
  2 -2.708        -0.1649        -0.4619
  3 -2.608         0.0203        -0.4391
  4 -2.508         0.1578        -0.4087
  5 -2.408         0.2658        -0.3915
  6 -2.308         0.3477        -0.4168
  7 -2.208         0.4257        -0.3588
  8 -2.108         0.4987        -0.3113
  9 -2.008         0.5653        -0.2821
 10 -1.908         0.6271        -0.2505
 11 -1.808         0.6840        -0.2262
 12 -1.708         0.7363        -0.2091
 13 -1.608         0.8870         0.3542
 14 -1.508         0.9314        -0.0815
 15 -1.408         0.9702        -0.0978
 16 -1.308         1.0067        -0.0864
 17 -1.208         1.0926         0.3466
 18 -1.108         1.1273         0.0121
 19 -1.008         1.1590         0.0074
 20 -0.908         1.1902         0.0304
 21 -0.808         1.2189         0.0254
 22 -0.708         1.2468         0.0399
 23 -0.608         1.2767         0.0995
 24 -0.508         1.3069         0.1349
 25 -0.408         1.3372         0.1660
 26 -0.308         1.3673         0.1925
 27 -0.208         1.3972         0.2203
 28 -0.108         1.4267         0.2443
 29 -0.008         1.4562         0.2731
 30  0.092         1.4858         0.3045
 31  0.192         1.5157         0.3387
 32  0.292         1.5457         0.3699
 33  0.392         1.5769         0.4182
 34  0.492         1.6081         0.4484
 35  0.592         1.6383         0.4664
 36  0.692         1.6690         0.5032
 37  0.792         1.6984         0.5135
 38  0.892         1.7270         0.5326
 39  0.992         1.7550         0.5499
 40  1.092         1.7832         0.5817
 41  1.192         1.9421         1.4283
 42  1.292         1.9690         0.7481
 43  1.392         1.9961         0.7773
 44  1.492         2.0250         0.8348
 45  1.592         2.0585         0.9285
 46  1.692         2.0984         1.0418
 47  1.792         2.1461         1.1635
 48  1.892         2.2017         1.2816
 49  1.992         2.2643         1.3916
 50  2.092         2.3326         1.4957
 51  2.192         2.4040         1.5847
 52  2.292         2.4762         1.6613
 53  2.392         2.5506         1.7481
 54  2.492         2.6248         1.8209
 55  2.592         2.6979         1.8880
 56  2.692         2.7675         1.9376
 57  2.792         2.8319         1.9716
 58  2.892         2.8906         1.9922
 59  2.992         2.9446         2.0125
 60  3.092         2.9941         2.0262
 61  3.192         3.0386         2.0274
 62  3.292         3.0782         2.0183
 63  3.392         3.1146         2.0200
 64  3.492         3.1493         2.0341
 65  3.592         3.1821         2.0444
 66  3.692         3.2133         2.0544
 67  3.792         3.2435         2.0698
 68  3.892         3.2730         2.0916
 69  3.992         3.3011         2.0981
 70  4.092         3.3280         2.1060
 71  4.192         3.3542         2.1221
 72  4.292         3.3802         2.1432
 73  4.392         3.4056         2.1606
 74  4.492         3.4304         2.1746
 75  4.592         3.4542         2.1820
 76  4.692         3.4771         2.1875
 77  4.792         3.4997         2.2052
 78  4.892         3.5223         2.2275
 79  4.992         3.5449         2.2487
 80  5.092         3.5673         2.2681
 81  5.192         3.5887         2.2719
 82  5.292         3.6094         2.2770
 83  5.392         3.6295         2.2844
 84  5.492         3.6491         2.2941
 85  5.592         3.6684         2.3062
 86  5.692         3.6874         2.3186
 87  5.792         3.7060         2.3290
 88  5.892         3.7242         2.3382
 89  5.992         3.7421         2.3470
 90  6.092         3.7596         2.3561
 91  6.192         3.7767         2.3643
 92  6.292         3.7935         2.3729
 93  6.392         3.8100         2.3804
 94  6.492         3.8261         2.3876
 95  6.592         3.8419         2.3942
 96  6.692         3.8572         2.3980
 97  6.792         3.8722         2.4021
 98  6.892         3.8868         2.4053
 99  6.992         3.9010         2.4079
100  7.092         3.9152         2.4232
101  7.192         3.9294         2.4390
102  7.292         3.9436         2.4503
103  7.392         3.9576         2.4579
104  7.492         3.9714         2.4675
105  7.592         3.9854         2.4867
106  7.692         3.9996         2.5068
107  7.792         4.0139         2.5257
108  7.892         4.0286         2.5490
109  7.992         4.0436         2.5750
110  8.092         4.0584         2.5832
111  8.192         4.0751         2.6520
112  8.292         4.0949         2.7429
113  8.392         4.1165         2.8038
114  8.492         4.1390         2.8419
115  8.592         4.1612         2.8592
116  8.692         4.1821         2.8538
117  8.792         4.2006         2.8196
118  8.892         4.2189         2.8341
119  8.992         4.2397         2.9107
120  9.092         4.2655         3.0261
121  9.192         4.2937         3.0917
122  9.292         4.3213         3.1115
123  9.392         4.3494         3.1462
124  9.492         4.3776         3.1764
125  9.592         4.4057         3.2027
126  9.692         4.4341         3.2353
127  9.792         4.4627         3.2662
128  9.892         4.4908         3.2887
129  9.992         4.5187         3.3128
130 10.092         4.5463         3.3352
131 10.192         4.5734         3.3558
132 10.292         4.6004         3.3804
133 10.392         4.6272         3.4030
134 10.492         4.6534         3.4213
135 10.592         4.6789         3.4352
136 10.692         4.7035         3.4444
137 10.792         4.7274         3.4564
138 10.892         4.7509         3.4714
139 10.992         4.7736         3.4811
140 11.092         4.7954         3.4856
141 11.192         4.8161         3.4847
142 11.292         4.8357         3.4800
143 11.392         4.8544         3.4784
144 11.492         4.8723         3.4792
145 11.592         4.8897         3.4827
146 11.692         4.9065         3.4864
147 11.792         4.9227         3.4868
148 11.892         4.9386         3.4925
149 11.992         4.9542         3.5036
150 12.092         4.9696         3.5114
151 12.192         4.9848         3.5211
152 12.292         5.0000         3.5363


#AGE= 3.000 BINS=152 Power-law IMF: x=-2.350
# N  sdss_r       Log10(N)       Log10(dN)
  1 -2.875        -0.5929        -0.5929
  2 -2.775        -0.2736        -0.5570
  3 -2.675        -0.0876        -0.5454
  4 -2.575         0.0511        -0.5123
  5 -2.475         0.1595        -0.4965
  6 -2.375         0.2527        -0.4613
  7 -2.275         0.3330        -0.4398
  8 -2.175         0.4046        -0.4131
  9 -2.075         0.4706        -0.3805
 10 -1.975         0.5308        -0.3573
 11 -1.875         0.5831        -0.3615
 12 -1.775         0.6320        -0.3414
 13 -1.675         0.6810        -0.2906
 14 -1.575         0.7289        -0.2525
 15 -1.475         0.7723        -0.2488
 16 -1.375         0.9019         0.3136
 17 -1.275         0.9420        -0.1125
 18 -1.175         0.9785        -0.1157
 19 -1.075         1.0194        -0.0266
 20 -0.975         1.0960         0.3049
 21 -0.875         1.1282        -0.0179
 22 -0.775         1.1593        -0.0023
 23 -0.675         1.1891         0.0114
 24 -0.575         1.2162        -0.0018
 25 -0.475         1.2449         0.0497
 26 -0.375         1.2746         0.0958
 27 -0.275         1.3048         0.1318
 28 -0.175         1.3351         0.1634
 29 -0.075         1.3650         0.1889
 30  0.025         1.3953         0.2229
 31  0.125         1.4251         0.2471
 32  0.225         1.4550         0.2784
 33  0.325         1.4847         0.3048
 34  0.425         1.5147         0.3383
 35  0.525         1.5452         0.3768
 36  0.625         1.5765         0.4193
 37  0.725         1.6087         0.4621
 38  0.825         1.6412         0.5000
 39  0.925         1.6729         0.5199
 40  1.025         1.7040         0.5436
 41  1.125         1.7357         0.5831
 42  1.225         1.7666         0.6036
 43  1.325         1.7964         0.6172
 44  1.425         1.8256         0.6399
 45  1.525         1.8631         0.7808
 46  1.625         2.0070         1.4572
 47  1.725         2.0473         0.9953
 48  1.825         2.0878         1.0373
 49  1.925         2.1329         1.1263
 50  2.025         2.1825         1.2156
 51  2.125         2.2373         1.3113
 52  2.225         2.2977         1.4114
 53  2.325         2.3631         1.5088
 54  2.425         2.4316         1.5956
 55  2.525         2.5019         1.6764
 56  2.625         2.5732         1.7535
 57  2.725         2.6434         1.8170
 58  2.825         2.7119         1.8758
 59  2.925         2.7751         1.9073
 60  3.025         2.8326         1.9258
 61  3.125         2.8849         1.9401
 62  3.225         2.9317         1.9403
 63  3.325         2.9747         1.9496
 64  3.425         3.0156         1.9689
 65  3.525         3.0547         1.9904
 66  3.625         3.0917         2.0038
 67  3.725         3.1275         2.0250
 68  3.825         3.1623         2.0496
 69  3.925         3.1955         2.0612
 70  4.025         3.2275         2.0789
 71  4.125         3.2589         2.1030
 72  4.225         3.2898         2.1272
 73  4.325         3.3198         2.1435
 74  4.425         3.3484         2.1538
 75  4.525         3.3760         2.1644
 76  4.625         3.4025         2.1750
 77  4.725         3.4286         2.1946
 78  4.825         3.4545         2.2178
 79  4.925         3.4801         2.2364
 80  5.025         3.5051         2.2530
 81  5.125         3.5292         2.2615
 82  5.225         3.5521         2.2641
 83  5.325         3.5745         2.2743
 84  5.425         3.5964         2.2891
 85  5.525         3.6179         2.3018
 86  5.625         3.6390         2.3138
 87  5.725         3.6596         2.3255
 88  5.825         3.6797         2.3365
 89  5.925         3.6995         2.3470
 90  6.025         3.7187         2.3565
 91  6.125         3.7376         2.3656
 92  6.225         3.7560         2.3741
 93  6.325         3.7740         2.3827
 94  6.425         3.7916         2.3904
 95  6.525         3.8088         2.3983
 96  6.625         3.8256         2.4034
 97  6.725         3.8418         2.4075
 98  6.825         3.8577         2.4115
 99  6.925         3.8730         2.4137
100  7.025         3.8882         2.4255
101  7.125         3.9034         2.4395
102  7.225         3.9186         2.4535
103  7.325         3.9335         2.4629
104  7.425         3.9482         2.4693
105  7.525         3.9629         2.4851
106  7.625         3.9778         2.5052
107  7.725         3.9928         2.5248
108  7.825         4.0080         2.5448
109  7.925         4.0235         2.5676
110  8.025         4.0399         2.6098
111  8.125         4.0581         2.6712
112  8.225         4.0778         2.7250
113  8.325         4.0987         2.7699
114  8.425         4.1203         2.8067
115  8.525         4.1423         2.8352
116  8.625         4.1641         2.8546
117  8.725         4.1853         2.8632
118  8.825         4.2055         2.8627
119  8.925         4.2261         2.8916
120  9.025         4.2510         2.9966
121  9.125         4.2776         3.0525
122  9.225         4.3076         3.1310
123  9.325         4.3378         3.1651
124  9.425         4.3667         3.1754
125  9.525         4.3955         3.2041
126  9.625         4.4245         3.2335
127  9.725         4.4533         3.2603
128  9.825         4.4818         3.2856
129  9.925         4.5099         3.3061
130 10.025         4.5374         3.3251
131 10.125         4.5644         3.3459
132 10.225         4.5913         3.3689
133 10.325         4.6180         3.3934
134 10.425         4.6443         3.4142
135 10.525         4.6701         3.4308
136 10.625         4.6951         3.4433
137 10.725         4.7198         3.4614
138 10.825         4.7440         3.4780
139 10.925         4.7675         3.4886
140 11.025         4.7899         3.4929
141 11.125         4.8112         3.4911
142 11.225         4.8315         3.4907
143 11.325         4.8510         3.4925
144 11.425         4.8697         3.4944
145 11.525         4.8877         3.4964
146 11.625         4.9049         3.4958
147 11.725         4.9215         3.4953
148 11.825         4.9377         3.5007
149 11.925         4.9537         3.5110
150 12.025         4.9693         3.5167
151 12.125         4.9846         3.5256
152 12.225         5.0000         3.5412


#AGE= 4.000 BINS=153 Power-law IMF: x=-2.350
# N  sdss_r       Log10(N)       Log10(dN)
  1 -2.881        -0.6694        -0.6694
  2 -2.781        -0.3558        -0.6446
  3 -2.681        -0.1743        -0.6407
  4 -2.581        -0.0364        -0.6017
  5 -2.481         0.0722        -0.5830
  6 -2.381         0.1640        -0.5562
  7 -2.281         0.2434        -0.5336
  8 -2.181         0.3159        -0.4975
  9 -2.081         0.3813        -0.4729
 10 -1.981         0.4411        -0.4493
 11 -1.881         0.4982        -0.4112
 12 -1.781         0.5499        -0.4004
 13 -1.681         0.5962        -0.3990
 14 -1.581         0.6415        -0.3625
 15 -1.481         0.6874        -0.3112
 16 -1.381         0.7297        -0.3024
 17 -1.281         0.7972        -0.0451
 18 -1.181         0.8870         0.1586
 19 -1.081         0.9246        -0.1571
 20 -0.981         0.9575        -0.1789
 21 -0.881         1.0379         0.2655
 22 -0.781         1.0727        -0.0401
 23 -0.681         1.1048        -0.0435
 24 -0.581         1.1353        -0.0324
 25 -0.481         1.1640        -0.0303
 26 -0.381         1.1918        -0.0165
 27 -0.281         1.2218         0.0460
 28 -0.181         1.2522         0.0835
 29 -0.081         1.2827         0.1130
 30  0.019         1.3132         0.1449
 31  0.119         1.3439         0.1776
 32  0.219         1.3742         0.2031
 33  0.319         1.4045         0.2329
 34  0.419         1.4348         0.2641
 35  0.519         1.4651         0.2930
 36  0.619         1.4955         0.3252
 37  0.719         1.5264         0.3643
 38  0.819         1.5578         0.4002
 39  0.919         1.5904         0.4505
 40  1.019         1.6235         0.4890
 41  1.119         1.6562         0.5167
 42  1.219         1.6891         0.5515
 43  1.319         1.7219         0.5847
 44  1.419         1.7534         0.5985
 45  1.519         1.7836         0.6098
 46  1.619         1.8130         0.6299
 47  1.719         1.8435         0.6742
 48  1.819         1.8919         0.9153
 49  1.919         2.0158         1.4107
 50  2.019         2.0640         1.0849
 51  2.119         2.1145         1.1551
 52  2.219         2.1705         1.2529
 53  2.319         2.2287         1.3273
 54  2.419         2.2909         1.4159
 55  2.519         2.3562         1.5016
 56  2.619         2.4233         1.5788
 57  2.719         2.4910         1.6507
 58  2.819         2.5584         1.7159
 59  2.919         2.6245         1.7742
 60  3.019         2.6881         1.8226
 61  3.119         2.7458         1.8402
 62  3.220         2.7980         1.8523
 63  3.319         2.8469         1.8747
 64  3.419         2.8935         1.9010
 65  3.519         2.9371         1.9163
 66  3.619         2.9780         1.9317
 67  3.720         3.0183         1.9660
 68  3.819         3.0573         1.9910
 69  3.919         3.0948         2.0131
 70  4.019         3.1315         2.0400
 71  4.119         3.1673         2.0660
 72  4.220         3.2019         2.0861
 73  4.319         3.2350         2.1005
 74  4.419         3.2667         2.1145
 75  4.519         3.2973         2.1300
 76  4.619         3.3271         2.1484
 77  4.719         3.3565         2.1716
 78  4.819         3.3851         2.1908
 79  4.919         3.4129         2.2045
 80  5.019         3.4398         2.2182
 81  5.119         3.4657         2.2285
 82  5.219         3.4905         2.2346
 83  5.319         3.5147         2.2491
 84  5.419         3.5385         2.2649
 85  5.519         3.5617         2.2783
 86  5.619         3.5843         2.2901
 87  5.719         3.6065         2.3027
 88  5.819         3.6281         2.3152
 89  5.919         3.6493         2.3256
 90  6.019         3.6699         2.3359
 91  6.119         3.6900         2.3460
 92  6.219         3.7096         2.3550
 93  6.319         3.7288         2.3636
 94  6.419         3.7475         2.3721
 95  6.519         3.7657         2.3796
 96  6.619         3.7835         2.3867
 97  6.719         3.8007         2.3903
 98  6.819         3.8174         2.3945
 99  6.919         3.8337         2.3986
100  7.019         3.8497         2.4081
101  7.119         3.8657         2.4259
102  7.219         3.8816         2.4376
103  7.319         3.8973         2.4461
104  7.419         3.9126         2.4535
105  7.519         3.9281         2.4707
106  7.619         3.9437         2.4919
107  7.719         3.9594         2.5103
108  7.819         3.9752         2.5288
109  7.919         3.9913         2.5514
110  8.020         4.0082         2.5895
111  8.119         4.0269         2.6521
112  8.220         4.0473         2.7090
113  8.319         4.0690         2.7565
114  8.419         4.0915         2.7955
115  8.519         4.1145         2.8260
116  8.619         4.1373         2.8471
117  8.720         4.1595         2.8571
118  8.819         4.1804         2.8512
119  8.919         4.2013         2.8731
120  9.019         4.2268         2.9825
121  9.119         4.2547         3.0491
122  9.220         4.2871         3.1442
123  9.319         4.3182         3.1573
124  9.419         4.3482         3.1725
125  9.519         4.3779         3.1986
126  9.619         4.4075         3.2256
127  9.720         4.4367         3.2498
128  9.819         4.4654         3.2714
129  9.919         4.4935         3.2902
130 10.019         4.5210         3.3090
131 10.119         4.5481         3.3304
132 10.220         4.5749         3.3516
133 10.319         4.6013         3.3717
134 10.419         4.6273         3.3918
135 10.519         4.6531         3.4144
136 10.619         4.6785         3.4324
137 10.720         4.7031         3.4447
138 10.819         4.7269         3.4543
139 10.919         4.7503         3.4693
140 11.019         4.7730         3.4795
141 11.119         4.7947         3.4838
142 11.220         4.8154         3.4821
143 11.319         4.8349         3.4780
144 11.419         4.8536         3.4772
145 11.519         4.8715         3.4790
146 11.620         4.8889         3.4836
147 11.720         4.9058         3.4860
148 11.819         4.9221         3.4876
149 11.919         4.9380         3.4948
150 12.019         4.9538         3.5068
151 12.120         4.9693         3.5146
152 12.220         4.9847         3.5251
153 12.319         5.0000         3.5405


#AGE= 5.000 BINS=153 Power-law IMF: x=-2.350
# N  sdss_r       Log10(N)       Log10(dN)
  1 -2.883        -0.7432        -0.7432
  2 -2.783        -0.4257        -0.7109
  3 -2.683        -0.2346        -0.6831
  4 -2.583        -0.0956        -0.6582
  5 -2.483         0.0112        -0.6503
  6 -2.383         0.1025        -0.6196
  7 -2.283         0.1854        -0.5747
  8 -2.183         0.2567        -0.5627
  9 -2.083         0.3223        -0.5312
 10 -1.983         0.3825        -0.5051
 11 -1.883         0.4386        -0.4781
 12 -1.783         0.4917        -0.4477
 13 -1.683         0.5413        -0.4251
 14 -1.583         0.5856        -0.4278
 15 -1.483         0.6303        -0.3800
 16 -1.383         0.6741        -0.3435
 17 -1.283         0.7161        -0.3195
 18 -1.183         0.7931         0.0038
 19 -1.083         0.8622         0.0303
 20 -0.983         0.8998        -0.1816
 21 -0.883         0.9336        -0.1923
 22 -0.783         1.0079         0.2045
 23 -0.683         1.0457        -0.0333
 24 -0.583         1.0781        -0.0654
 25 -0.483         1.1098        -0.0426
 26 -0.383         1.1391        -0.0471
 27 -0.283         1.1674        -0.0328
 28 -0.183         1.1973         0.0209
 29 -0.083         1.2282         0.0644
 30  0.017         1.2590         0.0953
 31  0.117         1.2901         0.1288
 32  0.217         1.3209         0.1569
 33  0.317         1.3518         0.1886
 34  0.417         1.3826         0.2182
 35  0.517         1.4134         0.2486
 36  0.617         1.4441         0.2781
 37  0.717         1.4750         0.3124
 38  0.817         1.5059         0.3428
 39  0.917         1.5373         0.3798
 40  1.017         1.5693         0.4215
 41  1.117         1.6025         0.4695
 42  1.217         1.6362         0.5088
 43  1.317         1.6696         0.5390
 44  1.417         1.7034         0.5781
 45  1.517         1.7366         0.6035
 46  1.617         1.7682         0.6147
 47  1.717         1.7986         0.6281
 48  1.817         1.8285         0.6510
 49  1.917         1.8595         0.6979
 50  2.017         1.9044         0.8965
 51  2.117         2.0129         1.3573
 52  2.217         2.0655         1.1232
 53  2.317         2.1197         1.1886
 54  2.417         2.1776         1.2744
 55  2.517         2.2394         1.3616
 56  2.617         2.3044         1.4479
 57  2.717         2.3708         1.5225
 58  2.817         2.4369         1.5865
 59  2.917         2.5020         1.6457
 60  3.017         2.5654         1.6985
 61  3.117         2.6277         1.7535
 62  3.217         2.6885         1.8044
 63  3.317         2.7450         1.8313
 64  3.417         2.7966         1.8461
 65  3.517         2.8450         1.8678
 66  3.617         2.8920         1.9033
 67  3.717         2.9374         1.9346
 68  3.817         2.9806         1.9568
 69  3.917         3.0221         1.9816
 70  4.017         3.0622         2.0075
 71  4.117         3.1008         2.0304
 72  4.217         3.1380         2.0527
 73  4.317         3.1740         2.0739
 74  4.417         3.2085         2.0918
 75  4.517         3.2420         2.1128
 76  4.617         3.2748         2.1366
 77  4.717         3.3067         2.1571
 78  4.817         3.3374         2.1717
 79  4.917         3.3669         2.1835
 80  5.017         3.3955         2.1998
 81  5.117         3.4230         2.2115
 82  5.217         3.4496         2.2225
 83  5.317         3.4755         2.2394
 84  5.417         3.5009         2.2549
 85  5.517         3.5256         2.2688
 86  5.617         3.5497         2.2816
 87  5.717         3.5732         2.2944
 88  5.817         3.5962         2.3077
 89  5.917         3.6185         2.3195
 90  6.017         3.6403         2.3301
 91  6.117         3.6616         2.3404
 92  6.217         3.6823         2.3502
 93  6.317         3.7025         2.3594
 94  6.417         3.7221         2.3683
 95  6.517         3.7413         2.3763
 96  6.617         3.7599         2.3836
 97  6.717         3.7780         2.3876
 98  6.817         3.7955         2.3922
 99  6.917         3.8125         2.3968
100  7.017         3.8293         2.4087
101  7.117         3.8461         2.4244
102  7.217         3.8627         2.4361
103  7.317         3.8789         2.4438
104  7.417         3.8949         2.4532
105  7.517         3.9110         2.4730
106  7.617         3.9273         2.4916
107  7.717         3.9435         2.5085
108  7.817         3.9599         2.5282
109  7.917         3.9768         2.5588
110  8.017         3.9934         2.5687
111  8.117         4.0110         2.6094
112  8.217         4.0314         2.6921
113  8.317         4.0539         2.7579
114  8.417         4.0779         2.8080
115  8.517         4.1025         2.8439
116  8.617         4.1270         2.8650
117  8.717         4.1503         2.8687
118  8.817         4.1717         2.8544
119  8.917         4.1931         2.8756
120  9.017         4.2131         2.8660
121  9.117         4.2425         3.0585
122  9.217         4.2822         3.2236
123  9.317         4.3139         3.1610
124  9.417         4.3447         3.1804
125  9.517         4.3758         3.2146
126  9.617         4.4058         3.2314
127  9.717         4.4354         3.2532
128  9.817         4.4644         3.2752
129  9.917         4.4930         3.2974
130 10.017         4.5208         3.3122
131 10.117         4.5479         3.3294
132 10.217         4.5745         3.3499
133 10.317         4.6008         3.3692
134 10.417         4.6266         3.3883
135 10.517         4.6522         3.4088
136 10.617         4.6775         3.4300
137 10.717         4.7022         3.4450
138 10.817         4.7261         3.4544
139 10.917         4.7494         3.4683
140 11.017         4.7721         3.4791
141 11.117         4.7939         3.4837
142 11.217         4.8146         3.4820
143 11.317         4.8342         3.4787
144 11.417         4.8529         3.4784
145 11.517         4.8710         3.4806
146 11.617         4.8885         3.4854
147 11.717         4.9054         3.4870
148 11.817         4.9217         3.4891
149 11.917         4.9377         3.4968
150 12.017         4.9536         3.5087
151 12.117         4.9692         3.5162
152 12.217         4.9846         3.5268
153 12.317         5.0000         3.5422


#AGE= 6.000 BINS=153 Power-law IMF: x=-2.350
# N  sdss_r       Log10(N)       Log10(dN)
  1 -2.951        -0.7538        -0.7538
  2 -2.851        -0.4604        -0.7692
  3 -2.751        -0.2813        -0.7524
  4 -2.651        -0.1451        -0.7152
  5 -2.551        -0.0387        -0.7014
  6 -2.451         0.0514        -0.6762
  7 -2.351         0.1334        -0.6309
  8 -2.251         0.2032        -0.6249
  9 -2.151         0.2671        -0.5968
 10 -2.051         0.3275        -0.5596
 11 -1.951         0.3835        -0.5334
 12 -1.851         0.4363        -0.5050
 13 -1.751         0.4862        -0.4780
 14 -1.651         0.5339        -0.4494
 15 -1.551         0.5783        -0.4342
 16 -1.451         0.6190        -0.4292
 17 -1.351         0.6609        -0.3752
 18 -1.251         0.7020        -0.3422
 19 -1.151         0.7404        -0.3328
 20 -1.051         0.8368         0.1361
 21 -0.951         0.8761        -0.1873
 22 -0.851         0.9116        -0.1930
 23 -0.751         0.9518        -0.1025
 24 -0.651         1.0185         0.1720
 25 -0.551         1.0523        -0.0736
 26 -0.451         1.0841        -0.0671
 27 -0.351         1.1155        -0.0403
 28 -0.251         1.1441        -0.0522
 29 -0.151         1.1732        -0.0147
 30 -0.051         1.2036         0.0332
 31  0.049         1.2345         0.0713
 32  0.149         1.2658         0.1078
 33  0.249         1.2970         0.1382
 34  0.349         1.3281         0.1684
 35  0.449         1.3591         0.1961
 36  0.549         1.3901         0.2288
 37  0.649         1.4213         0.2625
 38  0.749         1.4525         0.2925
 39  0.849         1.4836         0.3238
 40  0.949         1.5147         0.3543
 41  1.049         1.5464         0.3941
 42  1.149         1.5788         0.4346
 43  1.249         1.6123         0.4828
 44  1.349         1.6463         0.5235
 45  1.449         1.6804         0.5580
 46  1.549         1.7147         0.5955
 47  1.649         1.7484         0.6220
 48  1.749         1.7805         0.6329
 49  1.849         1.8114         0.6477
 50  1.949         1.8415         0.6679
 51  2.049         1.8719         0.7015
 52  2.149         1.9082         0.8119
 53  2.249         1.9954         1.2556
 54  2.349         2.0585         1.1897
 55  2.449         2.1120         1.1763
 56  2.549         2.1700         1.2671
 57  2.649         2.2316         1.3525
 58  2.749         2.2961         1.4361
 59  2.849         2.3620         1.5106
 60  2.949         2.4280         1.5775
 61  3.049         2.4937         1.6409
 62  3.149         2.5582         1.6984
 63  3.249         2.6212         1.7517
 64  3.349         2.6830         1.8051
 65  3.449         2.7417         1.8435
 66  3.549         2.7965         1.8705
 67  3.649         2.8475         1.8921
 68  3.749         2.8952         1.9124
 69  3.849         2.9405         1.9367
 70  3.949         2.9841         1.9639
 71  4.049         3.0260         1.9898
 72  4.149         3.0664         2.0151
 73  4.249         3.1055         2.0396
 74  4.349         3.1433         2.0650
 75  4.449         3.1802         2.0907
 76  4.549         3.2160         2.1142
 77  4.649         3.2504         2.1331
 78  4.749         3.2836         2.1493
 79  4.849         3.3152         2.1624
 80  4.949         3.3460         2.1805
 81  5.049         3.3758         2.1984
 82  5.149         3.4045         2.2105
 83  5.249         3.4325         2.2278
 84  5.349         3.4598         2.2437
 85  5.449         3.4864         2.2601
 86  5.549         3.5122         2.2736
 87  5.649         3.5373         2.2875
 88  5.749         3.5618         2.3011
 89  5.849         3.5858         2.3149
 90  5.949         3.6090         2.3262
 91  6.049         3.6317         2.3380
 92  6.149         3.6537         2.3486
 93  6.249         3.6752         2.3585
 94  6.349         3.6961         2.3681
 95  6.449         3.7165         2.3774
 96  6.549         3.7363         2.3852
 97  6.649         3.7555         2.3915
 98  6.749         3.7741         2.3961
 99  6.849         3.7921         2.4015
100  6.949         3.8097         2.4100
101  7.049         3.8272         2.4228
102  7.149         3.8445         2.4369
103  7.249         3.8616         2.4464
104  7.349         3.8782         2.4537
105  7.449         3.8949         2.4704
106  7.549         3.9116         2.4897
107  7.649         3.9283         2.5049
108  7.749         3.9452         2.5268
109  7.849         3.9623         2.5490
110  7.949         3.9795         2.5683
111  8.049         3.9972         2.5973
112  8.149         4.0159         2.6407
113  8.249         4.0361         2.6948
114  8.349         4.0589         2.7680
115  8.449         4.0836         2.8251
116  8.549         4.1091         2.8657
117  8.649         4.1346         2.8899
118  8.749         4.1589         2.8954
119  8.849         4.1815         2.8858
120  8.949         4.2047         2.9218
121  9.049         4.2290         2.9647
122  9.149         4.2664         3.1832
123  9.249         4.2991         3.1587
124  9.349         4.3314         3.1871
125  9.449         4.3629         3.2077
126  9.549         4.3943         3.2376
127  9.649         4.4249         3.2578
128  9.749         4.4547         3.2762
129  9.849         4.4838         3.2951
130  9.949         4.5122         3.3137
131 10.049         4.5399         3.3319
132 10.149         4.5671         3.3498
133 10.249         4.5937         3.3673
134 10.349         4.6197         3.3845
135 10.449         4.6453         3.4031
136 10.549         4.6706         3.4239
137 10.649         4.6956         3.4432
138 10.749         4.7200         3.4563
139 10.849         4.7437         3.4703
140 10.949         4.7670         3.4839
141 11.049         4.7894         3.4901
142 11.149         4.8106         3.4892
143 11.249         4.8308         3.4887
144 11.349         4.8502         3.4903
145 11.449         4.8689         3.4927
146 11.549         4.8869         3.4956
147 11.649         4.9041         3.4947
148 11.749         4.9208         3.4964
149 11.849         4.9371         3.5036
150 11.949         4.9532         3.5144
151 12.049         4.9689         3.5202
152 12.149         4.9845         3.5301
153 12.249         5.0000         3.5459


#AGE= 7.000 BINS=152 Power-law IMF: x=-2.350
# N  sdss_r       Log10(N)       Log10(dN)
  1 -2.964        -1.1714        -1.1714
  2 -2.864        -0.6398        -0.7910
  3 -2.764        -0.3955        -0.7619
  4 -2.664        -0.2350        -0.7451
  5 -2.564        -0.1083        -0.7051
  6 -2.464        -0.0084        -0.6957
  7 -2.364         0.0778        -0.6668
  8 -2.264         0.1551        -0.6325
  9 -2.164         0.2236        -0.6122
 10 -2.064         0.2846        -0.5982
 11 -1.964         0.3443        -0.5471
 12 -1.864         0.3990        -0.5272
 13 -1.764         0.4504        -0.5019
 14 -1.664         0.5004        -0.4631
 15 -1.564         0.5468        -0.4480
 16 -1.464         0.5890        -0.4442
 17 -1.364         0.6319        -0.3945
 18 -1.264         0.6744        -0.3567
 19 -1.164         0.7145        -0.3399
 20 -1.064         0.7626        -0.2164
 21 -0.964         0.8456         0.0858
 22 -0.864         0.8841        -0.1874
 23 -0.764         0.9193        -0.1892
 24 -0.664         0.9622        -0.0641
 25 -0.564         1.0251         0.1545
 26 -0.464         1.0595        -0.0577
 27 -0.364         1.0921        -0.0496
 28 -0.264         1.1239        -0.0273
 29 -0.164         1.1536        -0.0255
 30 -0.064         1.1834         0.0044
 31  0.036         1.2143         0.0509
 32  0.136         1.2457         0.0904
 33  0.236         1.2774         0.1238
 34  0.336         1.3091         0.1571
 35  0.436         1.3408         0.1883
 36  0.536         1.3724         0.2190
 37  0.636         1.4040         0.2493
 38  0.736         1.4357         0.2833
 39  0.836         1.4674         0.3154
 40  0.936         1.4994         0.3508
 41  1.036         1.5310         0.3766
 42  1.136         1.5630         0.4153
 43  1.236         1.5956         0.4546
 44  1.336         1.6292         0.5008
 45  1.436         1.6641         0.5517
 46  1.536         1.6991         0.5887
 47  1.636         1.7344         0.6265
 48  1.736         1.7695         0.6601
 49  1.836         1.8030         0.6735
 50  1.936         1.8350         0.6864
 51  2.036         1.8659         0.7025
 52  2.136         1.8962         0.7246
 53  2.236         1.9283         0.7808
 54  2.336         1.9717         0.9504
 55  2.436         2.0597         1.3228
 56  2.536         2.1161         1.2016
 57  2.636         2.1725         1.2584
 58  2.736         2.2337         1.3524
 59  2.836         2.2977         1.4348
 60  2.936         2.3634         1.5108
 61  3.036         2.4295         1.5788
 62  3.136         2.4948         1.6403
 63  3.236         2.5592         1.6979
 64  3.336         2.6217         1.7494
 65  3.436         2.6833         1.8047
 66  3.536         2.7419         1.8430
 67  3.636         2.7967         1.8708
 68  3.736         2.8479         1.8936
 69  3.836         2.8964         1.9201
 70  3.936         2.9427         1.9476
 71  4.036         2.9868         1.9720
 72  4.136         3.0293         1.9991
 73  4.236         3.0706         2.0274
 74  4.336         3.1106         2.0552
 75  4.436         3.1493         2.0804
 76  4.536         3.1866         2.1020
 77  4.636         3.2225         2.1212
 78  4.736         3.2567         2.1371
 79  4.836         3.2898         2.1555
 80  4.936         3.3222         2.1781
 81  5.036         3.3537         2.1991
 82  5.136         3.3841         2.2134
 83  5.236         3.4136         2.2314
 84  5.336         3.4423         2.2480
 85  5.436         3.4703         2.2652
 86  5.536         3.4974         2.2795
 87  5.636         3.5238         2.2943
 88  5.736         3.5495         2.3089
 89  5.836         3.5745         2.3227
 90  5.936         3.5988         2.3351
 91  6.036         3.6225         2.3479
 92  6.136         3.6456         2.3586
 93  6.236         3.6680         2.3692
 94  6.336         3.6898         2.3797
 95  6.436         3.7110         2.3894
 96  6.536         3.7316         2.3979
 97  6.636         3.7516         2.4042
 98  6.736         3.7709         2.4095
 99  6.836         3.7897         2.4160
100  6.936         3.8080         2.4245
101  7.036         3.8261         2.4360
102  7.136         3.8441         2.4525
103  7.236         3.8616         2.4594
104  7.336         3.8788         2.4663
105  7.436         3.8960         2.4861
106  7.536         3.9134         2.5066
107  7.636         3.9307         2.5225
108  7.736         3.9479         2.5383
109  7.836         3.9653         2.5593
110  7.936         3.9832         2.5897
111  8.036         4.0008         2.5989
112  8.136         4.0196         2.6465
113  8.236         4.0398         2.6977
114  8.336         4.0623         2.7648
115  8.436         4.0869         2.8280
116  8.536         4.1128         2.8755
117  8.636         4.1391         2.9080
118  8.736         4.1648         2.9241
119  8.836         4.1890         2.9238
120  8.936         4.2126         2.9360
121  9.036         4.2384         2.9984
122  9.136         4.2735         3.1648
123  9.236         4.3082         3.1931
124  9.336         4.3415         3.2090
125  9.436         4.3738         3.2292
126  9.536         4.4059         3.2594
127  9.636         4.4371         3.2782
128  9.736         4.4674         3.2958
129  9.836         4.4969         3.3144
130  9.936         4.5258         3.3336
131 10.036         4.5539         3.3509
132 10.136         4.5813         3.3679
133 10.236         4.6080         3.3837
134 10.336         4.6340         3.3989
135 10.436         4.6596         3.4170
136 10.536         4.6849         3.4378
137 10.636         4.7099         3.4565
138 10.736         4.7342         3.4708
139 10.836         4.7581         3.4873
140 10.936         4.7814         3.4979
141 11.036         4.8036         3.5009
142 11.136         4.8249         3.5053
143 11.236         4.8454         3.5096
144 11.336         4.8651         3.5117
145 11.436         4.8839         3.5112
146 11.536         4.9018         3.5086
147 11.636         4.9191         3.5098
148 11.736         4.9359         3.5160
149 11.836         4.9524         3.5243
150 11.936         4.9685         3.5272
151 12.036         4.9842         3.5362
152 12.136         5.0000         3.5526


#AGE= 8.000 BINS=153 Power-law IMF: x=-2.350
# N  sdss_r       Log10(N)       Log10(dN)
  1 -2.852        -0.8061        -0.8061
  2 -2.752        -0.5143        -0.8247
  3 -2.652        -0.3296        -0.7899
  4 -2.552        -0.1915        -0.7564
  5 -2.452        -0.0818        -0.7331
  6 -2.352         0.0093        -0.7138
  7 -2.252         0.0881        -0.6920
  8 -2.152         0.1596        -0.6593
  9 -2.052         0.2265        -0.6185
 10 -1.952         0.2873        -0.5964
 11 -1.852         0.3427        -0.5791
 12 -1.752         0.3951        -0.5499
 13 -1.652         0.4459        -0.5105
 14 -1.552         0.4940        -0.4862
 15 -1.452         0.5389        -0.4680
 16 -1.352         0.5819        -0.4436
 17 -1.252         0.6238        -0.4130
 18 -1.152         0.6650        -0.3785
 19 -1.052         0.7073        -0.3250
 20 -0.952         0.7895         0.0260
 21 -0.852         0.8331        -0.1865
 22 -0.752         0.8700        -0.2191
 23 -0.652         0.9064        -0.1883
 24 -0.552         0.9712         0.1129
 25 -0.452         1.0111        -0.0459
 26 -0.352         1.0446        -0.0837
 27 -0.252         1.0775        -0.0603
 28 -0.152         1.1086        -0.0515
 29 -0.052         1.1383        -0.0415
 30  0.048         1.1690         0.0024
 31  0.148         1.2007         0.0491
 32  0.248         1.2327         0.0840
 33  0.348         1.2646         0.1145
 34  0.448         1.2965         0.1475
 35  0.548         1.3286         0.1804
 36  0.648         1.3605         0.2104
 37  0.748         1.3923         0.2424
 38  0.848         1.4243         0.2755
 39  0.948         1.4565         0.3106
 40  1.048         1.4887         0.3421
 41  1.148         1.5209         0.3755
 42  1.248         1.5534         0.4106
 43  1.348         1.5863         0.4497
 44  1.448         1.6200         0.4933
 45  1.548         1.6553         0.5474
 46  1.648         1.6906         0.5832
 47  1.748         1.7263         0.6231
 48  1.848         1.7616         0.6549
 49  1.948         1.7953         0.6684
 50  2.048         1.8276         0.6828
 51  2.148         1.8586         0.6959
 52  2.248         1.8890         0.7197
 53  2.348         1.9206         0.7663
 54  2.448         1.9599         0.8978
 55  2.548         2.0277         1.1877
 56  2.648         2.0904         1.2187
 57  2.748         2.1458         1.2238
 58  2.848         2.2043         1.3049
 59  2.948         2.2667         1.3930
 60  3.048         2.3309         1.4690
 61  3.148         2.3956         1.5367
 62  3.248         2.4596         1.5968
 63  3.348         2.5225         1.6525
 64  3.448         2.5838         1.7027
 65  3.548         2.6441         1.7568
 66  3.648         2.7027         1.8040
 67  3.748         2.7587         1.8411
 68  3.848         2.8108         1.8648
 69  3.948         2.8602         1.8916
 70  4.048         2.9074         1.9201
 71  4.148         2.9525         1.9459
 72  4.248         2.9955         1.9707
 73  4.348         3.0369         1.9953
 74  4.448         3.0767         2.0185
 75  4.548         3.1147         2.0383
 76  4.648         3.1512         2.0578
 77  4.748         3.1866         2.0803
 78  4.848         3.2212         2.1051
 79  4.948         3.2552         2.1323
 80  5.048         3.2883         2.1533
 81  5.148         3.3201         2.1696
 82  5.248         3.3510         2.1878
 83  5.348         3.3811         2.2065
 84  5.448         3.4103         2.2235
 85  5.548         3.4386         2.2389
 86  5.648         3.4661         2.2540
 87  5.748         3.4929         2.2692
 88  5.848         3.5189         2.2842
 89  5.948         3.5442         2.2965
 90  6.048         3.5688         2.3095
 91  6.148         3.5927         2.3211
 92  6.248         3.6159         2.3321
 93  6.348         3.6384         2.3429
 94  6.448         3.6604         2.3531
 95  6.548         3.6817         2.3617
 96  6.648         3.7022         2.3670
 97  6.748         3.7222         2.3746
 98  6.848         3.7416         2.3822
 99  6.948         3.7605         2.3900
100  7.048         3.7793         2.4049
101  7.148         3.7977         2.4166
102  7.248         3.8157         2.4244
103  7.348         3.8334         2.4353
104  7.448         3.8512         2.4545
105  7.548         3.8690         2.4731
106  7.648         3.8868         2.4890
107  7.748         3.9045         2.5067
108  7.848         3.9226         2.5328
109  7.948         3.9407         2.5511
110  8.048         3.9597         2.5926
111  8.148         3.9797         2.6324
112  8.248         3.9987         2.6301
113  8.348         4.0204         2.7078
114  8.448         4.0449         2.7852
115  8.548         4.0714         2.8440
116  8.648         4.0989         2.8854
117  8.748         4.1260         2.9080
118  8.848         4.1518         2.9124
119  8.948         4.1764         2.9182
120  9.048         4.2026         2.9695
121  9.148         4.2407         3.1649
122  9.248         4.2750         3.1560
123  9.348         4.3086         3.1803
124  9.448         4.3420         3.2117
125  9.548         4.3747         3.2349
126  9.648         4.4062         3.2512
127  9.748         4.4368         3.2699
128  9.848         4.4667         3.2892
129  9.948         4.4958         3.3076
130 10.048         4.5241         3.3233
131 10.148         4.5515         3.3390
132 10.248         4.5782         3.3531
133 10.348         4.6042         3.3685
134 10.448         4.6298         3.3873
135 10.548         4.6551         3.4073
136 10.648         4.6798         3.4237
137 10.748         4.7042         3.4403
138 10.848         4.7279         3.4534
139 10.948         4.7507         3.4609
140 11.048         4.7730         3.4708
141 11.148         4.7944         3.4761
142 11.248         4.8147         3.4760
143 11.348         4.8341         3.4738
144 11.448         4.8527         3.4743
145 11.548         4.8706         3.4777
146 11.648         4.8881         3.4833
147 11.748         4.9049         3.4847
148 11.848         4.9212         3.4889
149 11.948         4.9373         3.4982
150 12.048         4.9533         3.5104
151 12.148         4.9690         3.5186
152 12.248         4.9845         3.5299
153 12.348         5.0000         3.5454


#AGE= 9.000 BINS=152 Power-law IMF: x=-2.350
# N  sdss_r       Log10(N)       Log10(dN)
  1 -2.925        -0.8267        -0.8267
  2 -2.825        -0.5344        -0.8444
  3 -2.725        -0.3431        -0.7912
  4 -2.625        -0.2077        -0.7800
  5 -2.525        -0.1025        -0.7698
  6 -2.425        -0.0108        -0.7312
  7 -2.325         0.0720        -0.6883
  8 -2.225         0.1441        -0.6715
  9 -2.125         0.2090        -0.6483
 10 -2.025         0.2706        -0.6081
 11 -1.925         0.3256        -0.5990
 12 -1.825         0.3790        -0.5576
 13 -1.725         0.4289        -0.5362
 14 -1.625         0.4773        -0.4989
 15 -1.525         0.5229        -0.4789
 16 -1.425         0.5662        -0.4561
 17 -1.325         0.6071        -0.4393
 18 -1.225         0.6479        -0.3995
 19 -1.125         0.6880        -0.3670
 20 -1.025         0.7259        -0.3515
 21 -0.925         0.7930        -0.0515
 22 -0.825         0.8498        -0.0618
 23 -0.725         0.8873        -0.1949
 24 -0.625         0.9227        -0.1839
 25 -0.525         0.9737         0.0189
 26 -0.425         1.0252         0.0731
 27 -0.325         1.0595        -0.0600
 28 -0.225         1.0925        -0.0422
 29 -0.125         1.1247        -0.0223
 30 -0.025         1.1544        -0.0243
 31  0.075         1.1845         0.0099
 32  0.175         1.2159         0.0586
 33  0.275         1.2477         0.0978
 34  0.375         1.2796         0.1297
 35  0.475         1.3116         0.1623
 36  0.575         1.3436         0.1957
 37  0.675         1.3757         0.2279
 38  0.775         1.4078         0.2606
 39  0.875         1.4398         0.2911
 40  0.975         1.4721         0.3280
 41  1.075         1.5044         0.3600
 42  1.175         1.5368         0.3926
 43  1.275         1.5693         0.4276
 44  1.375         1.6020         0.4628
 45  1.475         1.6351         0.5007
 46  1.575         1.6697         0.5536
 47  1.675         1.7051         0.5988
 48  1.775         1.7408         0.6381
 49  1.875         1.7769         0.6785
 50  1.975         1.8120         0.7022
 51  2.075         1.8455         0.7160
 52  2.175         1.8774         0.7281
 53  2.275         1.9081         0.7417
 54  2.375         1.9384         0.7666
 55  2.475         1.9702         0.8195
 56  2.575         2.0096         0.9482
 57  2.675         2.0710         1.1904
 58  2.775         2.1316         1.2469
 59  2.875         2.1870         1.2648
 60  2.975         2.2453         1.3448
 61  3.075         2.3067         1.4264
 62  3.175         2.3704         1.5053
 63  3.275         2.4346         1.5730
 64  3.375         2.4982         1.6320
 65  3.475         2.5606         1.6875
 66  3.575         2.6217         1.7395
 67  3.675         2.6821         1.7954
 68  3.775         2.7409         1.8436
 69  3.875         2.7972         1.8821
 70  3.975         2.8496         1.9057
 71  4.075         2.8986         1.9265
 72  4.175         2.9448         1.9486
 73  4.275         2.9886         1.9701
 74  4.375         3.0302         1.9916
 75  4.475         3.0702         2.0140
 76  4.575         3.1087         2.0382
 77  4.675         3.1463         2.0644
 78  4.775         3.1830         2.0918
 79  4.875         3.2192         2.1221
 80  4.975         3.2548         2.1511
 81  5.075         3.2890         2.1677
 82  5.175         3.3221         2.1877
 83  5.275         3.3543         2.2083
 84  5.375         3.3855         2.2272
 85  5.475         3.4158         2.2439
 86  5.575         3.4451         2.2604
 87  5.675         3.4736         2.2761
 88  5.775         3.5013         2.2925
 89  5.875         3.5282         2.3065
 90  5.975         3.5543         2.3204
 91  6.075         3.5796         2.3325
 92  6.175         3.6042         2.3451
 93  6.275         3.6281         2.3564
 94  6.375         3.6513         2.3680
 95  6.475         3.6739         2.3781
 96  6.575         3.6957         2.3854
 97  6.675         3.7168         2.3923
 98  6.775         3.7372         2.4005
 99  6.875         3.7572         2.4088
100  6.975         3.7767         2.4189
101  7.075         3.7959         2.4323
102  7.175         3.8147         2.4422
103  7.275         3.8331         2.4512
104  7.375         3.8514         2.4676
105  7.475         3.8698         2.4863
106  7.575         3.8880         2.5026
107  7.675         3.9063         2.5208
108  7.775         3.9244         2.5350
109  7.875         3.9431         2.5690
110  7.975         3.9617         2.5832
111  8.075         3.9811         2.6209
112  8.175         4.0018         2.6712
113  8.275         4.0227         2.6944
114  8.375         4.0445         2.7336
115  8.475         4.0676         2.7822
116  8.575         4.0939         2.8623
117  8.675         4.1225         2.9270
118  8.775         4.1514         2.9605
119  8.875         4.1785         2.9595
120  8.975         4.2043         2.9666
121  9.075         4.2334         3.0442
122  9.175         4.2719         3.2003
123  9.275         4.3070         3.1977
124  9.375         4.3413         3.2213
125  9.475         4.3754         3.2536
126  9.575         4.4080         3.2669
127  9.675         4.4397         3.2878
128  9.775         4.4706         3.3074
129  9.875         4.5007         3.3260
130  9.975         4.5298         3.3418
131 10.075         4.5580         3.3570
132 10.175         4.5854         3.3712
133 10.275         4.6120         3.3852
134 10.375         4.6380         3.4024
135 10.475         4.6636         3.4219
136 10.575         4.6888         3.4390
137 10.675         4.7134         3.4549
138 10.775         4.7375         3.4692
139 10.875         4.7609         3.4813
140 10.975         4.7837         3.4930
141 11.075         4.8056         3.4970
142 11.175         4.8265         3.4983
143 11.275         4.8466         3.5013
144 11.375         4.8659         3.5039
145 11.475         4.8844         3.5054
146 11.575         4.9021         3.5043
147 11.675         4.9193         3.5069
148 11.775         4.9360         3.5140
149 11.875         4.9525         3.5225
150 11.975         4.9685         3.5265
151 12.075         4.9842         3.5362
152 12.175         5.0000         3.5525


#AGE=10.000 BINS=153 Power-law IMF: x=-2.350
# N  sdss_r       Log10(N)       Log10(dN)
  1 -2.854        -0.8895        -0.8895
  2 -2.754        -0.5717        -0.8565
  3 -2.654        -0.3794        -0.8259
  4 -2.554        -0.2428        -0.8116
  5 -2.454        -0.1298        -0.7700
  6 -2.354        -0.0375        -0.7551
  7 -2.254         0.0442        -0.7219
  8 -2.154         0.1149        -0.7080
  9 -2.054         0.1789        -0.6843
 10 -1.954         0.2406        -0.6373
 11 -1.854         0.2960        -0.6255
 12 -1.754         0.3494        -0.5874
 13 -1.654         0.4000        -0.5591
 14 -1.554         0.4491        -0.5214
 15 -1.454         0.4932        -0.5221
 16 -1.354         0.5382        -0.4684
 17 -1.254         0.5804        -0.4536
 18 -1.154         0.6205        -0.4341
 19 -1.054         0.6618        -0.3806
 20 -0.954         0.7019        -0.3527
 21 -0.854         0.7733        -0.0456
 22 -0.754         0.8228        -0.1452
 23 -0.654         0.8603        -0.2216
 24 -0.554         0.8956        -0.2121
 25 -0.454         0.9426        -0.0468
 26 -0.354         0.9978         0.0750
 27 -0.254         1.0329        -0.0772
 28 -0.154         1.0659        -0.0696
 29 -0.054         1.0988        -0.0386
 30  0.046         1.1287        -0.0486
 31  0.146         1.1591        -0.0111
 32  0.246         1.1910         0.0423
 33  0.346         1.2232         0.0770
 34  0.446         1.2555         0.1104
 35  0.546         1.2878         0.1429
 36  0.646         1.3198         0.1719
 37  0.746         1.3521         0.2076
 38  0.846         1.3845         0.2406
 39  0.946         1.4170         0.2749
 40  1.046         1.4497         0.3110
 41  1.146         1.4822         0.3392
 42  1.246         1.5149         0.3752
 43  1.346         1.5477         0.4101
 44  1.446         1.5808         0.4468
 45  1.546         1.6143         0.4849
 46  1.646         1.6487         0.5306
 47  1.746         1.6847         0.5846
 48  1.846         1.7209         0.6236
 49  1.946         1.7575         0.6655
 50  2.046         1.7934         0.6932
 51  2.146         1.8276         0.7069
 52  2.246         1.8601         0.7176
 53  2.346         1.8913         0.7317
 54  2.446         1.9217         0.7529
 55  2.546         1.9529         0.7925
 56  2.646         1.9882         0.8807
 57  2.746         2.0357         1.0518
 58  2.846         2.0973         1.2180
 59  2.946         2.1540         1.2424
 60  3.046         2.2103         1.2946
 61  3.146         2.2702         1.3807
 62  3.246         2.3322         1.4561
 63  3.346         2.3961         1.5319
 64  3.446         2.4598         1.5950
 65  3.546         2.5224         1.6504
 66  3.646         2.5836         1.7021
 67  3.746         2.6431         1.7508
 68  3.846         2.7013         1.7994
 69  3.946         2.7573         1.8403
 70  4.046         2.8095         1.8633
 71  4.146         2.8580         1.8820
 72  4.246         2.9033         1.8992
 73  4.346         2.9465         1.9225
 74  4.446         2.9880         1.9477
 75  4.546         3.0283         1.9765
 76  4.646         3.0679         2.0072
 77  4.746         3.1066         2.0373
 78  4.846         3.1448         2.0700
 79  4.946         3.1822         2.0987
 80  5.046         3.2181         2.1185
 81  5.146         3.2530         2.1406
 82  5.246         3.2870         2.1630
 83  5.346         3.3199         2.1840
 84  5.446         3.3518         2.2019
 85  5.546         3.3827         2.2187
 86  5.646         3.4126         2.2357
 87  5.746         3.4417         2.2531
 88  5.846         3.4699         2.2685
 89  5.946         3.4972         2.2820
 90  6.046         3.5237         2.2959
 91  6.146         3.5493         2.3082
 92  6.246         3.5743         2.3210
 93  6.346         3.5985         2.3329
 94  6.446         3.6220         2.3437
 95  6.546         3.6447         2.3519
 96  6.646         3.6667         2.3597
 97  6.746         3.6880         2.3683
 98  6.846         3.7087         2.3771
 99  6.946         3.7289         2.3857
100  7.046         3.7488         2.3998
101  7.146         3.7683         2.4105
102  7.246         3.7872         2.4174
103  7.346         3.8061         2.4344
104  7.446         3.8250         2.4557
105  7.546         3.8438         2.4692
106  7.646         3.8623         2.4831
107  7.746         3.8810         2.5046
108  7.846         3.9000         2.5321
109  7.946         3.9192         2.5545
110  8.046         3.9396         2.6019
111  8.146         3.9597         2.6161
112  8.246         3.9805         2.6494
113  8.346         4.0030         2.7056
114  8.446         4.0262         2.7426
115  8.546         4.0513         2.8007
116  8.646         4.0792         2.8734
117  8.746         4.1083         2.9208
118  8.846         4.1369         2.9403
119  8.946         4.1639         2.9446
120  9.046         4.1923         2.9931
121  9.146         4.2300         3.1501
122  9.246         4.2660         3.1672
123  9.346         4.3016         3.1976
124  9.446         4.3359         3.2154
125  9.546         4.3696         3.2429
126  9.646         4.4021         3.2598
127  9.746         4.4335         3.2778
128  9.846         4.4641         3.2958
129  9.946         4.4939         3.3161
130 10.046         4.5228         3.3317
131 10.146         4.5506         3.3423
132 10.246         4.5774         3.3556
133 10.346         4.6038         3.3732
134 10.446         4.6296         3.3920
135 10.546         4.6550         3.4081
136 10.646         4.6797         3.4234
137 10.746         4.7039         3.4374
138 10.846         4.7275         3.4518
139 10.946         4.7504         3.4603
140 11.046         4.7725         3.4677
141 11.146         4.7938         3.4737
142 11.246         4.8141         3.4750
143 11.346         4.8335         3.4734
144 11.446         4.8521         3.4741
145 11.546         4.8701         3.4778
146 11.646         4.8876         3.4837
147 11.746         4.9044         3.4856
148 11.846         4.9209         3.4906
149 11.946         4.9371         3.5003
150 12.046         4.9531         3.5122
151 12.146         4.9688         3.5202
152 12.246         4.9844         3.5317
153 12.346         5.0000         3.5473


#AGE=11.000 BINS=152 Power-law IMF: x=-2.350
# N  sdss_r       Log10(N)       Log10(dN)
  1 -2.968        -1.0330        -1.0330
  2 -2.868        -0.6318        -0.8516
  3 -2.768        -0.4244        -0.8449
  4 -2.668        -0.2768        -0.8170
  5 -2.568        -0.1627        -0.7991
  6 -2.468        -0.0624        -0.7479
  7 -2.368         0.0182        -0.7530
  8 -2.268         0.0945        -0.6985
  9 -2.168         0.1623        -0.6779
 10 -2.068         0.2250        -0.6463
 11 -1.968         0.2828        -0.6218
 12 -1.868         0.3352        -0.6087
 13 -1.768         0.3865        -0.5671
 14 -1.668         0.4338        -0.5528
 15 -1.568         0.4804        -0.5116
 16 -1.468         0.5272        -0.4639
 17 -1.368         0.5701        -0.4557
 18 -1.268         0.6108        -0.4385
 19 -1.168         0.6500        -0.4140
 20 -1.068         0.6893        -0.3737
 21 -0.968         0.7283        -0.3377
 22 -0.868         0.7706        -0.2616
 23 -0.768         0.8431         0.0298
 24 -0.668         0.8840        -0.1619
 25 -0.568         0.9198        -0.1818
 26 -0.468         0.9535        -0.1730
 27 -0.368         1.0136         0.1246
 28 -0.268         1.0545         0.0084
 29 -0.168         1.0888        -0.0307
 30 -0.068         1.1215        -0.0175
 31  0.032         1.1534         0.0033
 32  0.132         1.1832         0.0041
 33  0.232         1.2137         0.0460
 34  0.332         1.2457         0.0967
 35  0.432         1.2780         0.1330
 36  0.532         1.3102         0.1645
 37  0.632         1.3426         0.1995
 38  0.732         1.3750         0.2319
 39  0.832         1.4073         0.2617
 40  0.932         1.4397         0.2968
 41  1.032         1.4722         0.3308
 42  1.132         1.5048         0.3634
 43  1.232         1.5377         0.4007
 44  1.332         1.5707         0.4349
 45  1.432         1.6038         0.4693
 46  1.532         1.6373         0.5075
 47  1.632         1.6709         0.5440
 48  1.732         1.7056         0.5899
 49  1.832         1.7417         0.6434
 50  1.932         1.7785         0.6887
 51  2.032         1.8156         0.7286
 52  2.132         1.8521         0.7587
 53  2.232         1.8868         0.7715
 54  2.332         1.9196         0.7821
 55  2.432         1.9510         0.7941
 56  2.532         1.9815         0.8134
 57  2.632         2.0123         0.8469
 58  2.732         2.0459         0.9182
 59  2.832         2.0879         1.0527
 60  2.932         2.1439         1.2269
 61  3.032         2.1989         1.2740
 62  3.132         2.2549         1.3374
 63  3.232         2.3114         1.3981
 64  3.332         2.3715         1.4829
 65  3.432         2.4325         1.5499
 66  3.532         2.4937         1.6122
 67  3.632         2.5541         1.6675
 68  3.732         2.6131         1.7169
 69  3.832         2.6703         1.7619
 70  3.932         2.7266         1.8115
 71  4.032         2.7812         1.8532
 72  4.132         2.8326         1.8805
 73  4.232         2.8807         1.9011
 74  4.332         2.9262         1.9242
 75  4.432         2.9701         1.9528
 76  4.532         3.0129         1.9855
 77  4.632         3.0546         2.0164
 78  4.732         3.0953         2.0473
 79  4.832         3.1354         2.0808
 80  4.932         3.1745         2.1087
 81  5.032         3.2120         2.1305
 82  5.132         3.2486         2.1561
 83  5.232         3.2842         2.1801
 84  5.332         3.3188         2.2027
 85  5.432         3.3522         2.2216
 86  5.532         3.3845         2.2403
 87  5.632         3.4158         2.2572
 88  5.732         3.4462         2.2760
 89  5.832         3.4756         2.2920
 90  5.932         3.5041         2.3062
 91  6.032         3.5316         2.3202
 92  6.132         3.5583         2.3338
 93  6.232         3.5842         2.3466
 94  6.332         3.6093         2.3596
 95  6.432         3.6337         2.3706
 96  6.532         3.6573         2.3795
 97  6.632         3.6800         2.3877
 98  6.732         3.7021         2.3972
 99  6.832         3.7235         2.4064
100  6.932         3.7444         2.4162
101  7.032         3.7649         2.4276
102  7.132         3.7849         2.4390
103  7.232         3.8045         2.4489
104  7.332         3.8239         2.4639
105  7.432         3.8432         2.4826
106  7.532         3.8624         2.4978
107  7.632         3.8816         2.5186
108  7.732         3.9005         2.5283
109  7.832         3.9200         2.5640
110  7.932         3.9395         2.5800
111  8.032         3.9601         2.6269
112  8.132         3.9815         2.6628
113  8.232         4.0020         2.6655
114  8.332         4.0249         2.7356
115  8.432         4.0487         2.7770
116  8.532         4.0738         2.8229
117  8.632         4.1008         2.8812
118  8.732         4.1291         2.9282
119  8.832         4.1575         2.9600
120  8.932         4.1866         2.9970
121  9.032         4.2164         3.0381
122  9.132         4.2528         3.1580
123  9.232         4.2902         3.2072
124  9.332         4.3259         3.2226
125  9.432         4.3615         3.2584
126  9.532         4.3961         3.2801
127  9.632         4.4292         3.2940
128  9.732         4.4611         3.3116
129  9.832         4.4922         3.3314
130  9.932         4.5225         3.3516
131 10.032         4.5517         3.3647
132 10.132         4.5799         3.3778
133 10.232         4.6072         3.3928
134 10.332         4.6338         3.4072
135 10.432         4.6597         3.4222
136 10.532         4.6851         3.4392
137 10.632         4.7099         3.4554
138 10.732         4.7342         3.4689
139 10.832         4.7578         3.4811
140 10.932         4.7808         3.4932
141 11.032         4.8030         3.5013
142 11.132         4.8243         3.5028
143 11.232         4.8446         3.5055
144 11.332         4.8642         3.5082
145 11.432         4.8830         3.5102
146 11.532         4.9010         3.5097
147 11.632         4.9184         3.5123
148 11.732         4.9354         3.5193
149 11.832         4.9520         3.5268
150 11.932         4.9682         3.5303
151 12.032         4.9841         3.5401
152 12.132         5.0000         3.5566


#AGE=12.000 BINS=153 Power-law IMF: x=-2.350
# N  sdss_r       Log10(N)       Log10(dN)
  1 -2.924        -0.9318        -0.9318
  2 -2.824        -0.6240        -0.9183
  3 -2.724        -0.4389        -0.8987
  4 -2.624        -0.2867        -0.8158
  5 -2.524        -0.1797        -0.8408
  6 -2.424        -0.0884        -0.8101
  7 -2.324        -0.0057        -0.7671
  8 -2.224         0.0679        -0.7389
  9 -2.124         0.1336        -0.7195
 10 -2.024         0.1929        -0.7007
 11 -1.924         0.2500        -0.6599
 12 -1.824         0.3039        -0.6291
 13 -1.724         0.3547        -0.6022
 14 -1.624         0.4032        -0.5724
 15 -1.524         0.4494        -0.5472
 16 -1.424         0.4932        -0.5240
 17 -1.324         0.5370        -0.4809
 18 -1.224         0.5779        -0.4687
 19 -1.124         0.6178        -0.4391
 20 -1.024         0.6572        -0.4041
 21 -0.924         0.6958        -0.3747
 22 -0.824         0.7353        -0.3263
 23 -0.724         0.8065        -0.0139
 24 -0.624         0.8492        -0.1789
 25 -0.524         0.8856        -0.2093
 26 -0.424         0.9201        -0.1970
 27 -0.324         0.9733         0.0355
 28 -0.224         1.0190         0.0179
 29 -0.124         1.0536        -0.0617
 30 -0.024         1.0866        -0.0491
 31  0.076         1.1189        -0.0254
 32  0.176         1.1490        -0.0251
 33  0.276         1.1796         0.0121
 34  0.376         1.2114         0.0597
 35  0.476         1.2436         0.0986
 36  0.576         1.2762         0.1345
 37  0.676         1.3088         0.1690
 38  0.776         1.3414         0.1995
 39  0.876         1.3737         0.2300
 40  0.976         1.4064         0.2664
 41  1.076         1.4394         0.3042
 42  1.176         1.4720         0.3309
 43  1.276         1.5051         0.3709
 44  1.376         1.5384         0.4063
 45  1.476         1.5718         0.4411
 46  1.576         1.6054         0.4774
 47  1.676         1.6393         0.5148
 48  1.776         1.6737         0.5555
 49  1.876         1.7093         0.6052
 50  1.976         1.7466         0.6616
 51  2.076         1.7837         0.6972
 52  2.176         1.8213         0.7401
 53  2.276         1.8570         0.7546
 54  2.376         1.8907         0.7634
 55  2.476         1.9228         0.7749
 56  2.576         1.9535         0.7880
 57  2.676         1.9838         0.8131
 58  2.776         2.0152         0.8579
 59  2.876         2.0509         0.9485
 60  2.976         2.0965         1.0950
 61  3.076         2.1502         1.2161
 62  3.176         2.2031         1.2627
 63  3.276         2.2585         1.3366
 64  3.376         2.3150         1.4013
 65  3.476         2.3737         1.4756
 66  3.576         2.4338         1.5448
 67  3.676         2.4934         1.6021
 68  3.776         2.5523         1.6551
 69  3.876         2.6097         1.7026
 70  3.976         2.6664         1.7543
 71  4.076         2.7219         1.8011
 72  4.176         2.7757         1.8420
 73  4.276         2.8264         1.8679
 74  4.376         2.8745         1.8958
 75  4.476         2.9210         1.9277
 76  4.576         2.9658         1.9568
 77  4.676         3.0092         1.9870
 78  4.776         3.0516         2.0209
 79  4.876         3.0930         2.0509
 80  4.976         3.1328         2.0757
 81  5.076         3.1716         2.1026
 82  5.176         3.2093         2.1294
 83  5.276         3.2460         2.1547
 84  5.376         3.2815         2.1765
 85  5.476         3.3158         2.1960
 86  5.576         3.3490         2.2158
 87  5.676         3.3811         2.2347
 88  5.776         3.4123         2.2524
 89  5.876         3.4424         2.2679
 90  5.976         3.4714         2.2827
 91  6.076         3.4996         2.2968
 92  6.176         3.5268         2.3108
 93  6.276         3.5532         2.3247
 94  6.376         3.5788         2.3365
 95  6.476         3.6036         2.3473
 96  6.576         3.6275         2.3558
 97  6.676         3.6506         2.3657
 98  6.776         3.6731         2.3755
 99  6.876         3.6949         2.3850
100  6.976         3.7162         2.3958
101  7.076         3.7370         2.4067
102  7.176         3.7573         2.4164
103  7.276         3.7773         2.4314
104  7.376         3.7973         2.4497
105  7.476         3.8171         2.4669
106  7.576         3.8366         2.4794
107  7.676         3.8560         2.4961
108  7.776         3.8757         2.5225
109  7.876         3.8957         2.5494
110  7.976         3.9159         2.5723
111  8.076         3.9373         2.6207
112  8.176         3.9591         2.6484
113  8.276         3.9812         2.6763
114  8.376         4.0048         2.7291
115  8.476         4.0298         2.7769
116  8.576         4.0563         2.8282
117  8.676         4.0845         2.8830
118  8.776         4.1132         2.9188
119  8.876         4.1411         2.9361
120  8.976         4.1705         2.9857
121  9.076         4.2038         3.0716
122  9.176         4.2420         3.1675
123  9.276         4.2799         3.2019
124  9.376         4.3161         3.2187
125  9.476         4.3514         3.2438
126  9.576         4.3858         3.2674
127  9.676         4.4189         3.2847
128  9.776         4.4508         3.3019
129  9.876         4.4818         3.3190
130  9.976         4.5119         3.3387
131 10.076         4.5411         3.3535
132 10.176         4.5690         3.3637
133 10.276         4.5960         3.3760
134 10.376         4.6223         3.3918
135 10.476         4.6482         3.4109
136 10.576         4.6736         3.4273
137 10.676         4.6982         3.4392
138 10.776         4.7222         3.4517
139 10.876         4.7455         3.4644
140 10.976         4.7680         3.4718
141 11.076         4.7898         3.4792
142 11.176         4.8107         3.4830
143 11.276         4.8307         3.4827
144 11.376         4.8498         3.4833
145 11.476         4.8682         3.4865
146 11.576         4.8860         3.4913
147 11.676         4.9033         3.4929
148 11.776         4.9200         3.4975
149 11.876         4.9364         3.5066
150 11.976         4.9527         3.5171
151 12.076         4.9686         3.5240
152 12.176         4.9843         3.5350
153 12.276         5.0000         3.5509


#AGE=13.000 BINS=154 Power-law IMF: x=-2.350
# N  sdss_r       Log10(N)       Log10(dN)
  1 -2.890        -0.9865        -0.9865
  2 -2.790        -0.6731        -0.9622
  3 -2.690        -0.4871        -0.9450
  4 -2.590        -0.3427        -0.8911
  5 -2.490        -0.2298        -0.8701
  6 -2.390        -0.1345        -0.8399
  7 -2.290        -0.0561        -0.8384
  8 -2.190         0.0181        -0.7857
  9 -2.090         0.0845        -0.7641
 10 -1.990         0.1431        -0.7553
 11 -1.890         0.2034        -0.6839
 12 -1.790         0.2559        -0.6881
 13 -1.690         0.3054        -0.6619
 14 -1.590         0.3522        -0.6388
 15 -1.490         0.3985        -0.5967
 16 -1.390         0.4457        -0.5415
 17 -1.290         0.4877        -0.5473
 18 -1.190         0.5284        -0.5200
 19 -1.090         0.5687        -0.4842
 20 -0.990         0.6092        -0.4411
 21 -0.890         0.6480        -0.4199
 22 -0.790         0.6889        -0.3574
 23 -0.690         0.7565        -0.0846
 24 -0.590         0.8009        -0.2123
 25 -0.490         0.8376        -0.2531
 26 -0.390         0.8728        -0.2359
 27 -0.290         0.9248        -0.0230
 28 -0.190         0.9698        -0.0365
 29 -0.090         1.0047        -0.1084
 30  0.010         1.0387        -0.0840
 31  0.110         1.0710        -0.0741
 32  0.210         1.1011        -0.0730
 33  0.310         1.1327        -0.0210
 34  0.410         1.1645         0.0135
 35  0.510         1.1971         0.0569
 36  0.610         1.2297         0.0878
 37  0.710         1.2624         0.1240
 38  0.810         1.2953         0.1580
 39  0.910         1.3280         0.1883
 40  1.010         1.3608         0.2226
 41  1.110         1.3939         0.2598
 42  1.210         1.4268         0.2897
 43  1.310         1.4603         0.3314
 44  1.410         1.4939         0.3652
 45  1.510         1.5275         0.3988
 46  1.610         1.5614         0.4381
 47  1.710         1.5954         0.4723
 48  1.810         1.6301         0.5153
 49  1.910         1.6654         0.5580
 50  2.010         1.7027         0.6182
 51  2.110         1.7405         0.6611
 52  2.210         1.7786         0.7029
 53  2.310         1.8155         0.7261
 54  2.410         1.8501         0.7346
 55  2.510         1.8830         0.7461
 56  2.610         1.9143         0.7568
 57  2.710         1.9448         0.7753
 58  2.810         1.9754         0.8083
 59  2.910         2.0083         0.8714
 60  3.010         2.0473         0.9809
 61  3.110         2.0959         1.1208
 62  3.210         2.1480         1.2019
 63  3.310         2.2012         1.2629
 64  3.410         2.2572         1.3394
 65  3.510         2.3148         1.4095
 66  3.610         2.3736         1.4762
 67  3.710         2.4337         1.5447
 68  3.810         2.4935         1.6029
 69  3.910         2.5523         1.6547
 70  4.010         2.6099         1.7040
 71  4.110         2.6672         1.7594
 72  4.210         2.7235         1.8089
 73  4.310         2.7772         1.8428
 74  4.410         2.8278         1.8684
 75  4.510         2.8757         1.8952
 76  4.610         2.9219         1.9256
 77  4.710         2.9669         1.9600
 78  4.810         3.0106         1.9912
 79  4.910         3.0526         2.0172
 80  5.010         3.0934         2.0461
 81  5.110         3.1331         2.0750
 82  5.210         3.1718         2.1022
 83  5.310         3.2094         2.1279
 84  5.410         3.2457         2.1497
 85  5.510         3.2808         2.1714
 86  5.610         3.3148         2.1919
 87  5.710         3.3478         2.2119
 88  5.810         3.3796         2.2285
 89  5.910         3.4103         2.2438
 90  6.010         3.4399         2.2598
 91  6.110         3.4686         2.2739
 92  6.210         3.4964         2.2888
 93  6.310         3.5233         2.3023
 94  6.410         3.5493         2.3135
 95  6.510         3.5745         2.3247
 96  6.610         3.5987         2.3339
 97  6.710         3.6222         2.3437
 98  6.810         3.6451         2.3551
 99  6.910         3.6673         2.3643
100  7.010         3.6889         2.3758
101  7.110         3.7101         2.3871
102  7.210         3.7306         2.3957
103  7.310         3.7510         2.4129
104  7.410         3.7714         2.4332
105  7.510         3.7914         2.4441
106  7.610         3.8116         2.4685
107  7.710         3.8312         2.4772
108  7.810         3.8517         2.5137
109  7.910         3.8721         2.5337
110  8.010         3.8941         2.5894
111  8.110         3.9155         2.5968
112  8.210         3.9374         2.6291
113  8.310         3.9607         2.6790
114  8.410         3.9850         2.7207
115  8.510         4.0111         2.7768
116  8.610         4.0389         2.8309
117  8.710         4.0679         2.8791
118  8.810         4.0961         2.8931
119  8.910         4.1224         2.8931
120  9.010         4.1538         2.9960
121  9.110         4.1897         3.0892
122  9.210         4.2295         3.1728
123  9.310         4.2669         3.1833
124  9.410         4.3038         3.2144
125  9.510         4.3398         3.2406
126  9.610         4.3737         3.2486
127  9.710         4.4065         3.2690
128  9.810         4.4390         3.2967
129  9.910         4.4702         3.3115
130 10.010         4.5002         3.3243
131 10.110         4.5289         3.3345
132 10.210         4.5566         3.3471
133 10.310         4.5836         3.3637
134 10.410         4.6101         3.3829
135 10.510         4.6360         3.3986
136 10.610         4.6611         3.4112
137 10.710         4.6856         3.4234
138 10.810         4.7093         3.4348
139 10.910         4.7323         3.4456
140 11.010         4.7546         3.4542
141 11.110         4.7760         3.4571
142 11.210         4.7965         3.4607
143 11.310         4.8162         3.4632
144 11.410         4.8351         3.4634
145 11.510         4.8532         3.4640
146 11.610         4.8707         3.4686
147 11.710         4.8879         3.4762
148 11.810         4.9045         3.4799
149 11.910         4.9208         3.4866
150 12.010         4.9369         3.4979
151 12.110         4.9529         3.5111
152 12.210         4.9687         3.5210
153 12.310         4.9844         3.5335
154 12.410         5.0000         3.5488
