#NUMBER OF AGES=15
#----------------------------------------------------       
#MIX-LEN  Y      Z          Zeff        [Fe/H] [a/Fe]       
# 1.9380  0.2493 2.6111E-03 2.6111E-03  -0.80   0.00        
#----------------------------------------------------       
#**PHOTOMETRIC SYSTEM**: SDSS (AB)                          
#----------------------------------------------------       
#AGE= 0.010 BINS=129 Power-law IMF: x=-2.350
# N  sdss_r       Log10(N)       Log10(dN)
  1 -1.256        -0.2740        -0.2740
  2 -1.156         0.0526        -0.2243
  3 -1.056            NaN        -0.2243
  4 -0.956            NaN        -0.2243
  5 -0.856            NaN        -0.2243
  6 -0.756            NaN        -0.2243
  7 -0.656            NaN        -0.2243
  8 -0.556            NaN        -0.2243
  9 -0.456            NaN         0.7833
 10 -0.356            NaN         0.7898
 11 -0.256         1.4001         1.7763
 12 -0.156         2.0235         1.9055
 13 -0.056         2.1803         1.6617
 14  0.044         2.3598         1.8895
 15  0.144         2.4586         1.7671
 16  0.244         2.5272         1.6917
 17  0.344         2.5932         1.7425
 18  0.444         2.6652         1.8489
 19  0.544         2.7586         2.0456
 20  0.644         2.8578         2.1676
 21  0.744         2.9036         1.9045
 22  0.844         2.9424         1.8744
 23  0.944         2.9766         1.8558
 24  1.044         3.1802         2.7532
 25  1.144         3.2886         2.6331
 26  1.244         3.3442         2.4236
 27  1.344         3.3875         2.3648
 28  1.444         3.4529         2.5984
 29  1.544         3.4820         2.2943
 30  1.644         3.5047         2.2105
 31  1.744         3.5214         2.0997
 32  1.844         3.5371         2.0854
 33  1.944         3.5520         2.0811
 34  2.044         3.5664         2.0799
 35  2.144         3.5794         2.0485
 36  2.244         3.5912         2.0199
 37  2.344         3.6025         2.0122
 38  2.444         3.6139         2.0255
 39  2.544         3.6253         2.0391
 40  2.644         3.6367         2.0513
 41  2.744         3.6483         2.0683
 42  2.844         3.6601         2.0896
 43  2.944         3.6719         2.0992
 44  3.044         3.6838         2.1171
 45  3.144         3.6967         2.1618
 46  3.244         3.7110         2.2230
 47  3.344         3.7282         2.3165
 48  3.444         3.7470         2.3731
 49  3.544         3.7616         2.2825
 50  3.644         3.7756         2.2756
 51  3.744         3.7895         2.2870
 52  3.844         3.8032         2.2971
 53  3.944         3.8168         2.3061
 54  4.044         3.8305         2.3212
 55  4.144         3.8443         2.3408
 56  4.244         3.8582         2.3555
 57  4.344         3.8697         2.2860
 58  4.444         3.8808         2.2829
 59  4.544         3.8918         2.2910
 60  4.644         3.9028         2.2995
 61  4.744         3.9137         2.3084
 62  4.844         3.9245         2.3175
 63  4.944         3.9354         2.3270
 64  5.044         3.9462         2.3368
 65  5.144         3.9570         2.3470
 66  5.244         3.9678         2.3575
 67  5.344         3.9786         2.3684
 68  5.444         3.9894         2.3797
 69  5.544         4.0002         2.3913
 70  5.644         4.0110         2.4006
 71  5.744         4.0217         2.4073
 72  5.844         4.0323         2.4171
 73  5.944         4.0430         2.4303
 74  6.044         4.0539         2.4470
 75  6.144         4.0650         2.4672
 76  6.244         4.0765         2.4913
 77  6.344         4.0882         2.5153
 78  6.444         4.1002         2.5349
 79  6.544         4.1123         2.5499
 80  6.644         4.1183         2.2584
 81  6.744         4.1212         1.9365
 82  6.844         4.1334         2.5792
 83  6.944         4.1432         2.4909
 84  7.044         4.1511         2.4059
 85  7.144         4.1590         2.4162
 86  7.244         4.1670         2.4270
 87  7.344         4.1755         2.4639
 88  7.444         4.1842         2.4799
 89  7.544         4.1927         2.4820
 90  7.644         4.2004         2.4412
 91  7.744         4.2083         2.4668
 92  7.844         4.2190         2.6065
 93  7.944         4.2669         3.2850
 94  8.044         4.3137         3.3233
 95  8.144         4.3581         3.3453
 96  8.244         4.3980         3.3423
 97  8.344         4.4324         3.3132
 98  8.444         4.4617         3.2766
 99  8.544         4.4873         3.2446
100  8.644         4.5100         3.2178
101  8.744         4.5306         3.1968
102  8.844         4.5497         3.1823
103  8.944         4.5677         3.1756
104  9.044         4.5850         3.1774
105  9.144         4.6021         3.1889
106  9.244         4.6181         3.1777
107  9.344         4.6327         3.1510
108  9.444         4.6460         3.1246
109  9.544         4.6599         3.1590
110  9.644         4.6729         3.1428
111  9.744         4.6875         3.2072
112  9.844         4.7021         3.2198
113  9.944         4.7167         3.2354
114 10.044         4.7314         3.2540
115 10.144         4.7463         3.2756
116 10.244         4.7616         3.3001
117 10.344         4.7773         3.3275
118 10.444         4.7935         3.3577
119 10.544         4.8103         3.3904
120 10.644         4.8276         3.4182
121 10.744         4.8450         3.4378
122 10.844         4.8625         3.4601
123 10.944         4.8803         3.4854
124 11.044         4.8986         3.5140
125 11.144         4.9175         3.5460
126 11.244         4.9371         3.5816
127 11.344         4.9576         3.6224
128 11.444         4.9788         3.6567
129 11.544         5.0000         3.6774


#AGE= 0.100 BINS=128 Power-law IMF: x=-2.350
# N  sdss_r       Log10(N)       Log10(dN)
  1 -1.051        -0.1894        -0.1894
  2 -0.951         0.1196        -0.1736
  3 -0.851            NaN        -0.1736
  4 -0.751            NaN        -0.1736
  5 -0.651            NaN        -0.1736
  6 -0.551            NaN        -0.1736
  7 -0.451            NaN        -0.1736
  8 -0.351            NaN        -0.1736
  9 -0.251            NaN         0.7918
 10 -0.151            NaN         0.7712
 11 -0.051            NaN         0.2856
 12  0.049         1.5670         1.8471
 13  0.149         2.2075         2.0947
 14  0.249         2.3824         1.9027
 15  0.349         2.4855         1.8108
 16  0.449         2.5659         1.7937
 17  0.549         2.6396         1.8331
 18  0.649         2.7214         1.9560
 19  0.749         2.8321         2.1842
 20  0.849         2.8829         1.9260
 21  0.949         2.9260         1.9010
 22  1.049         2.9630         1.8749
 23  1.149         2.9980         1.8878
 24  1.249         3.0328         1.9185
 25  1.349         3.0700         1.9849
 26  1.449         3.2436         2.7615
 27  1.549         3.3643         2.7493
 28  1.649         3.4186         2.4882
 29  1.749         3.4570         2.3847
 30  1.849         3.4839         2.2623
 31  1.949         3.5068         2.2181
 32  2.049         3.5271         2.1871
 33  2.149         3.5457         2.1688
 34  2.249         3.5625         2.1413
 35  2.349         3.5772         2.0985
 36  2.449         3.5906         2.0719
 37  2.549         3.6034         2.0665
 38  2.649         3.6160         2.0725
 39  2.749         3.6283         2.0751
 40  2.849         3.6405         2.0838
 41  2.949         3.6528         2.0985
 42  3.049         3.6649         2.1047
 43  3.149         3.6771         2.1182
 44  3.249         3.6901         2.1608
 45  3.349         3.7045         2.2170
 46  3.449         3.7228         2.3378
 47  3.549         3.7394         2.3149
 48  3.649         3.7539         2.2681
 49  3.749         3.7676         2.2600
 50  3.849         3.7812         2.2721
 51  3.949         3.7947         2.2782
 52  4.049         3.8080         2.2884
 53  4.149         3.8214         2.3058
 54  4.249         3.8352         2.3297
 55  4.349         3.8480         2.3093
 56  4.449         3.8595         2.2765
 57  4.549         3.8709         2.2841
 58  4.649         3.8822         2.2920
 59  4.749         3.8934         2.3002
 60  4.849         3.9045         2.3087
 61  4.949         3.9156         2.3176
 62  5.049         3.9267         2.3268
 63  5.149         3.9377         2.3364
 64  5.249         3.9487         2.3463
 65  5.349         3.9597         2.3566
 66  5.449         3.9706         2.3673
 67  5.549         3.9816         2.3784
 68  5.649         3.9926         2.3899
 69  5.749         4.0035         2.3995
 70  5.849         4.0143         2.4059
 71  5.949         4.0252         2.4156
 72  6.049         4.0360         2.4290
 73  6.149         4.0470         2.4462
 74  6.249         4.0583         2.4674
 75  6.349         4.0700         2.4923
 76  6.449         4.0819         2.5151
 77  6.549         4.0940         2.5330
 78  6.649         4.1061         2.5460
 79  6.749         4.1074         1.5878
 80  6.849         4.1160         2.4078
 81  6.949         4.1280         2.5628
 82  7.049         4.1370         2.4470
 83  7.149         4.1453         2.4242
 84  7.249         4.1536         2.4292
 85  7.349         4.1621         2.4522
 86  7.449         4.1711         2.4817
 87  7.549         4.1801         2.4919
 88  7.649         4.1886         2.4752
 89  7.749         4.1966         2.4587
 90  7.849         4.2050         2.4870
 91  7.949         4.2143         2.5396
 92  8.049         4.2247         2.5977
 93  8.149         4.2602         3.1559
 94  8.249         4.3147         3.3863
 95  8.349         4.3640         3.3946
 96  8.449         4.4061         3.3720
 97  8.549         4.4405         3.3213
 98  8.649         4.4690         3.2722
 99  8.749         4.4936         3.2347
100  8.849         4.5156         3.2083
101  8.949         4.5358         3.1932
102  9.049         4.5549         3.1900
103  9.149         4.5736         3.1981
104  9.249         4.5920         3.2103
105  9.349         4.6088         3.1874
106  9.449         4.6238         3.1548
107  9.549         4.6385         3.1593
108  9.649         4.6523         3.1498
109  9.749         4.6678         3.2125
110  9.849         4.6831         3.2204
111  9.949         4.6981         3.2313
112 10.049         4.7132         3.2452
113 10.149         4.7283         3.2621
114 10.249         4.7436         3.2823
115 10.349         4.7591         3.3055
116 10.449         4.7751         3.3318
117 10.549         4.7915         3.3610
118 10.649         4.8085         3.3931
119 10.749         4.8261         3.4244
120 10.849         4.8438         3.4454
121 10.949         4.8617         3.4675
122 11.049         4.8798         3.4924
123 11.149         4.8984         3.5200
124 11.249         4.9175         3.5506
125 11.349         4.9372         3.5844
126 11.449         4.9578         3.6228
127 11.549         4.9789         3.6556
128 11.649         5.0000         3.6762


#AGE= 1.000 BINS=138 Power-law IMF: x=-2.350
# N  sdss_r       Log10(N)       Log10(dN)
  1 -0.999         0.0342         0.0342
  2 -0.899         0.3308         0.0252
  3 -0.799         0.5037         0.0203
  4 -0.699         0.6271         0.0202
  5 -0.599         0.7236         0.0230
  6 -0.499         0.8017         0.0184
  7 -0.399         0.8672         0.0131
  8 -0.299         0.9230         0.0043
  9 -0.199         0.9724         0.0036
 10 -0.099         1.0160        -0.0039
 11  0.001         1.0552        -0.0085
 12  0.101         1.0906        -0.0155
 13  0.201         1.1228        -0.0240
 14  0.301         1.1522        -0.0320
 15  0.401         1.1794        -0.0363
 16  0.501         1.2042        -0.0510
 17  0.601         1.3964         0.9496
 18  0.701         1.4905         0.7804
 19  0.801         1.5402         0.5736
 20  0.901         1.5892         0.6179
 21  1.001         1.6605         0.8407
 22  1.101         1.9373         1.6106
 23  1.201         2.0835         1.5394
 24  1.301         2.1979         1.5627
 25  1.401         2.2944         1.5938
 26  1.501         2.3804         1.6350
 27  1.601         2.4603         1.6858
 28  1.701         2.5352         1.7351
 29  1.801         2.5988         1.7330
 30  1.901         2.6643         1.8102
 31  2.001         2.7311         1.8852
 32  2.101         2.7956         1.9357
 33  2.201         2.8525         1.9414
 34  2.301         2.9007         1.9222
 35  2.401         2.9535         2.0121
 36  2.501         2.9997         2.0040
 37  2.601         3.0416         2.0052
 38  2.701         3.0792         1.9983
 39  2.801         3.1137         1.9961
 40  2.901         3.1469         2.0135
 41  3.001         3.1782         2.0207
 42  3.101         3.2072         2.0172
 43  3.201         3.2357         2.0393
 44  3.301         3.2650         2.0783
 45  3.401         3.2940         2.1047
 46  3.501         3.3220         2.1178
 47  3.601         3.3483         2.1171
 48  3.701         3.3723         2.1020
 49  3.801         3.3948         2.0983
 50  3.901         3.4168         2.1113
 51  4.001         3.4384         2.1236
 52  4.101         3.4595         2.1361
 53  4.201         3.4803         2.1492
 54  4.301         3.5010         2.1692
 55  4.401         3.5212         2.1802
 56  4.501         3.5410         2.1882
 57  4.601         3.5601         2.1952
 58  4.701         3.5789         2.2044
 59  4.801         3.5974         2.2179
 60  4.901         3.6153         2.2216
 61  5.001         3.6326         2.2253
 62  5.101         3.6495         2.2315
 63  5.201         3.6661         2.2402
 64  5.301         3.6825         2.2516
 65  5.401         3.6989         2.2656
 66  5.501         3.7152         2.2823
 67  5.601         3.7317         2.3035
 68  5.701         3.7483         2.3232
 69  5.801         3.7649         2.3391
 70  5.901         3.7814         2.3514
 71  6.001         3.7975         2.3600
 72  6.101         3.8133         2.3648
 73  6.201         3.8285         2.3659
 74  6.301         3.8431         2.3628
 75  6.401         3.8571         2.3563
 76  6.501         3.8705         2.3548
 77  6.601         3.8836         2.3558
 78  6.701         3.8964         2.3582
 79  6.801         3.9089         2.3618
 80  6.901         3.9211         2.3659
 81  7.001         3.9331         2.3687
 82  7.101         3.9451         2.3787
 83  7.201         3.9571         2.3923
 84  7.301         3.9649         2.2167
 85  7.401         3.9754         2.3531
 86  7.501         3.9874         2.4231
 87  7.601         3.9992         2.4266
 88  7.701         4.0109         2.4384
 89  7.801         4.0226         2.4454
 90  7.901         4.0343         2.4603
 91  8.001         4.0463         2.4812
 92  8.101         4.0588         2.5093
 93  8.201         4.0715         2.5328
 94  8.301         4.0845         2.5530
 95  8.401         4.0976         2.5730
 96  8.501         4.1111         2.5955
 97  8.601         4.1250         2.6231
 98  8.701         4.1395         2.6553
 99  8.801         4.1544         2.6826
100  8.901         4.1698         2.7116
101  9.001         4.1852         2.7291
102  9.101         4.2014         2.7630
103  9.201         4.2195         2.8314
104  9.301         4.2392         2.8849
105  9.401         4.2595         2.9210
106  9.501         4.2798         2.9395
107  9.601         4.3006         2.9692
108  9.701         4.3211         2.9861
109  9.801         4.3414         3.0005
110  9.901         4.3620         3.0272
111 10.001         4.3845         3.0875
112 10.101         4.4090         3.1488
113 10.201         4.4344         3.1885
114 10.301         4.4602         3.2209
115 10.401         4.4864         3.2551
116 10.501         4.5127         3.2813
117 10.601         4.5385         3.2989
118 10.701         4.5634         3.3094
119 10.801         4.5877         3.3247
120 10.901         4.6117         3.3412
121 11.001         4.6353         3.3579
122 11.101         4.6585         3.3748
123 11.201         4.6814         3.3919
124 11.301         4.7040         3.4093
125 11.401         4.7263         3.4268
126 11.501         4.7483         3.4419
127 11.601         4.7700         3.4568
128 11.701         4.7914         3.4730
129 11.801         4.8126         3.4907
130 11.901         4.8337         3.5100
131 12.001         4.8548         3.5309
132 12.101         4.8759         3.5524
133 12.201         4.8970         3.5724
134 12.301         4.9179         3.5909
135 12.401         4.9387         3.6080
136 12.501         4.9592         3.6239
137 12.601         4.9796         3.6411
138 12.701         5.0000         3.6610


#AGE= 2.000 BINS=159 Power-law IMF: x=-2.350
# N  sdss_r       Log10(N)       Log10(dN)
  1 -2.781        -0.5421        -0.5421
  2 -2.681        -0.2338        -0.5277
  3 -2.581        -0.0485        -0.5078
  4 -2.481         0.0858        -0.4892
  5 -2.381         0.1941        -0.4619
  6 -2.281         0.2862        -0.4330
  7 -2.181         0.3661        -0.4083
  8 -2.081         0.4374        -0.3823
  9 -1.981         0.5026        -0.3531
 10 -1.881         0.5629        -0.3248
 11 -1.781         0.6189        -0.2985
 12 -1.681         0.6715        -0.2713
 13 -1.581         0.7214        -0.2426
 14 -1.481         0.7693        -0.2119
 15 -1.381         0.8145        -0.1904
 16 -1.281         0.8535        -0.2131
 17 -1.181         0.8941        -0.1551
 18 -1.081         0.9355        -0.1057
 19 -0.981         0.9763        -0.0715
 20 -0.881         1.0160        -0.0424
 21 -0.781         1.0538        -0.0247
 22 -0.681         1.1664         0.5250
 23 -0.581         1.2041         0.1240
 24 -0.481         1.2358         0.0838
 25 -0.381         1.2672         0.1099
 26 -0.281         1.3401         0.5290
 27 -0.181         1.3758         0.2729
 28 -0.081         1.4045         0.2116
 29  0.019         1.4340         0.2510
 30  0.119         1.4638         0.2851
 31  0.219         1.4937         0.3164
 32  0.319         1.5233         0.3421
 33  0.419         1.5524         0.3640
 34  0.519         1.5808         0.3830
 35  0.619         1.6086         0.4011
 36  0.719         1.6360         0.4211
 37  0.819         1.6627         0.4382
 38  0.919         1.6888         0.4552
 39  1.019         1.7145         0.4738
 40  1.119         1.7394         0.4865
 41  1.219         1.7640         0.5033
 42  1.319         1.7880         0.5189
 43  1.419         1.8114         0.5324
 44  1.519         1.8345         0.5478
 45  1.619         1.9981         1.4948
 46  1.719         2.1086         1.4599
 47  1.819         2.2094         1.5257
 48  1.919         2.2605         1.3061
 49  2.019         2.3449         1.5917
 50  2.119         2.4063         1.5265
 51  2.219         2.4737         1.6311
 52  2.319         2.5436         1.7162
 53  2.419         2.6071         1.7407
 54  2.519         2.6680         1.7846
 55  2.619         2.7269         1.8299
 56  2.719         2.7804         1.8446
 57  2.819         2.8298         1.8613
 58  2.919         2.8762         1.8825
 59  3.019         2.9204         1.9058
 60  3.119         2.9638         1.9424
 61  3.219         3.0070         1.9831
 62  3.319         3.0467         1.9875
 63  3.419         3.0816         1.9696
 64  3.519         3.1170         2.0109
 65  3.619         3.1486         1.9945
 66  3.719         3.1775         1.9857
 67  3.819         3.2063         2.0138
 68  3.919         3.2339         2.0239
 69  4.019         3.2584         1.9981
 70  4.119         3.2846         2.0520
 71  4.219         3.3108         2.0774
 72  4.319         3.3359         2.0856
 73  4.419         3.3600         2.0925
 74  4.519         3.3834         2.1032
 75  4.619         3.4064         2.1184
 76  4.719         3.4289         2.1315
 77  4.819         3.4509         2.1448
 78  4.919         3.4727         2.1630
 79  5.019         3.4939         2.1711
 80  5.119         3.5143         2.1763
 81  5.219         3.5345         2.1926
 82  5.319         3.5544         2.2047
 83  5.419         3.5736         2.2108
 84  5.519         3.5923         2.2165
 85  5.619         3.6106         2.2261
 86  5.719         3.6287         2.2401
 87  5.819         3.6469         2.2593
 88  5.919         3.6649         2.2746
 89  6.019         3.6827         2.2847
 90  6.119         3.6999         2.2894
 91  6.219         3.7164         2.2887
 92  6.319         3.7321         2.2830
 93  6.419         3.7472         2.2805
 94  6.519         3.7618         2.2819
 95  6.619         3.7761         2.2864
 96  6.719         3.7902         2.2932
 97  6.819         3.8040         2.2982
 98  6.919         3.8174         2.3011
 99  7.019         3.8310         2.3194
100  7.119         3.8432         2.2867
101  7.219         3.8531         2.2055
102  7.319         3.8654         2.3118
103  7.419         3.8780         2.3344
104  7.519         3.8907         2.3491
105  7.619         3.9035         2.3679
106  7.719         3.9162         2.3740
107  7.819         3.9288         2.3850
108  7.919         3.9414         2.3990
109  8.019         3.9545         2.4259
110  8.119         3.9679         2.4515
111  8.219         3.9817         2.4767
112  8.319         3.9957         2.4971
113  8.419         4.0100         2.5195
114  8.519         4.0246         2.5440
115  8.619         4.0396         2.5720
116  8.719         4.0551         2.5994
117  8.819         4.0710         2.6281
118  8.919         4.0869         2.6417
119  9.019         4.1024         2.6461
120  9.119         4.1206         2.7352
121  9.219         4.1412         2.8066
122  9.319         4.1632         2.8565
123  9.419         4.1855         2.8843
124  9.519         4.2069         2.8905
125  9.619         4.2284         2.9124
126  9.719         4.2509         2.9543
127  9.819         4.2740         2.9867
128  9.919         4.2951         2.9713
129 10.019         4.3180         3.0290
130 10.119         4.3426         3.0837
131 10.219         4.3685         3.1317
132 10.319         4.3954         3.1726
133 10.419         4.4217         3.1910
134 10.519         4.4478         3.2140
135 10.619         4.4736         3.2351
136 10.719         4.4989         3.2517
137 10.819         4.5236         3.2649
138 10.919         4.5476         3.2792
139 11.019         4.5712         3.2944
140 11.119         4.5944         3.3107
141 11.219         4.6173         3.3280
142 11.319         4.6400         3.3464
143 11.419         4.6625         3.3654
144 11.519         4.6846         3.3818
145 11.619         4.7065         3.3982
146 11.719         4.7282         3.4157
147 11.819         4.7498         3.4343
148 11.919         4.7712         3.4542
149 12.019         4.7926         3.4752
150 12.119         4.8141         3.4964
151 12.219         4.8354         3.5159
152 12.319         4.8565         3.5339
153 12.419         4.8775         3.5501
154 12.519         4.8982         3.5660
155 12.619         4.9187         3.5832
156 12.719         4.9392         3.6019
157 12.819         4.9595         3.6201
158 12.919         4.9798         3.6385
159 13.019         5.0000         3.6582


#AGE= 3.000 BINS=159 Power-law IMF: x=-2.350
# N  sdss_r       Log10(N)       Log10(dN)
  1 -2.850        -0.6967        -0.6967
  2 -2.750        -0.3516        -0.6125
  3 -2.650        -0.1575        -0.6009
  4 -2.550        -0.0148        -0.5674
  5 -2.450         0.0992        -0.5373
  6 -2.350         0.1929        -0.5195
  7 -2.250         0.2740        -0.4943
  8 -2.150         0.3467        -0.4659
  9 -2.050         0.4123        -0.4405
 10 -1.950         0.4733        -0.4094
 11 -1.850         0.5294        -0.3875
 12 -1.750         0.5827        -0.3542
 13 -1.650         0.6333        -0.3260
 14 -1.550         0.6815        -0.2973
 15 -1.450         0.7279        -0.2658
 16 -1.350         0.7725        -0.2379
 17 -1.250         0.8160        -0.2051
 18 -1.150         0.8547        -0.2151
 19 -1.050         0.8918        -0.1950
 20 -0.950         0.9309        -0.1333
 21 -0.850         0.9703        -0.0924
 22 -0.750         1.0088        -0.0618
 23 -0.650         1.0462        -0.0380
 24 -0.550         1.0844         0.0105
 25 -0.450         1.2017         0.5758
 26 -0.350         1.2361         0.1179
 27 -0.250         1.2683         0.1213
 28 -0.150         1.3006         0.1565
 29 -0.050         1.3699         0.5386
 30  0.050         1.4037         0.2780
 31  0.150         1.4321         0.2330
 32  0.250         1.4581         0.2234
 33  0.350         1.4843         0.2520
 34  0.450         1.5114         0.2926
 35  0.550         1.5393         0.3326
 36  0.650         1.5674         0.3649
 37  0.750         1.5957         0.3954
 38  0.850         1.6244         0.4312
 39  0.950         1.6536         0.4655
 40  1.050         1.6829         0.4980
 41  1.150         1.7127         0.5341
 42  1.250         1.7428         0.5682
 43  1.350         1.7733         0.6052
 44  1.450         1.8044         0.6434
 45  1.550         1.8363         0.6872
 46  1.650         1.8694         0.7352
 47  1.750         1.9034         0.7803
 48  1.850         1.9370         0.8087
 49  1.950         1.9699         0.8325
 50  2.050         2.0648         1.3579
 51  2.150         2.2442         1.7736
 52  2.250         2.3646         1.7485
 53  2.350         2.4248         1.5367
 54  2.450         2.4826         1.5783
 55  2.550         2.5419         1.6480
 56  2.650         2.6028         1.7198
 57  2.750         2.6619         1.7664
 58  2.850         2.7152         1.7773
 59  2.950         2.7597         1.7489
 60  3.050         2.8004         1.7517
 61  3.150         2.8534         1.9131
 62  3.250         2.9053         1.9570
 63  3.350         2.9492         1.9323
 64  3.450         2.9876         1.9149
 65  3.550         3.0245         1.9363
 66  3.650         3.0602         1.9571
 67  3.750         3.0937         1.9646
 68  3.850         3.1240         1.9519
 69  3.950         3.1570         2.0209
 70  4.050         3.1889         2.0397
 71  4.150         3.2197         2.0547
 72  4.250         3.2490         2.0639
 73  4.350         3.2773         2.0775
 74  4.450         3.3048         2.0922
 75  4.550         3.3316         2.1084
 76  4.650         3.3576         2.1219
 77  4.750         3.3829         2.1361
 78  4.850         3.4078         2.1535
 79  4.950         3.4320         2.1665
 80  5.050         3.4555         2.1761
 81  5.150         3.4783         2.1876
 82  5.250         3.5012         2.2129
 83  5.350         3.5238         2.2272
 84  5.450         3.5456         2.2356
 85  5.550         3.5667         2.2441
 86  5.650         3.5873         2.2518
 87  5.750         3.6072         2.2588
 88  5.850         3.6265         2.2645
 89  5.950         3.6452         2.2704
 90  6.050         3.6634         2.2752
 91  6.150         3.6810         2.2800
 92  6.250         3.6980         2.2845
 93  6.350         3.7146         2.2874
 94  6.450         3.7306         2.2889
 95  6.550         3.7461         2.2923
 96  6.650         3.7614         2.2987
 97  6.750         3.7763         2.3060
 98  6.850         3.7909         2.3093
 99  6.950         3.8052         2.3166
100  7.050         3.8188         2.3056
101  7.150         3.8306         2.2599
102  7.250         3.8435         2.3115
103  7.350         3.8569         2.3368
104  7.450         3.8702         2.3498
105  7.550         3.8838         2.3728
106  7.650         3.8973         2.3827
107  7.750         3.9106         2.3915
108  7.850         3.9238         2.4012
109  7.950         3.9374         2.4237
110  8.050         3.9513         2.4499
111  8.150         3.9656         2.4767
112  8.250         3.9802         2.4988
113  8.350         3.9950         2.5203
114  8.450         4.0100         2.5426
115  8.550         4.0255         2.5702
116  8.650         4.0415         2.5983
117  8.750         4.0579         2.6269
118  8.850         4.0748         2.6566
119  8.950         4.0906         2.6447
120  9.050         4.1080         2.7007
121  9.150         4.1280         2.7826
122  9.250         4.1499         2.8415
123  9.350         4.1726         2.8784
124  9.450         4.1947         2.8920
125  9.550         4.2169         2.9128
126  9.650         4.2400         2.9541
127  9.750         4.2651         3.0157
128  9.850         4.2889         3.0153
129  9.950         4.3118         3.0223
130 10.050         4.3360         3.0698
131 10.150         4.3616         3.1193
132 10.250         4.3880         3.1590
133 10.350         4.4146         3.1889
134 10.450         4.4410         3.2114
135 10.550         4.4670         3.2307
136 10.650         4.4926         3.2503
137 10.750         4.5176         3.2666
138 10.850         4.5422         3.2821
139 10.950         4.5663         3.2983
140 11.050         4.5900         3.3149
141 11.150         4.6133         3.3321
142 11.250         4.6363         3.3495
143 11.350         4.6589         3.3640
144 11.450         4.6811         3.3789
145 11.550         4.7031         3.3955
146 11.650         4.7248         3.4140
147 11.750         4.7465         3.4344
148 11.850         4.7683         3.4569
149 11.950         4.7901         3.4803
150 12.050         4.8119         3.5019
151 12.150         4.8336         3.5214
152 12.250         4.8551         3.5387
153 12.350         4.8763         3.5541
154 12.450         4.8972         3.5703
155 12.550         4.9180         3.5876
156 12.650         4.9387         3.6059
157 12.750         4.9592         3.6234
158 12.850         4.9796         3.6415
159 12.950         5.0000         3.6613


#AGE= 4.000 BINS=156 Power-law IMF: x=-2.350
# N  sdss_r       Log10(N)       Log10(dN)
  1 -2.789        -1.0155        -1.0155
  2 -2.689        -0.4892        -0.6426
  3 -2.589        -0.2604        -0.6481
  4 -2.489        -0.1052        -0.6274
  5 -2.389         0.0165        -0.5956
  6 -2.289         0.1175        -0.5653
  7 -2.189         0.2035        -0.5421
  8 -2.089         0.2806        -0.5081
  9 -1.989         0.3492        -0.4859
 10 -1.889         0.4128        -0.4535
 11 -1.789         0.4711        -0.4298
 12 -1.689         0.5257        -0.4017
 13 -1.589         0.5779        -0.3682
 14 -1.489         0.6270        -0.3435
 15 -1.389         0.6747        -0.3088
 16 -1.289         0.7204        -0.2795
 17 -1.189         0.7648        -0.2477
 18 -1.089         0.8076        -0.2196
 19 -0.989         0.8457        -0.2301
 20 -0.889         0.8838        -0.1920
 21 -0.789         0.9228        -0.1433
 22 -0.689         0.9619        -0.1036
 23 -0.589         1.0002        -0.0736
 24 -0.489         1.0349        -0.0792
 25 -0.389         1.1475         0.5060
 26 -0.289         1.1884         0.1421
 27 -0.189         1.2213         0.0842
 28 -0.089         1.2498         0.0527
 29  0.011         1.3228         0.5124
 30  0.111         1.3551         0.2101
 31  0.211         1.3838         0.1905
 32  0.311         1.4116         0.2038
 33  0.411         1.4383         0.2130
 34  0.511         1.4645         0.2335
 35  0.611         1.4919         0.2781
 36  0.711         1.5201         0.3178
 37  0.811         1.5488         0.3544
 38  0.911         1.5778         0.3879
 39  1.011         1.6071         0.4218
 40  1.111         1.6367         0.4551
 41  1.211         1.6665         0.4881
 42  1.311         1.6965         0.5217
 43  1.411         1.7266         0.5528
 44  1.511         1.7572         0.5900
 45  1.611         1.7884         0.6290
 46  1.711         1.8210         0.6805
 47  1.811         1.8548         0.7282
 48  1.911         1.8885         0.7615
 49  2.011         1.9216         0.7877
 50  2.111         1.9545         0.8170
 51  2.211         1.9865         0.8386
 52  2.311         2.0197         0.8858
 53  2.411         2.2579         1.8835
 54  2.511         2.3582         1.6725
 55  2.611         2.4270         1.5927
 56  2.711         2.4934         1.6450
 57  2.811         2.5578         1.6975
 58  2.911         2.6203         1.7470
 59  3.011         2.6794         1.7838
 60  3.111         2.7374         1.8344
 61  3.211         2.7931         1.8741
 62  3.311         2.8468         1.9119
 63  3.411         2.8972         1.9372
 64  3.511         2.9401         1.9132
 65  3.611         2.9849         1.9761
 66  3.711         3.0267         1.9895
 67  3.811         3.0663         2.0064
 68  3.911         3.1044         2.0284
 69  4.011         3.1409         2.0480
 70  4.111         3.1759         2.0651
 71  4.211         3.2095         2.0814
 72  4.311         3.2420         2.0992
 73  4.411         3.2735         2.1182
 74  4.511         3.3038         2.1333
 75  4.611         3.3332         2.1491
 76  4.711         3.3618         2.1654
 77  4.811         3.3897         2.1840
 78  4.911         3.4168         2.1983
 79  5.011         3.4430         2.2107
 80  5.111         3.4684         2.2230
 81  5.211         3.4938         2.2477
 82  5.311         3.5188         2.2669
 83  5.411         3.5427         2.2718
 84  5.511         3.5658         2.2792
 85  5.611         3.5881         2.2876
 86  5.711         3.6097         2.2951
 87  5.811         3.6306         2.3028
 88  5.911         3.6509         2.3102
 89  6.011         3.6705         2.3165
 90  6.111         3.6895         2.3200
 91  6.211         3.7078         2.3244
 92  6.311         3.7256         2.3294
 93  6.411         3.7429         2.3340
 94  6.511         3.7596         2.3368
 95  6.611         3.7758         2.3395
 96  6.711         3.7916         2.3439
 97  6.811         3.8070         2.3505
 98  6.911         3.8218         2.3462
 99  7.011         3.8359         2.3385
100  7.111         3.8500         2.3550
101  7.211         3.8640         2.3655
102  7.311         3.8779         2.3755
103  7.411         3.8919         2.3932
104  7.511         3.9060         2.4125
105  7.611         3.9203         2.4290
106  7.711         3.9342         2.4347
107  7.811         3.9482         2.4471
108  7.911         3.9621         2.4629
109  8.011         3.9766         2.4917
110  8.111         3.9914         2.5173
111  8.211         4.0066         2.5413
112  8.311         4.0219         2.5620
113  8.411         4.0375         2.5846
114  8.511         4.0534         2.6107
115  8.611         4.0699         2.6400
116  8.711         4.0867         2.6669
117  8.811         4.1040         2.6956
118  8.911         4.1215         2.7184
119  9.011         4.1387         2.7271
120  9.111         4.1580         2.7966
121  9.211         4.1795         2.8618
122  9.311         4.2022         2.9106
123  9.411         4.2255         2.9421
124  9.511         4.2484         2.9595
125  9.611         4.2718         2.9922
126  9.711         4.2972         3.0509
127  9.811         4.3234         3.0919
128  9.911         4.3476         3.0808
129 10.011         4.3723         3.1160
130 10.111         4.3981         3.1581
131 10.211         4.4248         3.2003
132 10.311         4.4516         3.2295
133 10.411         4.4783         3.2523
134 10.511         4.5044         3.2703
135 10.611         4.5300         3.2884
136 10.711         4.5552         3.3058
137 10.811         4.5799         3.3230
138 10.911         4.6042         3.3391
139 11.011         4.6279         3.3532
140 11.111         4.6511         3.3682
141 11.211         4.6740         3.3851
142 11.311         4.6967         3.4038
143 11.411         4.7193         3.4245
144 11.511         4.7418         3.4435
145 11.611         4.7640         3.4617
146 11.711         4.7860         3.4806
147 11.811         4.8079         3.5000
148 11.911         4.8298         3.5200
149 12.011         4.8515         3.5407
150 12.111         4.8733         3.5619
151 12.211         4.8949         3.5816
152 12.311         4.9164         3.5996
153 12.411         4.9376         3.6156
154 12.511         4.9585         3.6309
155 12.611         4.9793         3.6484
156 12.711         5.0000         3.6686


#AGE= 5.000 BINS=158 Power-law IMF: x=-2.350
# N  sdss_r       Log10(N)       Log10(dN)
  1 -2.665        -0.7178        -0.7178
  2 -2.565        -0.4334        -0.7517
  3 -2.465        -0.2611        -0.7459
  4 -2.365        -0.1359        -0.7372
  5 -2.265        -0.0307        -0.6981
  6 -2.165         0.0593        -0.6684
  7 -2.065         0.1390        -0.6363
  8 -1.965         0.2099        -0.6122
  9 -1.865         0.2748        -0.5827
 10 -1.765         0.3349        -0.5542
 11 -1.665         0.3906        -0.5288
 12 -1.565         0.4434        -0.4977
 13 -1.465         0.4943        -0.4620
 14 -1.365         0.5420        -0.4407
 15 -1.265         0.5886        -0.4038
 16 -1.165         0.6336        -0.3733
 17 -1.065         0.6771        -0.3440
 18 -0.965         0.7186        -0.3215
 19 -0.865         0.7567        -0.3193
 20 -0.765         0.7942        -0.2886
 21 -0.665         0.8335        -0.2289
 22 -0.565         0.8723        -0.1963
 23 -0.465         0.9107        -0.1613
 24 -0.365         0.9430        -0.2014
 25 -0.265         1.0569         0.4199
 26 -0.165         1.0956         0.0260
 27 -0.065         1.1286        -0.0066
 28  0.035         1.1571        -0.0396
 29  0.135         1.2323         0.4333
 30  0.235         1.2651         0.1276
 31  0.335         1.2944         0.1083
 32  0.435         1.3220         0.1123
 33  0.535         1.3484         0.1185
 34  0.635         1.3755         0.1564
 35  0.735         1.4038         0.2043
 36  0.835         1.4325         0.2384
 37  0.935         1.4617         0.2748
 38  1.035         1.4912         0.3091
 39  1.135         1.5210         0.3427
 40  1.235         1.5512         0.3777
 41  1.335         1.5816         0.4118
 42  1.435         1.6123         0.4459
 43  1.535         1.6434         0.4831
 44  1.635         1.6748         0.5181
 45  1.735         1.7069         0.5596
 46  1.835         1.7407         0.6155
 47  1.935         1.7767         0.6774
 48  2.035         1.8128         0.7151
 49  2.135         1.8501         0.7649
 50  2.235         1.8870         0.7981
 51  2.335         1.9225         0.8175
 52  2.435         1.9572         0.8417
 53  2.535         1.9939         0.9025
 54  2.635         2.2474         1.8931
 55  2.735         2.3218         1.5190
 56  2.835         2.3910         1.5590
 57  2.935         2.4570         1.6065
 58  3.035         2.5200         1.6500
 59  3.135         2.5799         1.6903
 60  3.235         2.6370         1.7275
 61  3.335         2.6913         1.7615
 62  3.435         2.7439         1.8011
 63  3.535         2.7945         1.8359
 64  3.635         2.8428         1.8648
 65  3.735         2.8883         1.8859
 66  3.835         2.9321         1.9140
 67  3.935         2.9740         1.9379
 68  4.035         3.0141         1.9595
 69  4.135         3.0522         1.9771
 70  4.235         3.0888         1.9963
 71  4.335         3.1242         2.0171
 72  4.435         3.1582         2.0353
 73  4.535         3.1910         2.0523
 74  4.635         3.2227         2.0702
 75  4.735         3.2535         2.0891
 76  4.835         3.2835         2.1077
 77  4.935         3.3125         2.1234
 78  5.035         3.3406         2.1367
 79  5.135         3.3680         2.1548
 80  5.235         3.3953         2.1800
 81  5.335         3.4216         2.1906
 82  5.435         3.4467         2.1958
 83  5.535         3.4709         2.2056
 84  5.635         3.4943         2.2135
 85  5.735         3.5169         2.2227
 86  5.835         3.5389         2.2316
 87  5.935         3.5601         2.2385
 88  6.035         3.5805         2.2434
 89  6.135         3.6003         2.2484
 90  6.235         3.6194         2.2540
 91  6.335         3.6379         2.2577
 92  6.435         3.6558         2.2609
 93  6.535         3.6731         2.2652
 94  6.635         3.6899         2.2696
 95  6.735         3.7063         2.2744
 96  6.835         3.7222         2.2786
 97  6.935         3.7376         2.2805
 98  7.035         3.7527         2.2853
 99  7.135         3.7675         2.2917
100  7.235         3.7820         2.2993
101  7.335         3.7965         2.3129
102  7.435         3.8111         2.3295
103  7.535         3.8259         2.3510
104  7.635         3.8405         2.3608
105  7.735         3.8550         2.3709
106  7.835         3.8694         2.3822
107  7.935         3.8841         2.4059
108  8.035         3.8992         2.4333
109  8.135         3.9147         2.4591
110  8.235         3.9304         2.4807
111  8.335         3.9463         2.5025
112  8.435         3.9625         2.5256
113  8.535         3.9791         2.5527
114  8.635         3.9961         2.5809
115  8.735         4.0136         2.6099
116  8.835         4.0316         2.6398
117  8.935         4.0492         2.6484
118  9.035         4.0677         2.6895
119  9.135         4.0883         2.7545
120  9.235         4.1104         2.8055
121  9.335         4.1333         2.8427
122  9.435         4.1560         2.8643
123  9.535         4.1789         2.8893
124  9.635         4.2036         2.9464
125  9.735         4.2319         3.0310
126  9.835         4.2584         3.0312
127  9.935         4.2839         3.0400
128 10.035         4.3097         3.0713
129 10.135         4.3364         3.1118
130 10.235         4.3636         3.1462
131 10.335         4.3906         3.1712
132 10.435         4.4171         3.1895
133 10.535         4.4431         3.2070
134 10.635         4.4686         3.2243
135 10.735         4.4936         3.2419
136 10.835         4.5182         3.2593
137 10.935         4.5424         3.2756
138 11.035         4.5660         3.2896
139 11.135         4.5891         3.3039
140 11.235         4.6119         3.3207
141 11.335         4.6345         3.3400
142 11.435         4.6571         3.3613
143 11.535         4.6795         3.3805
144 11.635         4.7017         3.3995
145 11.735         4.7238         3.4190
146 11.835         4.7457         3.4389
147 11.935         4.7676         3.4594
148 12.035         4.7895         3.4808
149 12.135         4.8114         3.5018
150 12.235         4.8331         3.5210
151 12.335         4.8545         3.5383
152 12.435         4.8758         3.5541
153 12.535         4.8968         3.5708
154 12.635         4.9176         3.5886
155 12.735         4.9384         3.6073
156 12.835         4.9590         3.6252
157 12.935         4.9795         3.6437
158 13.035         5.0000         3.6635


#AGE= 6.000 BINS=157 Power-law IMF: x=-2.350
# N  sdss_r       Log10(N)       Log10(dN)
  1 -2.633        -0.6866        -0.6866
  2 -2.533        -0.4133        -0.7439
  3 -2.433        -0.2469        -0.7441
  4 -2.333        -0.1266        -0.7429
  5 -2.233        -0.0221        -0.6921
  6 -2.133         0.0671        -0.6639
  7 -2.033         0.1457        -0.6358
  8 -1.933         0.2148        -0.6177
  9 -1.833         0.2781        -0.5889
 10 -1.733         0.3380        -0.5521
 11 -1.633         0.3932        -0.5300
 12 -1.533         0.4454        -0.5003
 13 -1.433         0.4959        -0.4636
 14 -1.333         0.5437        -0.4392
 15 -1.233         0.5899        -0.4060
 16 -1.133         0.6344        -0.3769
 17 -1.033         0.6777        -0.3446
 18 -0.933         0.7204        -0.3088
 19 -0.833         0.7595        -0.3054
 20 -0.733         0.7966        -0.2904
 21 -0.633         0.8345        -0.2426
 22 -0.533         0.8734        -0.1948
 23 -0.433         0.9116        -0.1625
 24 -0.333         0.9488        -0.1372
 25 -0.233         0.9830        -0.1371
 26 -0.133         1.0940         0.4473
 27 -0.033         1.1297         0.0266
 28  0.067         1.1625         0.0244
 29  0.167         1.1926         0.0181
 30  0.267         1.2692         0.4782
 31  0.367         1.3003         0.1397
 32  0.467         1.3294         0.1405
 33  0.567         1.3567         0.1413
 34  0.667         1.3829         0.1502
 35  0.767         1.4108         0.2048
 36  0.867         1.4393         0.2431
 37  0.967         1.4684         0.2792
 38  1.067         1.4977         0.3125
 39  1.167         1.5275         0.3491
 40  1.267         1.5574         0.3804
 41  1.367         1.5875         0.4140
 42  1.467         1.6181         0.4496
 43  1.567         1.6489         0.4844
 44  1.667         1.6798         0.5172
 45  1.767         1.7116         0.5598
 46  1.867         1.7441         0.6026
 47  1.967         1.7788         0.6643
 48  2.067         1.8148         0.7147
 49  2.167         1.8512         0.7567
 50  2.267         1.8886         0.8055
 51  2.367         1.9247         0.8259
 52  2.467         1.9594         0.8453
 53  2.567         1.9936         0.8729
 54  2.667         2.0302         0.9376
 55  2.767         2.2238         1.7796
 56  2.867         2.3063         1.5442
 57  2.967         2.3753         1.5428
 58  3.067         2.4403         1.5830
 59  3.167         2.5021         1.6252
 60  3.267         2.5614         1.6673
 61  3.367         2.6185         1.7089
 62  3.467         2.6733         1.7475
 63  3.567         2.7268         1.7901
 64  3.667         2.7793         1.8362
 65  3.767         2.8311         1.8821
 66  3.867         2.8805         1.9116
 67  3.967         2.9271         1.9351
 68  4.067         2.9713         1.9567
 69  4.167         3.0130         1.9745
 70  4.267         3.0527         1.9942
 71  4.367         3.0908         2.0145
 72  4.467         3.1274         2.0348
 73  4.567         3.1626         2.0541
 74  4.667         3.1967         2.0753
 75  4.767         3.2298         2.0957
 76  4.867         3.2619         2.1141
 77  4.967         3.2928         2.1299
 78  5.067         3.3227         2.1458
 79  5.167         3.3523         2.1701
 80  5.267         3.3810         2.1883
 81  5.367         3.4084         2.1936
 82  5.467         3.4346         2.2030
 83  5.567         3.4600         2.2132
 84  5.667         3.4844         2.2223
 85  5.767         3.5080         2.2325
 86  5.867         3.5309         2.2400
 87  5.967         3.5529         2.2472
 88  6.067         3.5741         2.2529
 89  6.167         3.5946         2.2579
 90  6.267         3.6145         2.2650
 91  6.367         3.6336         2.2682
 92  6.467         3.6521         2.2714
 93  6.567         3.6700         2.2766
 94  6.667         3.6874         2.2829
 95  6.767         3.7045         2.2897
 96  6.867         3.7209         2.2901
 97  6.967         3.7368         2.2933
 98  7.067         3.7524         2.2991
 99  7.167         3.7677         2.3070
100  7.267         3.7828         2.3173
101  7.367         3.7979         2.3306
102  7.467         3.8131         2.3502
103  7.567         3.8283         2.3642
104  7.667         3.8434         2.3768
105  7.767         3.8583         2.3857
106  7.867         3.8733         2.4051
107  7.967         3.8887         2.4296
108  8.067         3.9045         2.4584
109  8.167         3.9206         2.4807
110  8.267         3.9368         2.5022
111  8.367         3.9533         2.5252
112  8.467         3.9702         2.5496
113  8.567         3.9874         2.5775
114  8.667         4.0051         2.6064
115  8.767         4.0231         2.6331
116  8.867         4.0416         2.6603
117  8.967         4.0607         2.6941
118  9.067         4.0807         2.7341
119  9.167         4.1015         2.7722
120  9.267         4.1231         2.8080
121  9.367         4.1455         2.8467
122  9.467         4.1690         2.8910
123  9.567         4.1940         2.9420
124  9.667         4.2207         2.9956
125  9.767         4.2497         3.0607
126  9.867         4.2765         3.0537
127  9.967         4.3032         3.0778
128 10.067         4.3301         3.1083
129 10.167         4.3575         3.1442
130 10.267         4.3850         3.1725
131 10.367         4.4121         3.1950
132 10.467         4.4386         3.2101
133 10.567         4.4644         3.2262
134 10.667         4.4897         3.2422
135 10.767         4.5146         3.2602
136 10.867         4.5390         3.2775
137 10.967         4.5630         3.2932
138 11.067         4.5865         3.3072
139 11.167         4.6095         3.3231
140 11.267         4.6324         3.3414
141 11.367         4.6550         3.3610
142 11.467         4.6774         3.3781
143 11.567         4.6995         3.3962
144 11.667         4.7216         3.4158
145 11.767         4.7435         3.4370
146 11.867         4.7656         3.4598
147 11.967         4.7877         3.4836
148 12.067         4.8098         3.5054
149 12.167         4.8318         3.5248
150 12.267         4.8535         3.5415
151 12.367         4.8749         3.5571
152 12.467         4.8961         3.5742
153 12.567         4.9171         3.5919
154 12.667         4.9380         3.6102
155 12.767         4.9588         3.6276
156 12.867         4.9794         3.6458
157 12.967         5.0000         3.6657


#AGE= 7.000 BINS=156 Power-law IMF: x=-2.350
# N  sdss_r       Log10(N)       Log10(dN)
  1 -2.643        -0.7914        -0.7914
  2 -2.543        -0.4604        -0.7334
  3 -2.443        -0.2915        -0.7833
  4 -2.343        -0.1677        -0.7734
  5 -2.243        -0.0677        -0.7542
  6 -2.143         0.0213        -0.7111
  7 -2.043         0.0965        -0.7018
  8 -1.943         0.1672        -0.6560
  9 -1.843         0.2302        -0.6400
 10 -1.743         0.2889        -0.6091
 11 -1.643         0.3452        -0.5701
 12 -1.543         0.3965        -0.5565
 13 -1.443         0.4460        -0.5213
 14 -1.343         0.4934        -0.4920
 15 -1.243         0.5392        -0.4610
 16 -1.143         0.5841        -0.4237
 17 -1.043         0.6268        -0.4011
 18 -0.943         0.6687        -0.3676
 19 -0.843         0.7094        -0.3387
 20 -0.743         0.7477        -0.3262
 21 -0.643         0.7847        -0.3038
 22 -0.543         0.8228        -0.2529
 23 -0.443         0.8605        -0.2197
 24 -0.343         0.8980        -0.1840
 25 -0.243         0.9343        -0.1617
 26 -0.143         0.9775        -0.0460
 27 -0.043         1.0774         0.3900
 28  0.057         1.1124         0.0020
 29  0.157         1.1443        -0.0053
 30  0.257         1.1800         0.0773
 31  0.357         1.2509         0.4285
 32  0.457         1.2831         0.1371
 33  0.557         1.3123         0.1250
 34  0.657         1.3388         0.1121
 35  0.757         1.3658         0.1451
 36  0.857         1.3933         0.1812
 37  0.957         1.4220         0.2281
 38  1.057         1.4508         0.2579
 39  1.157         1.4804         0.2987
 40  1.257         1.5100         0.3295
 41  1.357         1.5398         0.3613
 42  1.457         1.5701         0.3991
 43  1.557         1.6006         0.4310
 44  1.657         1.6314         0.4667
 45  1.757         1.6624         0.5015
 46  1.857         1.6940         0.5401
 47  1.957         1.7269         0.5891
 48  2.057         1.7617         0.6484
 49  2.157         1.7981         0.7031
 50  2.257         1.8352         0.7490
 51  2.357         1.8724         0.7860
 52  2.457         1.9079         0.8030
 53  2.557         1.9418         0.8182
 54  2.657         1.9747         0.8378
 55  2.757         2.0076         0.8701
 56  2.857         2.0510         1.0289
 57  2.957         2.2453         1.8024
 58  3.057         2.3237         1.5416
 59  3.157         2.3952         1.5764
 60  3.257         2.4634         1.6257
 61  3.357         2.5293         1.6781
 62  3.457         2.5926         1.7251
 63  3.557         2.6535         1.7699
 64  3.657         2.7115         1.8090
 65  3.758         2.7675         1.8503
 66  3.857         2.8224         1.8969
 67  3.957         2.8741         1.9238
 68  4.057         2.9223         1.9440
 69  4.157         2.9685         1.9726
 70  4.258         3.0121         1.9919
 71  4.357         3.0537         2.0146
 72  4.457         3.0934         2.0351
 73  4.557         3.1316         2.0569
 74  4.657         3.1686         2.0806
 75  4.758         3.2045         2.1031
 76  4.857         3.2390         2.1229
 77  4.957         3.2723         2.1394
 78  5.057         3.3042         2.1555
 79  5.157         3.3359         2.1824
 80  5.257         3.3663         2.1966
 81  5.357         3.3952         2.2036
 82  5.457         3.4230         2.2158
 83  5.557         3.4498         2.2267
 84  5.657         3.4756         2.2370
 85  5.757         3.5005         2.2468
 86  5.857         3.5246         2.2557
 87  5.957         3.5477         2.2623
 88  6.057         3.5700         2.2689
 89  6.157         3.5914         2.2744
 90  6.257         3.6122         2.2823
 91  6.357         3.6323         2.2867
 92  6.457         3.6516         2.2897
 93  6.557         3.6702         2.2943
 94  6.657         3.6885         2.3039
 95  6.757         3.7063         2.3087
 96  6.857         3.7233         2.3074
 97  6.957         3.7398         2.3133
 98  7.057         3.7561         2.3200
 99  7.157         3.7720         2.3279
100  7.257         3.7876         2.3367
101  7.357         3.8033         2.3521
102  7.457         3.8189         2.3677
103  7.557         3.8346         2.3836
104  7.657         3.8501         2.3948
105  7.757         3.8655         2.4079
106  7.857         3.8809         2.4241
107  7.957         3.8968         2.4526
108  8.057         3.9131         2.4801
109  8.157         3.9297         2.5021
110  8.258         3.9464         2.5234
111  8.357         3.9633         2.5462
112  8.457         3.9806         2.5715
113  8.558         3.9983         2.5994
114  8.657         4.0164         2.6273
115  8.758         4.0349         2.6552
116  8.857         4.0538         2.6825
117  8.957         4.0729         2.7072
118  9.057         4.0933         2.7548
119  9.157         4.1150         2.8039
120  9.258         4.1377         2.8445
121  9.357         4.1609         2.8758
122  9.457         4.1840         2.8988
123  9.557         4.2082         2.9430
124  9.657         4.2355         3.0201
125  9.758         4.2647         3.0774
126  9.857         4.2928         3.0894
127  9.957         4.3203         3.1093
128 10.057         4.3479         3.1370
129 10.157         4.3758         3.1699
130 10.258         4.4037         3.1964
131 10.357         4.4311         3.2181
132 10.457         4.4578         3.2340
133 10.557         4.4839         3.2491
134 10.657         4.5093         3.2629
135 10.758         4.5342         3.2806
136 10.857         4.5587         3.2980
137 10.957         4.5827         3.3136
138 11.057         4.6063         3.3286
139 11.157         4.6294         3.3451
140 11.258         4.6523         3.3620
141 11.357         4.6747         3.3762
142 11.457         4.6968         3.3927
143 11.557         4.7188         3.4126
144 11.657         4.7409         3.4360
145 11.758         4.7631         3.4617
146 11.857         4.7855         3.4858
147 11.957         4.8078         3.5075
148 12.057         4.8300         3.5268
149 12.158         4.8519         3.5435
150 12.258         4.8735         3.5609
151 12.357         4.8950         3.5791
152 12.457         4.9164         3.5970
153 12.557         4.9375         3.6144
154 12.658         4.9585         3.6310
155 12.758         4.9792         3.6490
156 12.857         5.0000         3.6690


#AGE= 8.000 BINS=154 Power-law IMF: x=-2.350
# N  sdss_r       Log10(N)       Log10(dN)
  1 -2.584        -0.5859        -0.5859
  2 -2.484        -0.3405        -0.7053
  3 -2.384        -0.2057        -0.7797
  4 -2.284        -0.0989        -0.7601
  5 -2.184        -0.0052        -0.7176
  6 -2.084         0.0728        -0.7111
  7 -1.984         0.1435        -0.6794
  8 -1.884         0.2074        -0.6565
  9 -1.784         0.2690        -0.6102
 10 -1.684         0.3238        -0.6019
 11 -1.584         0.3775        -0.5568
 12 -1.484         0.4283        -0.5286
 13 -1.384         0.4760        -0.5068
 14 -1.284         0.5223        -0.4736
 15 -1.184         0.5673        -0.4396
 16 -1.084         0.6111        -0.4067
 17 -0.984         0.6531        -0.3819
 18 -0.884         0.6942        -0.3506
 19 -0.784         0.7351        -0.3107
 20 -0.684         0.7732        -0.3034
 21 -0.584         0.8093        -0.2887
 22 -0.484         0.8467        -0.2363
 23 -0.384         0.8845        -0.1951
 24 -0.284         0.9217        -0.1637
 25 -0.184         0.9574        -0.1460
 26 -0.084         1.0023        -0.0052
 27  0.016         1.0983         0.3958
 28  0.116         1.1340         0.0306
 29  0.216         1.1671         0.0324
 30  0.316         1.1960         0.0059
 31  0.416         1.2709         0.4705
 32  0.516         1.3040         0.1698
 33  0.616         1.3337         0.1541
 34  0.716         1.3615         0.1532
 35  0.816         1.3882         0.1637
 36  0.916         1.4161         0.2104
 37  1.016         1.4448         0.2505
 38  1.116         1.4743         0.2917
 39  1.216         1.5040         0.3246
 40  1.316         1.5340         0.3577
 41  1.416         1.5642         0.3924
 42  1.516         1.5949         0.4278
 43  1.616         1.6259         0.4643
 44  1.716         1.6571         0.4987
 45  1.816         1.6887         0.5339
 46  1.916         1.7207         0.5722
 47  2.016         1.7537         0.6187
 48  2.116         1.7887         0.6776
 49  2.216         1.8258         0.7393
 50  2.316         1.8638         0.7865
 51  2.416         1.9021         0.8283
 52  2.516         1.9388         0.8477
 53  2.616         1.9740         0.8649
 54  2.716         2.0080         0.8849
 55  2.816         2.0419         0.9181
 56  2.916         2.0782         0.9816
 57  3.016         2.1379         1.2468
 58  3.116         2.3153         1.8409
 59  3.216         2.3932         1.6086
 60  3.316         2.4636         1.6382
 61  3.416         2.5309         1.6884
 62  3.516         2.5952         1.7335
 63  3.616         2.6563         1.7746
 64  3.716         2.7143         1.8109
 65  3.816         2.7696         1.8478
 66  3.916         2.8239         1.8937
 67  4.016         2.8765         1.9332
 68  4.116         2.9261         1.9599
 69  4.216         2.9732         1.9853
 70  4.316         3.0185         2.0142
 71  4.416         3.0616         2.0364
 72  4.516         3.1028         2.0596
 73  4.616         3.1426         2.0854
 74  4.716         3.1812         2.1103
 75  4.816         3.2183         2.1317
 76  4.916         3.2538         2.1493
 77  5.016         3.2878         2.1644
 78  5.116         3.3213         2.1922
 79  5.216         3.3537         2.2100
 80  5.316         3.3843         2.2172
 81  5.416         3.4137         2.2288
 82  5.516         3.4420         2.2429
 83  5.616         3.4694         2.2545
 84  5.716         3.4957         2.2656
 85  5.816         3.5210         2.2743
 86  5.916         3.5454         2.2823
 87  6.016         3.5689         2.2897
 88  6.116         3.5915         2.2969
 89  6.216         3.6133         2.3032
 90  6.316         3.6344         2.3098
 91  6.416         3.6546         2.3133
 92  6.516         3.6741         2.3156
 93  6.616         3.6932         2.3281
 94  6.716         3.7118         2.3332
 95  6.816         3.7296         2.3332
 96  6.916         3.7468         2.3371
 97  7.016         3.7637         2.3446
 98  7.116         3.7802         2.3522
 99  7.216         3.7964         2.3609
100  7.316         3.8125         2.3734
101  7.416         3.8286         2.3876
102  7.516         3.8445         2.4023
103  7.616         3.8605         2.4180
104  7.716         3.8763         2.4305
105  7.816         3.8922         2.4460
106  7.916         3.9084         2.4719
107  8.016         3.9250         2.4986
108  8.116         3.9418         2.5231
109  8.216         3.9589         2.5448
110  8.316         3.9762         2.5669
111  8.416         3.9937         2.5911
112  8.516         4.0116         2.6181
113  8.616         4.0300         2.6464
114  8.716         4.0487         2.6738
115  8.816         4.0678         2.7027
116  8.916         4.0874         2.7308
117  9.016         4.1074         2.7609
118  9.116         4.1289         2.8142
119  9.216         4.1520         2.8652
120  9.316         4.1759         2.9047
121  9.416         4.2000         2.9316
122  9.516         4.2235         2.9455
123  9.616         4.2487         3.0003
124  9.716         4.2780         3.0930
125  9.816         4.3071         3.1175
126  9.916         4.3356         3.1398
127 10.016         4.3638         3.1619
128 10.116         4.3921         3.1922
129 10.216         4.4204         3.2203
130 10.316         4.4483         3.2422
131 10.416         4.4756         3.2593
132 10.516         4.5020         3.2742
133 10.616         4.5278         3.2879
134 10.716         4.5530         3.3037
135 10.816         4.5777         3.3203
136 10.916         4.6019         3.3364
137 11.016         4.6257         3.3522
138 11.116         4.6490         3.3678
139 11.216         4.6718         3.3809
140 11.316         4.6942         3.3952
141 11.416         4.7164         3.4143
142 11.516         4.7387         3.4379
143 11.616         4.7610         3.4609
144 11.716         4.7833         3.4825
145 11.816         4.8056         3.5034
146 11.916         4.8277         3.5237
147 12.016         4.8497         3.5439
148 12.116         4.8717         3.5654
149 12.216         4.8936         3.5853
150 12.316         4.9153         3.6033
151 12.416         4.9367         3.6195
152 12.516         4.9579         3.6358
153 12.616         4.9790         3.6540
154 12.716         5.0000         3.6742


#AGE= 9.000 BINS=155 Power-law IMF: x=-2.350
# N  sdss_r       Log10(N)       Log10(dN)
  1 -2.507        -0.6702        -0.6702
  2 -2.407        -0.4228        -0.7851
  3 -2.307        -0.2749        -0.8145
  4 -2.207        -0.1622        -0.8034
  5 -2.107        -0.0609        -0.7427
  6 -2.007         0.0232        -0.7311
  7 -1.907         0.0977        -0.7044
  8 -1.807         0.1636        -0.6880
  9 -1.707         0.2265        -0.6437
 10 -1.607         0.2841        -0.6216
 11 -1.507         0.3383        -0.5921
 12 -1.407         0.3908        -0.5536
 13 -1.307         0.4395        -0.5349
 14 -1.207         0.4868        -0.4996
 15 -1.107         0.5334        -0.4583
 16 -1.007         0.5775        -0.4386
 17 -0.907         0.6202        -0.4078
 18 -0.807         0.6624        -0.3707
 19 -0.707         0.7035        -0.3413
 20 -0.607         0.7416        -0.3337
 21 -0.507         0.7786        -0.3095
 22 -0.407         0.8164        -0.2628
 23 -0.307         0.8547        -0.2190
 24 -0.207         0.8923        -0.1885
 25 -0.107         0.9291        -0.1609
 26 -0.007         0.9722        -0.0527
 27  0.093         1.0690         0.3695
 28  0.193         1.1041        -0.0054
 29  0.293         1.1362        -0.0110
 30  0.393         1.1747         0.1027
 31  0.493         1.2418         0.3976
 32  0.593         1.2742         0.1307
 33  0.693         1.3040         0.1265
 34  0.793         1.3314         0.1181
 35  0.893         1.3590         0.1469
 36  0.993         1.3873         0.1879
 37  1.093         1.4164         0.2286
 38  1.193         1.4459         0.2633
 39  1.293         1.4759         0.3000
 40  1.393         1.5060         0.3312
 41  1.493         1.5364         0.3673
 42  1.593         1.5670         0.3990
 43  1.693         1.5980         0.4360
 44  1.793         1.6292         0.4708
 45  1.893         1.6608         0.5066
 46  1.993         1.6928         0.5438
 47  2.093         1.7258         0.5903
 48  2.193         1.7607         0.6484
 49  2.293         1.7978         0.7114
 50  2.393         1.8360         0.7610
 51  2.493         1.8739         0.7965
 52  2.593         1.9102         0.8141
 53  2.693         1.9450         0.8317
 54  2.793         1.9786         0.8502
 55  2.893         2.0122         0.8839
 56  2.993         2.0474         0.9383
 57  3.093         2.0922         1.0839
 58  3.193         2.2378         1.6922
 59  3.293         2.3273         1.5978
 60  3.393         2.3999         1.5870
 61  3.493         2.4671         1.6232
 62  3.593         2.5316         1.6716
 63  3.693         2.5936         1.7177
 64  3.793         2.6529         1.7587
 65  3.893         2.7095         1.7965
 66  3.993         2.7648         1.8423
 67  4.093         2.8189         1.8878
 68  4.193         2.8702         1.9168
 69  4.293         2.9189         1.9451
 70  4.393         2.9657         1.9747
 71  4.493         3.0105         2.0016
 72  4.593         3.0537         2.0298
 73  4.693         3.0952         2.0548
 74  4.793         3.1349         2.0768
 75  4.893         3.1728         2.0946
 76  4.993         3.2090         2.1114
 77  5.093         3.2444         2.1383
 78  5.193         3.2785         2.1567
 79  5.293         3.3108         2.1660
 80  5.393         3.3416         2.1778
 81  5.493         3.3715         2.1937
 82  5.593         3.4003         2.2073
 83  5.693         3.4280         2.2186
 84  5.793         3.4546         2.2289
 85  5.893         3.4801         2.2372
 86  5.993         3.5047         2.2456
 87  6.093         3.5284         2.2531
 88  6.193         3.5512         2.2597
 89  6.293         3.5732         2.2670
 90  6.393         3.5943         2.2713
 91  6.493         3.6146         2.2732
 92  6.593         3.6345         2.2850
 93  6.693         3.6538         2.2915
 94  6.793         3.6723         2.2932
 95  6.893         3.6902         2.2960
 96  6.993         3.7077         2.3037
 97  7.093         3.7248         2.3120
 98  7.193         3.7416         2.3205
 99  7.293         3.7581         2.3313
100  7.393         3.7746         2.3450
101  7.493         3.7910         2.3594
102  7.593         3.8073         2.3740
103  7.693         3.8235         2.3887
104  7.793         3.8399         2.4066
105  7.893         3.8564         2.4301
106  7.993         3.8735         2.4581
107  8.093         3.8907         2.4807
108  8.193         3.9081         2.5030
109  8.293         3.9258         2.5255
110  8.393         3.9437         2.5496
111  8.493         3.9619         2.5758
112  8.593         3.9805         2.6038
113  8.693         3.9995         2.6315
114  8.793         4.0190         2.6596
115  8.893         4.0388         2.6888
116  8.993         4.0594         2.7260
117  9.093         4.0809         2.7649
118  9.193         4.1036         2.8102
119  9.293         4.1273         2.8532
120  9.393         4.1518         2.8903
121  9.493         4.1766         2.9198
122  9.593         4.2015         2.9491
123  9.693         4.2302         3.0352
124  9.793         4.2597         3.0769
125  9.893         4.2892         3.1070
126  9.993         4.3182         3.1284
127 10.093         4.3470         3.1545
128 10.193         4.3757         3.1819
129 10.293         4.4041         3.2043
130 10.393         4.4317         3.2214
131 10.493         4.4585         3.2363
132 10.593         4.4846         3.2497
133 10.693         4.5100         3.2648
134 10.793         4.5349         3.2804
135 10.893         4.5593         3.2965
136 10.993         4.5832         3.3121
137 11.093         4.6066         3.3261
138 11.193         4.6294         3.3396
139 11.293         4.6520         3.3570
140 11.393         4.6745         3.3762
141 11.493         4.6966         3.3931
142 11.593         4.7186         3.4125
143 11.693         4.7406         3.4347
144 11.793         4.7628         3.4598
145 11.893         4.7851         3.4851
146 11.993         4.8075         3.5076
147 12.093         4.8297         3.5271
148 12.193         4.8516         3.5436
149 12.293         4.8733         3.5609
150 12.393         4.8948         3.5791
151 12.493         4.9161         3.5972
152 12.593         4.9373         3.6150
153 12.693         4.9583         3.6321
154 12.793         4.9792         3.6504
155 12.893         5.0000         3.6704


#AGE=10.000 BINS=153 Power-law IMF: x=-2.350
# N  sdss_r       Log10(N)       Log10(dN)
  1 -2.495        -0.6137        -0.6137
  2 -2.395        -0.3805        -0.7620
  3 -2.295        -0.2367        -0.7865
  4 -2.195        -0.1288        -0.7863
  5 -2.095        -0.0364        -0.7539
  6 -1.995         0.0420        -0.7402
  7 -1.895         0.1165        -0.6857
  8 -1.795         0.1812        -0.6776
  9 -1.695         0.2424        -0.6387
 10 -1.595         0.2989        -0.6154
 11 -1.495         0.3533        -0.5756
 12 -1.395         0.4027        -0.5661
 13 -1.295         0.4514        -0.5222
 14 -1.195         0.4989        -0.4860
 15 -1.095         0.5438        -0.4638
 16 -0.995         0.5877        -0.4297
 17 -0.895         0.6303        -0.3989
 18 -0.795         0.6720        -0.3663
 19 -0.695         0.7130        -0.3323
 20 -0.595         0.7517        -0.3183
 21 -0.495         0.7888        -0.2981
 22 -0.395         0.8259        -0.2603
 23 -0.295         0.8636        -0.2164
 24 -0.195         0.9013        -0.1791
 25 -0.095         0.9380        -0.1535
 26  0.005         0.9707        -0.1692
 27  0.105         1.0746         0.4025
 28  0.205         1.1120         0.0287
 29  0.305         1.1452         0.0116
 30  0.405         1.1782         0.0432
 31  0.505         1.2459         0.4051
 32  0.605         1.2832         0.1989
 33  0.705         1.3139         0.1481
 34  0.805         1.3425         0.1461
 35  0.905         1.3701         0.1598
 36  1.005         1.3978         0.1893
 37  1.105         1.4267         0.2354
 38  1.205         1.4565         0.2784
 39  1.305         1.4866         0.3114
 40  1.405         1.5168         0.3437
 41  1.505         1.5474         0.3801
 42  1.605         1.5780         0.4119
 43  1.705         1.6092         0.4493
 44  1.805         1.6406         0.4838
 45  1.905         1.6722         0.5183
 46  2.005         1.7043         0.5583
 47  2.105         1.7370         0.5975
 48  2.205         1.7711         0.6481
 49  2.305         1.8073         0.7110
 50  2.405         1.8455         0.7701
 51  2.505         1.8842         0.8150
 52  2.605         1.9216         0.8390
 53  2.705         1.9573         0.8539
 54  2.805         1.9914         0.8697
 55  2.905         2.0245         0.8902
 56  3.005         2.0576         0.9229
 57  3.105         2.0934         0.9923
 58  3.205         2.1430         1.1762
 59  3.305         2.2743         1.6907
 60  3.405         2.3640         1.6349
 61  3.505         2.4380         1.6327
 62  3.605         2.5068         1.6726
 63  3.705         2.5721         1.7173
 64  3.805         2.6348         1.7634
 65  3.905         2.6948         1.8050
 66  4.005         2.7520         1.8435
 67  4.105         2.8082         1.8925
 68  4.205         2.8626         1.9340
 69  4.305         2.9144         1.9649
 70  4.405         2.9641         1.9984
 71  4.505         3.0120         2.0307
 72  4.605         3.0578         2.0578
 73  4.705         3.1014         2.0816
 74  4.805         3.1429         2.1029
 75  4.905         3.1823         2.1204
 76  5.005         3.2201         2.1414
 77  5.105         3.2570         2.1675
 78  5.205         3.2922         2.1837
 79  5.305         3.3256         2.1941
 80  5.405         3.3577         2.2116
 81  5.505         3.3887         2.2263
 82  5.605         3.4184         2.2391
 83  5.705         3.4470         2.2518
 84  5.805         3.4745         2.2620
 85  5.905         3.5009         2.2709
 86  6.005         3.5262         2.2795
 87  6.105         3.5506         2.2875
 88  6.205         3.5740         2.2945
 89  6.305         3.5967         2.3025
 90  6.405         3.6183         2.3052
 91  6.505         3.6391         2.3096
 92  6.605         3.6596         2.3227
 93  6.705         3.6793         2.3269
 94  6.805         3.6983         2.3279
 95  6.905         3.7166         2.3343
 96  7.005         3.7346         2.3424
 97  7.105         3.7522         2.3501
 98  7.205         3.7694         2.3586
 99  7.305         3.7863         2.3698
100  7.405         3.8031         2.3815
101  7.505         3.8198         2.3963
102  7.605         3.8365         2.4132
103  7.705         3.8532         2.4289
104  7.805         3.8700         2.4495
105  7.905         3.8871         2.4738
106  8.005         3.9046         2.5013
107  8.105         3.9223         2.5231
108  8.205         3.9401         2.5455
109  8.305         3.9582         2.5683
110  8.405         3.9765         2.5925
111  8.505         3.9952         2.6193
112  8.605         4.0143         2.6473
113  8.705         4.0337         2.6752
114  8.805         4.0535         2.7032
115  8.905         4.0738         2.7320
116  9.005         4.0950         2.7741
117  9.105         4.1172         2.8143
118  9.205         4.1402         2.8517
119  9.305         4.1640         2.8920
120  9.405         4.1887         2.9308
121  9.505         4.2141         2.9679
122  9.605         4.2400         3.0037
123  9.705         4.2692         3.0821
124  9.805         4.2988         3.1180
125  9.905         4.3291         3.1576
126 10.005         4.3587         3.1765
127 10.105         4.3880         3.2026
128 10.205         4.4170         3.2279
129 10.305         4.4456         3.2499
130 10.405         4.4733         3.2643
131 10.505         4.5002         3.2790
132 10.605         4.5264         3.2933
133 10.705         4.5519         3.3080
134 10.805         4.5768         3.3230
135 10.905         4.6012         3.3380
136 11.005         4.6250         3.3525
137 11.105         4.6483         3.3667
138 11.205         4.6713         3.3826
139 11.305         4.6937         3.3965
140 11.405         4.7159         3.4126
141 11.505         4.7380         3.4341
142 11.605         4.7603         3.4589
143 11.705         4.7826         3.4816
144 11.805         4.8048         3.5032
145 11.905         4.8270         3.5239
146 12.005         4.8491         3.5444
147 12.105         4.8711         3.5662
148 12.205         4.8931         3.5864
149 12.305         4.9149         3.6046
150 12.405         4.9364         3.6209
151 12.505         4.9577         3.6377
152 12.605         4.9789         3.6561
153 12.705         5.0000         3.6763


#AGE=11.000 BINS=154 Power-law IMF: x=-2.350
# N  sdss_r       Log10(N)       Log10(dN)
  1 -2.449        -0.6836        -0.6836
  2 -2.349        -0.4423        -0.8126
  3 -2.249        -0.2946        -0.8349
  4 -2.149        -0.1840        -0.8321
  5 -2.049        -0.0931        -0.8167
  6 -1.949        -0.0104        -0.7713
  7 -1.849         0.0634        -0.7432
  8 -1.749         0.1309        -0.7105
  9 -1.649         0.1906        -0.7012
 10 -1.549         0.2502        -0.6414
 11 -1.449         0.3031        -0.6380
 12 -1.349         0.3557        -0.5864
 13 -1.249         0.4042        -0.5721
 14 -1.149         0.4520        -0.5305
 15 -1.049         0.4973        -0.5067
 16 -0.949         0.5414        -0.4740
 17 -0.849         0.5849        -0.4351
 18 -0.749         0.6261        -0.4181
 19 -0.649         0.6673        -0.3759
 20 -0.549         0.7070        -0.3511
 21 -0.449         0.7439        -0.3450
 22 -0.349         0.7817        -0.2973
 23 -0.249         0.8195        -0.2603
 24 -0.149         0.8572        -0.2223
 25 -0.049         0.8933        -0.2049
 26  0.051         0.9332        -0.1242
 27  0.151         1.0282         0.3217
 28  0.251         1.0666        -0.0062
 29  0.351         1.1008        -0.0197
 30  0.451         1.1319        -0.0290
 31  0.551         1.1970         0.3408
 32  0.651         1.2382         0.1952
 33  0.751         1.2695         0.1118
 34  0.851         1.2993         0.1211
 35  0.951         1.3272         0.1203
 36  1.051         1.3546         0.1414
 37  1.151         1.3838         0.1969
 38  1.251         1.4140         0.2411
 39  1.351         1.4443         0.2729
 40  1.451         1.4747         0.3049
 41  1.551         1.5056         0.3421
 42  1.651         1.5366         0.3746
 43  1.751         1.5679         0.4100
 44  1.851         1.5996         0.4468
 45  1.951         1.6314         0.4811
 46  2.051         1.6638         0.5197
 47  2.151         1.6968         0.5613
 48  2.251         1.7307         0.6068
 49  2.351         1.7670         0.6704
 50  2.451         1.8052         0.7306
 51  2.551         1.8444         0.7806
 52  2.651         1.8822         0.8030
 53  2.751         1.9180         0.8166
 54  2.851         1.9524         0.8344
 55  2.951         1.9858         0.8551
 56  3.051         2.0189         0.8836
 57  3.151         2.0537         0.9408
 58  3.251         2.0958         1.0614
 59  3.351         2.1834         1.4453
 60  3.451         2.2937         1.6443
 61  3.551         2.3729         1.5949
 62  3.651         2.4445         1.6264
 63  3.752         2.5122         1.6713
 64  3.851         2.5766         1.7161
 65  3.951         2.6382         1.7598
 66  4.051         2.6969         1.7984
 67  4.151         2.7540         1.8445
 68  4.252         2.8101         1.8940
 69  4.351         2.8641         1.9319
 70  4.451         2.9158         1.9656
 71  4.551         2.9649         1.9943
 72  4.651         3.0118         2.0220
 73  4.752         3.0563         2.0443
 74  4.851         3.0982         2.0626
 75  4.951         3.1384         2.0843
 76  5.051         3.1775         2.1125
 77  5.151         3.2149         2.1318
 78  5.251         3.2504         2.1448
 79  5.351         3.2845         2.1625
 80  5.451         3.3174         2.1809
 81  5.551         3.3489         2.1936
 82  5.651         3.3791         2.2057
 83  5.751         3.4080         2.2173
 84  5.851         3.4358         2.2287
 85  5.951         3.4626         2.2388
 86  6.051         3.4883         2.2472
 87  6.151         3.5129         2.2546
 88  6.251         3.5366         2.2625
 89  6.351         3.5595         2.2688
 90  6.451         3.5813         2.2719
 91  6.551         3.6025         2.2810
 92  6.651         3.6232         2.2913
 93  6.751         3.6431         2.2925
 94  6.851         3.6622         2.2967
 95  6.951         3.6809         2.3053
 96  7.051         3.6991         2.3136
 97  7.151         3.7170         2.3217
 98  7.251         3.7344         2.3302
 99  7.351         3.7516         2.3406
100  7.451         3.7687         2.3537
101  7.551         3.7857         2.3699
102  7.651         3.8027         2.3888
103  7.751         3.8199         2.4070
104  7.851         3.8373         2.4314
105  7.951         3.8550         2.4575
106  8.051         3.8730         2.4812
107  8.151         3.8911         2.5029
108  8.252         3.9095         2.5258
109  8.351         3.9280         2.5496
110  8.451         3.9469         2.5752
111  8.552         3.9661         2.6024
112  8.651         3.9857         2.6294
113  8.752         4.0056         2.6586
114  8.851         4.0260         2.6866
115  8.951         4.0470         2.7202
116  9.051         4.0690         2.7643
117  9.151         4.0920         2.8030
118  9.252         4.1157         2.8409
119  9.351         4.1402         2.8808
120  9.451         4.1656         2.9187
121  9.551         4.1913         2.9519
122  9.651         4.2191         3.0111
123  9.752         4.2489         3.0699
124  9.851         4.2791         3.1067
125  9.951         4.3098         3.1441
126 10.051         4.3397         3.1628
127 10.151         4.3693         3.1886
128 10.252         4.3985         3.2116
129 10.351         4.4269         3.2279
130 10.451         4.4545         3.2436
131 10.551         4.4813         3.2583
132 10.651         4.5073         3.2709
133 10.752         4.5326         3.2855
134 10.851         4.5573         3.3011
135 10.951         4.5815         3.3150
136 11.051         4.6051         3.3289
137 11.151         4.6283         3.3430
138 11.252         4.6509         3.3566
139 11.351         4.6733         3.3750
140 11.451         4.6955         3.3935
141 11.551         4.7176         3.4116
142 11.651         4.7396         3.4332
143 11.752         4.7617         3.4583
144 11.851         4.7840         3.4841
145 11.951         4.8064         3.5072
146 12.051         4.8287         3.5270
147 12.152         4.8506         3.5440
148 12.252         4.8724         3.5624
149 12.351         4.8941         3.5812
150 12.451         4.9156         3.5995
151 12.551         4.9369         3.6172
152 12.652         4.9580         3.6345
153 12.752         4.9790         3.6531
154 12.851         5.0000         3.6730


#AGE=12.000 BINS=155 Power-law IMF: x=-2.350
# N  sdss_r       Log10(N)       Log10(dN)
  1 -2.411        -0.7525        -0.7525
  2 -2.311        -0.4957        -0.8459
  3 -2.211        -0.3445        -0.8761
  4 -2.111        -0.2344        -0.8843
  5 -2.011        -0.1361        -0.8297
  6 -1.911        -0.0529        -0.8112
  7 -1.811         0.0200        -0.7911
  8 -1.711         0.0903        -0.7353
  9 -1.611         0.1512        -0.7321
 10 -1.511         0.2081        -0.7024
 11 -1.411         0.2628        -0.6641
 12 -1.311         0.3126        -0.6526
 13 -1.211         0.3631        -0.5963
 14 -1.111         0.4101        -0.5793
 15 -1.011         0.4551        -0.5520
 16 -0.911         0.4998        -0.5095
 17 -0.811         0.5426        -0.4851
 18 -0.711         0.5853        -0.4434
 19 -0.611         0.6271        -0.4105
 20 -0.511         0.6658        -0.4027
 21 -0.411         0.7031        -0.3819
 22 -0.311         0.7410        -0.3367
 23 -0.211         0.7795        -0.2925
 24 -0.111         0.8173        -0.2616
 25 -0.011         0.8545        -0.2312
 26  0.089         0.8887        -0.2324
 27  0.189         0.9862         0.2898
 28  0.289         1.0256        -0.0360
 29  0.389         1.0603        -0.0550
 30  0.489         1.0911        -0.0730
 31  0.589         1.1511         0.2619
 32  0.689         1.1975         0.2029
 33  0.789         1.2298         0.0851
 34  0.889         1.2602         0.0905
 35  0.989         1.2884         0.0861
 36  1.089         1.3157         0.1005
 37  1.189         1.3451         0.1617
 38  1.289         1.3756         0.2067
 39  1.389         1.4061         0.2374
 40  1.489         1.4369         0.2719
 41  1.589         1.4681         0.3090
 42  1.689         1.4991         0.3377
 43  1.789         1.5308         0.3778
 44  1.889         1.5625         0.4108
 45  1.989         1.5946         0.4468
 46  2.089         1.6270         0.4847
 47  2.189         1.6602         0.5266
 48  2.289         1.6941         0.5691
 49  2.389         1.7301         0.6306
 50  2.489         1.7684         0.6953
 51  2.589         1.8079         0.7477
 52  2.689         1.8462         0.7724
 53  2.789         1.8824         0.7854
 54  2.889         1.9171         0.8020
 55  2.989         1.9505         0.8195
 56  3.089         1.9832         0.8446
 57  3.189         2.0169         0.8902
 58  3.289         2.0549         0.9776
 59  3.389         2.1109         1.1932
 60  3.489         2.2199         1.5662
 61  3.589         2.3078         1.5708
 62  3.689         2.3823         1.5798
 63  3.789         2.4521         1.6240
 64  3.889         2.5187         1.6717
 65  3.989         2.5825         1.7179
 66  4.089         2.6436         1.7614
 67  4.189         2.7021         1.8027
 68  4.289         2.7599         1.8559
 69  4.389         2.8155         1.8950
 70  4.489         2.8682         1.9263
 71  4.589         2.9183         1.9557
 72  4.689         2.9657         1.9802
 73  4.789         3.0107         2.0036
 74  4.889         3.0536         2.0263
 75  4.989         3.0950         2.0544
 76  5.089         3.1349         2.0785
 77  5.189         3.1729         2.0958
 78  5.289         3.2092         2.1134
 79  5.389         3.2441         2.1323
 80  5.489         3.2776         2.1475
 81  5.589         3.3097         2.1623
 82  5.689         3.3403         2.1734
 83  5.789         3.3697         2.1853
 84  5.889         3.3979         2.1966
 85  5.989         3.4251         2.2077
 86  6.089         3.4511         2.2155
 87  6.189         3.4760         2.2232
 88  6.289         3.5001         2.2320
 89  6.389         3.5232         2.2370
 90  6.489         3.5453         2.2408
 91  6.589         3.5669         2.2541
 92  6.689         3.5879         2.2598
 93  6.789         3.6078         2.2610
 94  6.889         3.6273         2.2682
 95  6.989         3.6463         2.2785
 96  7.089         3.6648         2.2854
 97  7.189         3.6829         2.2939
 98  7.289         3.7006         2.3025
 99  7.389         3.7180         2.3121
100  7.489         3.7354         2.3280
101  7.589         3.7527         2.3460
102  7.689         3.7702         2.3653
103  7.789         3.7878         2.3879
104  7.889         3.8058         2.4133
105  7.989         3.8240         2.4380
106  8.089         3.8424         2.4604
107  8.189         3.8610         2.4830
108  8.289         3.8798         2.5065
109  8.389         3.8988         2.5311
110  8.489         3.9182         2.5575
111  8.589         3.9379         2.5846
112  8.689         3.9579         2.6121
113  8.789         3.9784         2.6415
114  8.889         3.9992         2.6701
115  8.989         4.0210         2.7094
116  9.089         4.0438         2.7526
117  9.189         4.0673         2.7895
118  9.289         4.0916         2.8273
119  9.389         4.1167         2.8664
120  9.489         4.1426         2.9053
121  9.589         4.1693         2.9439
122  9.689         4.1981         3.0054
123  9.789         4.2279         3.0503
124  9.889         4.2592         3.1011
125  9.989         4.2901         3.1271
126 10.089         4.3203         3.1475
127 10.189         4.3502         3.1730
128 10.289         4.3793         3.1915
129 10.389         4.4077         3.2086
130 10.489         4.4353         3.2240
131 10.589         4.4619         3.2357
132 10.689         4.4877         3.2493
133 10.789         4.5129         3.2644
134 10.889         4.5375         3.2790
135 10.989         4.5616         3.2931
136 11.089         4.5851         3.3056
137 11.189         4.6080         3.3196
138 11.289         4.6306         3.3351
139 11.389         4.6528         3.3499
140 11.489         4.6749         3.3707
141 11.589         4.6971         3.3946
142 11.689         4.7193         3.4167
143 11.789         4.7414         3.4384
144 11.889         4.7636         3.4599
145 11.989         4.7858         3.4831
146 12.089         4.8079         3.5052
147 12.189         4.8300         3.5247
148 12.289         4.8518         3.5416
149 12.389         4.8734         3.5591
150 12.489         4.8948         3.5773
151 12.589         4.9161         3.5958
152 12.689         4.9373         3.6143
153 12.789         4.9583         3.6323
154 12.889         4.9792         3.6511
155 12.989         5.0000         3.6709


#AGE=13.000 BINS=152 Power-law IMF: x=-2.350
# N  sdss_r       Log10(N)       Log10(dN)
  1 -2.344        -0.7263        -0.7263
  2 -2.244        -0.4766        -0.8359
  3 -2.144        -0.3184        -0.8338
  4 -2.044        -0.2061        -0.8483
  5 -1.944        -0.1013        -0.7701
  6 -1.844        -0.0191        -0.7822
  7 -1.744         0.0616        -0.7094
  8 -1.644         0.1267        -0.7295
  9 -1.544         0.1903        -0.6755
 10 -1.444         0.2516        -0.6286
 11 -1.344         0.3052        -0.6306
 12 -1.244         0.3582        -0.5811
 13 -1.144         0.4090        -0.5478
 14 -1.044         0.4557        -0.5363
 15 -0.944         0.5019        -0.4941
 16 -0.844         0.5462        -0.4676
 17 -0.744         0.5912        -0.4151
 18 -0.644         0.6336        -0.3984
 19 -0.544         0.6751        -0.3651
 20 -0.444         0.7145        -0.3467
 21 -0.344         0.7515        -0.3364
 22 -0.244         0.7906        -0.2751
 23 -0.144         0.8291        -0.2420
 24 -0.044         0.8670        -0.2108
 25  0.056         0.9038        -0.1863
 26  0.156         0.9629         0.0673
 27  0.256         1.0381         0.2393
 28  0.356         1.0750        -0.0133
 29  0.456         1.1085        -0.0209
 30  0.556         1.1437         0.0341
 31  0.656         1.2078         0.3455
 32  0.756         1.2468         0.1810
 33  0.856         1.2787         0.1286
 34  0.956         1.3093         0.1415
 35  1.056         1.3374         0.1342
 36  1.156         1.3654         0.1610
 37  1.256         1.3954         0.2204
 38  1.356         1.4261         0.2607
 39  1.456         1.4573         0.2982
 40  1.556         1.4883         0.3256
 41  1.656         1.5197         0.3629
 42  1.756         1.5512         0.3966
 43  1.856         1.5831         0.4330
 44  1.956         1.6152         0.4679
 45  2.056         1.6476         0.5043
 46  2.156         1.6805         0.5442
 47  2.256         1.7139         0.5834
 48  2.356         1.7483         0.6291
 49  2.456         1.7850         0.6934
 50  2.556         1.8238         0.7562
 51  2.656         1.8637         0.8068
 52  2.756         1.9019         0.8274
 53  2.856         1.9381         0.8409
 54  2.956         1.9727         0.8567
 55  3.056         2.0059         0.8736
 56  3.156         2.0387         0.9001
 57  3.256         2.0724         0.9458
 58  3.356         2.1103         1.0317
 59  3.456         2.1640         1.2297
 60  3.556         2.2640         1.5773
 61  3.656         2.3500         1.6041
 62  3.756         2.4264         1.6344
 63  3.856         2.4971         1.6740
 64  3.956         2.5649         1.7244
 65  4.056         2.6297         1.7720
 66  4.156         2.6917         1.8152
 67  4.256         2.7505         1.8535
 68  4.356         2.8084         1.9042
 69  4.456         2.8635         1.9395
 70  4.556         2.9158         1.9710
 71  4.656         2.9655         1.9990
 72  4.756         3.0124         2.0230
 73  4.856         3.0576         2.0522
 74  4.956         3.1012         2.0810
 75  5.056         3.1430         2.1065
 76  5.156         3.1830         2.1273
 77  5.256         3.2212         2.1464
 78  5.356         3.2579         2.1662
 79  5.456         3.2929         2.1816
 80  5.556         3.3264         2.1970
 81  5.656         3.3584         2.2101
 82  5.756         3.3891         2.2239
 83  5.856         3.4186         2.2353
 84  5.956         3.4468         2.2456
 85  6.056         3.4740         2.2566
 86  6.156         3.4999         2.2636
 87  6.256         3.5249         2.2729
 88  6.356         3.5490         2.2800
 89  6.456         3.5719         2.2824
 90  6.556         3.5942         2.2944
 91  6.656         3.6159         2.3033
 92  6.756         3.6366         2.3053
 93  6.856         3.6567         2.3116
 94  6.956         3.6763         2.3212
 95  7.056         3.6954         2.3286
 96  7.156         3.7140         2.3374
 97  7.256         3.7322         2.3444
 98  7.356         3.7500         2.3546
 99  7.456         3.7676         2.3672
100  7.556         3.7853         2.3865
101  7.656         3.8031         2.4068
102  7.756         3.8211         2.4291
103  7.856         3.8394         2.4544
104  7.956         3.8579         2.4785
105  8.056         3.8766         2.5009
106  8.156         3.8955         2.5240
107  8.256         3.9145         2.5475
108  8.356         3.9338         2.5724
109  8.456         3.9535         2.5986
110  8.556         3.9734         2.6251
111  8.656         3.9936         2.6522
112  8.756         4.0143         2.6814
113  8.856         4.0354         2.7106
114  8.956         4.0570         2.7446
115  9.056         4.0799         2.7890
116  9.156         4.1035         2.8278
117  9.256         4.1279         2.8657
118  9.356         4.1532         2.9051
119  9.456         4.1791         2.9419
120  9.556         4.2054         2.9749
121  9.656         4.2337         3.0339
122  9.756         4.2633         3.0822
123  9.856         4.2946         3.1360
124  9.956         4.3264         3.1754
125 10.056         4.3572         3.1934
126 10.156         4.3876         3.2164
127 10.256         4.4173         3.2387
128 10.356         4.4462         3.2539
129 10.456         4.4741         3.2686
130 10.556         4.5012         3.2828
131 10.656         4.5275         3.2966
132 10.756         4.5531         3.3102
133 10.856         4.5780         3.3244
134 10.956         4.6023         3.3378
135 11.056         4.6260         3.3509
136 11.156         4.6491         3.3643
137 11.256         4.6717         3.3772
138 11.356         4.6941         3.3951
139 11.456         4.7162         3.4123
140 11.556         4.7382         3.4314
141 11.656         4.7603         3.4554
142 11.756         4.7826         3.4815
143 11.856         4.8049         3.5052
144 11.956         4.8272         3.5260
145 12.056         4.8493         3.5446
146 12.156         4.8713         3.5650
147 12.256         4.8932         3.5847
148 12.356         4.9149         3.6031
149 12.456         4.9364         3.6204
150 12.556         4.9577         3.6379
151 12.656         4.9789         3.6566
152 12.756         5.0000         3.6766
