#NUMBER OF AGES=15
#----------------------------------------------------       
#MIX-LEN  Y      Z          Zeff        [Fe/H] [a/Fe]       
# 1.9380  0.2451 7.8271E-05 7.8271E-05  -2.40   0.00        
#----------------------------------------------------       
#**PHOTOMETRIC SYSTEM**: SDSS (AB)                          
#----------------------------------------------------       
#AGE= 0.010 BINS=114 Power-law IMF: x=-2.350
# N  sdss_r       Log10(N)       Log10(dN)
  1 -0.709         0.8447         0.8447
  2 -0.609         1.3073         1.1237
  3 -0.509         1.5392         1.1561
  4 -0.409         1.6941         1.1711
  5 -0.309         1.8127         1.1910
  6 -0.209         1.9085         1.2049
  7 -0.109         1.9887         1.2157
  8 -0.009         2.0579         1.2264
  9  0.091         2.1190         1.2370
 10  0.191         2.1751         1.2585
 11  0.291         2.2268         1.2769
 12  0.391         2.2753         1.2992
 13  0.491         2.3213         1.3231
 14  0.591         2.3655         1.3519
 15  0.691         2.4091         1.3888
 16  0.791         2.4501         1.4043
 17  0.891         2.4908         1.4434
 18  0.991         2.5340         1.5103
 19  1.091         2.5796         1.5779
 20  1.191         2.7137         2.1382
 21  1.291         2.7756         1.8983
 22  1.391         2.8681         2.1510
 23  1.491         2.9540         2.2083
 24  1.591         2.9972         1.9738
 25  1.691         3.0409         2.0210
 26  1.791         3.1137         2.3026
 27  1.891         3.1515         2.0722
 28  1.991         3.2931         2.7375
 29  2.091         3.4427         2.9072
 30  2.191         3.4647         2.1593
 31  2.291         3.4858         2.1614
 32  2.391         3.5074         2.1929
 33  2.491         3.5283         2.2005
 34  2.591         3.5482         2.1986
 35  2.691         3.5673         2.2016
 36  2.791         3.5860         2.2095
 37  2.891         3.6041         2.2150
 38  2.991         3.6220         2.2285
 39  3.091         3.6400         2.2501
 40  3.191         3.6581         2.2670
 41  3.291         3.6750         2.2575
 42  3.391         3.6878         2.1512
 43  3.491         3.7005         2.1606
 44  3.591         3.7131         2.1706
 45  3.691         3.7257         2.1812
 46  3.791         3.7383         2.1922
 47  3.891         3.7508         2.2038
 48  3.991         3.7633         2.2160
 49  4.091         3.7758         2.2289
 50  4.191         3.7883         2.2423
 51  4.291         3.8009         2.2564
 52  4.391         3.8135         2.2711
 53  4.491         3.8262         2.2865
 54  4.591         3.8390         2.3026
 55  4.691         3.8520         2.3194
 56  4.791         3.8650         2.3369
 57  4.891         3.8783         2.3552
 58  4.991         3.8917         2.3742
 59  5.091         3.9053         2.3943
 60  5.191         3.9190         2.4130
 61  5.291         3.9328         2.4283
 62  5.391         3.9466         2.4400
 63  5.491         3.9603         2.4521
 64  5.591         3.9740         2.4678
 65  5.691         3.9875         2.4713
 66  5.791         4.0002         2.4623
 67  5.891         4.0124         2.4532
 68  5.991         4.0242         2.4545
 69  6.091         4.0361         2.4666
 70  6.191         4.0481         2.4817
 71  6.291         4.0599         2.4908
 72  6.391         4.0719         2.5059
 73  6.491         4.1002         2.8997
 74  6.591         4.1256         2.8809
 75  6.691         4.1457         2.8018
 76  6.791         4.1623         2.7344
 77  6.891         4.1076         2.7344
 78  6.991         4.1198         2.5641
 79  7.091         4.1321         2.5752
 80  7.191         4.1428         2.5327
 81  7.291         4.1554         2.6095
 82  7.391         4.1720         2.7466
 83  7.491         4.1887         2.7657
 84  7.591         4.2238         3.1131
 85  7.691         4.2816         3.3774
 86  7.791         4.3365         3.4115
 87  7.891         4.3871         3.4284
 88  7.991         4.4320         3.4241
 89  8.091         4.4706         3.3996
 90  8.191         4.5042         3.3771
 91  8.291         4.5348         3.3667
 92  8.391         4.5616         3.3387
 93  8.491         4.5841         3.2873
 94  8.591         4.6075         3.3276
 95  8.691         4.6310         3.3519
 96  8.791         4.6535         3.3579
 97  8.891         4.6758         3.3753
 98  8.991         4.6980         3.3950
 99  9.091         4.7200         3.4146
100  9.191         4.7418         3.4306
101  9.291         4.7632         3.4450
102  9.391         4.7842         3.4577
103  9.491         4.8047         3.4689
104  9.591         4.8247         3.4785
105  9.691         4.8442         3.4865
106  9.791         4.8631         3.4927
107  9.891         4.8814         3.4974
108  9.991         4.8992         3.5027
109 10.091         4.9166         3.5102
110 10.191         4.9337         3.5199
111 10.291         4.9506         3.5319
112 10.391         4.9672         3.5425
113 10.491         4.9836         3.5525
114 10.591         5.0000         3.5683


#AGE= 0.100 BINS=114 Power-law IMF: x=-2.350
# N  sdss_r       Log10(N)       Log10(dN)
  1 -0.597            NaN         3.5683
  2 -0.497            NaN         3.5683
  3 -0.397            NaN        -2.0049
  4 -0.297         0.7119         1.0406
  5 -0.197         1.3067         1.1794
  6 -0.097         1.5533         1.1899
  7  0.003         1.7132         1.2017
  8  0.103         1.8325         1.2133
  9  0.203         1.9303         1.2349
 10  0.303         2.0137         1.2561
 11  0.403         2.0871         1.2786
 12  0.503         2.1532         1.3033
 13  0.603         2.2139         1.3287
 14  0.703         2.2725         1.3741
 15  0.803         2.3279         1.4061
 16  0.903         2.3848         1.4737
 17  1.003         2.4574         1.6451
 18  1.103         2.5181         1.6330
 19  1.203         2.6325         1.9975
 20  1.303         2.7087         1.9149
 21  1.403         2.7802         1.9618
 22  1.503         2.8836         2.2094
 23  1.603         2.9485         2.0910
 24  1.703         2.9917         1.9686
 25  1.803         3.0413         2.0739
 26  1.903         3.1093         2.2709
 27  2.003         3.1510         2.1118
 28  2.103         3.2827         2.7004
 29  2.203         3.4280         2.8818
 30  2.303         3.4529         2.1999
 31  2.403         3.4742         2.1526
 32  2.503         3.4963         2.1925
 33  2.603         3.5180         2.2056
 34  2.703         3.5386         2.2051
 35  2.803         3.5583         2.2061
 36  2.903         3.5775         2.2134
 37  3.003         3.5962         2.2192
 38  3.103         3.6145         2.2311
 39  3.203         3.6330         2.2533
 40  3.303         3.6516         2.2736
 41  3.403         3.6688         2.2574
 42  3.503         3.6820         2.1579
 43  3.603         3.6950         2.1671
 44  3.703         3.7080         2.1767
 45  3.803         3.7209         2.1869
 46  3.903         3.7337         2.1977
 47  4.003         3.7465         2.2090
 48  4.103         3.7593         2.2209
 49  4.203         3.7720         2.2334
 50  4.303         3.7848         2.2466
 51  4.403         3.7976         2.2604
 52  4.503         3.8104         2.2748
 53  4.603         3.8233         2.2900
 54  4.703         3.8363         2.3059
 55  4.803         3.8494         2.3225
 56  4.903         3.8627         2.3398
 57  5.003         3.8760         2.3579
 58  5.103         3.8896         2.3767
 59  5.203         3.9033         2.3967
 60  5.303         3.9172         2.4154
 61  5.403         3.9311         2.4305
 62  5.503         3.9450         2.4418
 63  5.603         3.9588         2.4545
 64  5.703         3.9726         2.4689
 65  5.803         3.9861         2.4704
 66  5.903         3.9989         2.4604
 67  6.003         4.0111         2.4538
 68  6.103         4.0230         2.4582
 69  6.203         4.0351         2.4734
 70  6.303         4.0472         2.4846
 71  6.403         4.0592         2.4961
 72  6.503         4.0714         2.5146
 73  6.603         4.1026         2.9426
 74  6.703         4.1371         3.0202
 75  6.803         4.1613         2.8959
 76  6.903         4.0934         2.8959
 77  7.003         4.1072         2.6030
 78  7.103         4.1199         2.5775
 79  7.203         4.1322         2.5802
 80  7.303         4.1425         2.5125
 81  7.403         4.1599         2.7524
 82  7.503         4.1772         2.7689
 83  7.603         4.1945         2.7863
 84  7.703         4.2119         2.8054
 85  7.803         4.2573         3.2549
 86  7.903         4.3157         3.4148
 87  8.003         4.3699         3.4400
 88  8.103         4.4184         3.4421
 89  8.203         4.4596         3.4164
 90  8.303         4.4948         3.3863
 91  8.403         4.5262         3.3686
 92  8.503         4.5525         3.3224
 93  8.603         4.5772         3.3188
 94  8.703         4.6026         3.3576
 95  8.803         4.6264         3.3540
 96  8.903         4.6497         3.3677
 97  9.003         4.6726         3.3833
 98  9.103         4.6952         3.4006
 99  9.203         4.7177         3.4194
100  9.303         4.7398         3.4364
101  9.403         4.7616         3.4513
102  9.503         4.7830         3.4643
103  9.603         4.8039         3.4755
104  9.703         4.8242         3.4848
105  9.803         4.8440         3.4923
106  9.903         4.8631         3.4978
107 10.003         4.8816         3.5017
108 10.103         4.8995         3.5062
109 10.203         4.9170         3.5127
110 10.303         4.9341         3.5211
111 10.403         4.9510         3.5316
112 10.503         4.9675         3.5402
113 10.603         4.9838         3.5487
114 10.703         5.0000         3.5644


#AGE= 1.000 BINS=130 Power-law IMF: x=-2.350
# N  sdss_r       Log10(N)       Log10(dN)
  1 -1.075         0.1700         0.1700
  2 -0.975         0.6057         0.4074
  3 -0.875         0.7498         0.2005
  4 -0.775         0.8646         0.2306
  5 -0.675         0.9580         0.2448
  6 -0.575         1.0366         0.2556
  7 -0.475         1.1060         0.2751
  8 -0.375         1.1676         0.2894
  9 -0.275         1.2232         0.3032
 10 -0.175         1.2735         0.3124
 11 -0.075         1.3196         0.3223
 12  0.025         1.3633         0.3442
 13  0.125         1.4028         0.3417
 14  0.225         1.4888         0.7434
 15  0.325         1.6187         1.0311
 16  0.425         1.6386         0.2908
 17  0.525         1.6565         0.2626
 18  0.625         1.6748         0.2911
 19  0.725         1.6943         0.3369
 20  0.825         1.7160         0.4024
 21  0.925         1.7407         0.4845
 22  1.025         1.7706         0.5926
 23  1.125         1.8068         0.7102
 24  1.225         1.8510         0.8364
 25  1.325         1.9046         0.9700
 26  1.425         1.9673         1.0960
 27  1.525         2.0325         1.1766
 28  1.625         2.1000         1.2580
 29  1.725         2.1826         1.4214
 30  1.825         2.2902         1.6316
 31  1.925         2.3966         1.7337
 32  2.025         2.4995         1.8236
 33  2.125         2.5941         1.8859
 34  2.225         2.6691         1.8690
 35  2.325         2.7428         1.9363
 36  2.425         2.8127         1.9849
 37  2.525         2.8787         2.0278
 38  2.625         2.9392         2.0536
 39  2.725         2.9993         2.1103
 40  2.825         3.0559         2.1432
 41  2.925         3.1066         2.1488
 42  3.025         3.1531         2.1594
 43  3.125         3.1957         2.1662
 44  3.225         3.2353         2.1761
 45  3.325         3.2720         2.1803
 46  3.425         3.3042         2.1577
 47  3.525         3.3321         2.1267
 48  3.625         3.3584         2.1275
 49  3.725         3.3838         2.1373
 50  3.825         3.4075         2.1327
 51  3.925         3.4302         2.1386
 52  4.025         3.4533         2.1660
 53  4.125         3.4754         2.1716
 54  4.225         3.4967         2.1761
 55  4.325         3.5175         2.1879
 56  4.425         3.5381         2.2041
 57  4.525         3.5583         2.2168
 58  4.625         3.5783         2.2299
 59  4.725         3.5979         2.2426
 60  4.825         3.6172         2.2559
 61  4.925         3.6362         2.2690
 62  5.025         3.6550         2.2815
 63  5.125         3.6735         2.2935
 64  5.225         3.6917         2.3050
 65  5.325         3.7096         2.3159
 66  5.425         3.7272         2.3262
 67  5.525         3.7445         2.3359
 68  5.625         3.7615         2.3450
 69  5.725         3.7781         2.3535
 70  5.825         3.7945         2.3629
 71  5.925         3.8107         2.3731
 72  6.025         3.8266         2.3827
 73  6.125         3.8423         2.3920
 74  6.225         3.8577         2.4007
 75  6.325         3.8729         2.4091
 76  6.425         3.8879         2.4175
 77  6.525         3.9026         2.4264
 78  6.625         3.9172         2.4357
 79  6.725         3.9316         2.4444
 80  6.825         3.9457         2.4512
 81  6.925         3.9597         2.4601
 82  7.025         3.9736         2.4740
 83  7.125         3.9877         2.4900
 84  7.225         4.0019         2.5096
 85  7.325         4.0160         2.5224
 86  7.425         4.0302         2.5368
 87  7.525         4.0445         2.5555
 88  7.625         4.0592         2.5800
 89  7.725         4.0742         2.6063
 90  7.825         4.0897         2.6326
 91  7.925         4.1057         2.6660
 92  8.025         4.1227         2.7057
 93  8.125         4.1406         2.7471
 94  8.225         4.1596         2.7921
 95  8.325         4.1802         2.8444
 96  8.425         4.2018         2.8884
 97  8.525         4.2240         2.9208
 98  8.625         4.2468         2.9565
 99  8.725         4.2698         2.9821
100  8.825         4.2941         3.0292
101  8.925         4.3191         3.0681
102  9.025         4.3472         3.1442
103  9.125         4.3770         3.1980
104  9.225         4.4063         3.2206
105  9.325         4.4348         3.2379
106  9.425         4.4632         3.2643
107  9.525         4.4913         3.2888
108  9.625         4.5192         3.3135
109  9.725         4.5470         3.3395
110  9.825         4.5748         3.3660
111  9.925         4.6023         3.3903
112 10.025         4.6294         3.4124
113 10.125         4.6562         3.4320
114 10.225         4.6825         3.4524
115 10.325         4.7090         3.4809
116 10.425         4.7352         3.5026
117 10.525         4.7607         3.5162
118 10.625         4.7850         3.5215
119 10.725         4.8079         3.5181
120 10.825         4.8295         3.5166
121 10.925         4.8503         3.5197
122 11.025         4.8701         3.5195
123 11.125         4.8889         3.5160
124 11.225         4.9067         3.5090
125 11.325         4.9234         3.5009
126 11.425         4.9395         3.4994
127 11.525         4.9551         3.5051
128 11.625         4.9704         3.5070
129 11.725         4.9852         3.5109
130 11.825         5.0000         3.5258


#AGE= 2.000 BINS=145 Power-law IMF: x=-2.350
# N  sdss_r       Log10(N)       Log10(dN)
  1 -2.225        -0.3463        -0.3463
  2 -2.125        -0.0283        -0.3131
  3 -2.025         0.1550        -0.3081
  4 -1.925         0.3787        -0.0164
  5 -1.825         0.6147         0.2372
  6 -1.725         0.6769        -0.1981
  7 -1.625         0.7329        -0.1841
  8 -1.525         0.7834        -0.1762
  9 -1.425         0.8630         0.0868
 10 -1.325         0.9111        -0.0682
 11 -1.225         0.9542        -0.0710
 12 -1.125         0.9952        -0.0496
 13 -1.025         1.0348        -0.0249
 14 -0.925         1.0732         0.0011
 15 -0.825         1.1108         0.0294
 16 -0.725         1.1473         0.0538
 17 -0.625         1.1833         0.0834
 18 -0.525         1.2184         0.1080
 19 -0.425         1.2532         0.1408
 20 -0.325         1.2875         0.1671
 21 -0.225         1.3216         0.1994
 22 -0.125         1.3559         0.2367
 23 -0.025         1.3907         0.2778
 24  0.075         1.4261         0.3188
 25  0.175         1.4602         0.3388
 26  0.275         1.4918         0.3386
 27  0.375         1.5233         0.3683
 28  0.475         1.5535         0.3794
 29  0.575         1.5822         0.3893
 30  0.675         1.6114         0.4239
 31  0.775         1.6401         0.4466
 32  0.875         1.6721         0.5228
 33  0.975         1.7992         1.2037
 34  1.075         1.8245         0.5770
 35  1.175         1.8454         0.5172
 36  1.275         1.8672         0.5570
 37  1.375         1.8918         0.6331
 38  1.475         1.9208         0.7313
 39  1.575         1.9556         0.8416
 40  1.675         1.9976         0.9621
 41  1.775         2.0477         1.0855
 42  1.875         2.1064         1.2082
 43  1.975         2.1728         1.3241
 44  2.075         2.2457         1.4346
 45  2.175         2.3227         1.5336
 46  2.275         2.4030         1.6306
 47  2.375         2.4855         1.7237
 48  2.475         2.5704         1.8197
 49  2.575         2.6504         1.8764
 50  2.675         2.7233         1.9124
 51  2.775         2.7895         1.9393
 52  2.875         2.8500         1.9644
 53  2.975         2.9057         1.9865
 54  3.075         2.9575         2.0081
 55  3.175         3.0059         2.0295
 56  3.275         3.0500         2.0348
 57  3.375         3.0883         2.0143
 58  3.475         3.1231         2.0095
 59  3.575         3.1564         2.0241
 60  3.675         3.1882         2.0375
 61  3.775         3.2178         2.0361
 62  3.875         3.2465         2.0533
 63  3.975         3.2753         2.0820
 64  4.075         3.3026         2.0874
 65  4.175         3.3288         2.0961
 66  4.275         3.3544         2.1127
 67  4.375         3.3795         2.1277
 68  4.475         3.4039         2.1425
 69  4.575         3.4278         2.1570
 70  4.675         3.4512         2.1699
 71  4.775         3.4740         2.1821
 72  4.875         3.4966         2.2021
 73  4.975         3.5189         2.2190
 74  5.075         3.5410         2.2365
 75  5.175         3.5626         2.2476
 76  5.275         3.5833         2.2522
 77  5.375         3.6034         2.2591
 78  5.475         3.6230         2.2681
 79  5.575         3.6423         2.2791
 80  5.675         3.6612         2.2909
 81  5.775         3.6798         2.3013
 82  5.875         3.6980         2.3116
 83  5.975         3.7159         2.3222
 84  6.075         3.7335         2.3325
 85  6.175         3.7508         2.3421
 86  6.275         3.7678         2.3515
 87  6.375         3.7845         2.3611
 88  6.475         3.8009         2.3704
 89  6.575         3.8170         2.3797
 90  6.675         3.8329         2.3878
 91  6.775         3.8485         2.3961
 92  6.875         3.8639         2.4061
 93  6.975         3.8792         2.4171
 94  7.075         3.8945         2.4352
 95  7.175         3.9099         2.4522
 96  7.275         3.9253         2.4677
 97  7.375         3.9406         2.4793
 98  7.475         3.9560         2.4976
 99  7.575         3.9716         2.5202
100  7.675         3.9877         2.5481
101  7.775         4.0042         2.5764
102  7.875         4.0212         2.6035
103  7.975         4.0390         2.6442
104  8.075         4.0578         2.6852
105  8.175         4.0776         2.7256
106  8.275         4.0982         2.7636
107  8.375         4.1192         2.7930
108  8.475         4.1410         2.8314
109  8.575         4.1659         2.9121
110  8.675         4.1942         2.9946
111  8.775         4.2226         3.0227
112  8.875         4.2505         3.0459
113  8.975         4.2797         3.0927
114  9.075         4.3103         3.1422
115  9.175         4.3403         3.1646
116  9.275         4.3691         3.1766
117  9.375         4.3975         3.1997
118  9.475         4.4256         3.2213
119  9.575         4.4533         3.2449
120  9.675         4.4810         3.2719
121  9.775         4.5085         3.2969
122  9.875         4.5358         3.3195
123  9.975         4.5628         3.3430
124 10.075         4.5895         3.3657
125 10.175         4.6159         3.3866
126 10.275         4.6420         3.4080
127 10.375         4.6683         3.4375
128 10.475         4.6944         3.4594
129 10.575         4.7196         3.4718
130 10.675         4.7437         3.4744
131 10.775         4.7661         3.4679
132 10.875         4.7874         3.4680
133 10.975         4.8078         3.4690
134 11.075         4.8272         3.4676
135 11.175         4.8456         3.4640
136 11.275         4.8630         3.4567
137 11.375         4.8795         3.4519
138 11.475         4.8955         3.4537
139 11.575         4.9112         3.4606
140 11.675         4.9264         3.4622
141 11.775         4.9412         3.4686
142 11.875         4.9561         3.4819
143 11.975         4.9708         3.4935
144 12.075         4.9854         3.5050
145 12.175         5.0000         3.5194


#AGE= 3.000 BINS=148 Power-law IMF: x=-2.350
# N  sdss_r       Log10(N)       Log10(dN)
  1 -2.583        -0.5312        -0.5312
  2 -2.483        -0.2214        -0.5138
  3 -2.383        -0.0338        -0.4887
  4 -2.283         0.1054        -0.4563
  5 -2.183         0.2146        -0.4386
  6 -2.083         0.3087        -0.4017
  7 -1.983         0.3886        -0.3856
  8 -1.883         0.4603        -0.3575
  9 -1.783         0.5255        -0.3305
 10 -1.683         0.6023        -0.1879
 11 -1.583         0.7551         0.2273
 12 -1.483         0.7996        -0.2113
 13 -1.383         0.8573        -0.0479
 14 -1.283         0.9056        -0.0720
 15 -1.183         0.9444        -0.1240
 16 -1.083         0.9813        -0.1076
 17 -0.983         1.0174        -0.0808
 18 -0.883         1.0527        -0.0550
 19 -0.783         1.0872        -0.0295
 20 -0.683         1.1217         0.0039
 21 -0.583         1.1555         0.0295
 22 -0.483         1.1890         0.0604
 23 -0.383         1.2222         0.0881
 24 -0.283         1.2550         0.1175
 25 -0.183         1.2876         0.1474
 26 -0.083         1.3200         0.1759
 27  0.017         1.3521         0.2046
 28  0.117         1.3841         0.2357
 29  0.217         1.4166         0.2749
 30  0.317         1.4495         0.3123
 31  0.417         1.4834         0.3596
 32  0.517         1.5168         0.3853
 33  0.617         1.5486         0.3971
 34  0.717         1.5792         0.4129
 35  0.817         1.6093         0.4344
 36  0.917         1.6389         0.4578
 37  1.017         1.6671         0.4660
 38  1.117         1.6947         0.4837
 39  1.217         1.7236         0.5327
 40  1.317         1.8042         1.0333
 41  1.417         1.8736         1.0424
 42  1.517         1.9076         0.7848
 43  1.617         1.9386         0.7767
 44  1.717         1.9718         0.8382
 45  1.817         2.0098         0.9337
 46  1.917         2.0544         1.0434
 47  2.017         2.1062         1.1570
 48  2.117         2.1650         1.2681
 49  2.217         2.2302         1.3745
 50  2.317         2.3013         1.4801
 51  2.417         2.3764         1.5775
 52  2.517         2.4545         1.6705
 53  2.617         2.5342         1.7588
 54  2.717         2.6123         1.8287
 55  2.817         2.6821         1.8540
 56  2.917         2.7459         1.8810
 57  3.017         2.8049         1.9088
 58  3.117         2.8592         1.9294
 59  3.217         2.9081         1.9360
 60  3.317         2.9517         1.9315
 61  3.417         2.9924         1.9444
 62  3.517         3.0315         1.9656
 63  3.617         3.0685         1.9812
 64  3.717         3.1031         1.9871
 65  3.817         3.1370         2.0130
 66  3.917         3.1708         2.0445
 67  4.017         3.2030         2.0576
 68  4.117         3.2339         2.0701
 69  4.217         3.2639         2.0885
 70  4.317         3.2932         2.1075
 71  4.417         3.3217         2.1247
 72  4.517         3.3495         2.1420
 73  4.617         3.3766         2.1586
 74  4.717         3.4030         2.1727
 75  4.817         3.4288         2.1914
 76  4.917         3.4542         2.2078
 77  5.017         3.4787         2.2177
 78  5.117         3.5026         2.2312
 79  5.217         3.5258         2.2423
 80  5.317         3.5481         2.2471
 81  5.417         3.5700         2.2622
 82  5.517         3.5916         2.2766
 83  5.617         3.6125         2.2852
 84  5.717         3.6330         2.2972
 85  5.817         3.6531         2.3088
 86  5.917         3.6728         2.3201
 87  6.017         3.6922         2.3306
 88  6.117         3.7111         2.3407
 89  6.217         3.7296         2.3507
 90  6.317         3.7478         2.3605
 91  6.417         3.7656         2.3706
 92  6.517         3.7832         2.3812
 93  6.617         3.8004         2.3902
 94  6.717         3.8173         2.3979
 95  6.817         3.8339         2.4079
 96  6.917         3.8502         2.4182
 97  7.017         3.8666         2.4345
 98  7.117         3.8830         2.4513
 99  7.217         3.8994         2.4690
100  7.317         3.9156         2.4800
101  7.417         3.9319         2.4962
102  7.517         3.9483         2.5172
103  7.617         3.9650         2.5422
104  7.717         3.9823         2.5732
105  7.817         3.9997         2.5957
106  7.917         4.0184         2.6422
107  8.017         4.0383         2.6889
108  8.117         4.0588         2.7229
109  8.217         4.0795         2.7468
110  8.317         4.1009         2.7842
111  8.417         4.1233         2.8250
112  8.517         4.1475         2.8811
113  8.617         4.1750         2.9632
114  8.717         4.2056         3.0375
115  8.817         4.2364         3.0717
116  8.917         4.2668         3.0975
117  9.017         4.2981         3.1397
118  9.117         4.3295         3.1728
119  9.217         4.3594         3.1823
120  9.317         4.3886         3.2024
121  9.417         4.4173         3.2235
122  9.517         4.4456         3.2447
123  9.617         4.4734         3.2655
124  9.717         4.5008         3.2884
125  9.817         4.5281         3.3117
126  9.917         4.5550         3.3347
127 10.017         4.5818         3.3578
128 10.117         4.6083         3.3804
129 10.217         4.6345         3.4023
130 10.317         4.6608         3.4310
131 10.417         4.6871         3.4557
132 10.517         4.7127         3.4701
133 10.617         4.7371         3.4738
134 10.717         4.7601         3.4733
135 10.817         4.7823         3.4802
136 10.917         4.8036         3.4828
137 11.017         4.8238         3.4808
138 11.117         4.8427         3.4740
139 11.217         4.8606         3.4659
140 11.317         4.8776         3.4626
141 11.417         4.8941         3.4650
142 11.517         4.9102         3.4698
143 11.617         4.9256         3.4698
144 11.717         4.9408         3.4756
145 11.817         4.9558         3.4877
146 11.917         4.9706         3.4966
147 12.017         4.9853         3.5069
148 12.117         5.0000         3.5215


#AGE= 4.000 BINS=151 Power-law IMF: x=-2.350
# N  sdss_r       Log10(N)       Log10(dN)
  1 -2.782        -0.6718        -0.6718
  2 -2.682        -0.3602        -0.6509
  3 -2.582        -0.1723        -0.6269
  4 -2.482        -0.0354        -0.6033
  5 -2.382         0.0742        -0.5772
  6 -2.282         0.1674        -0.5469
  7 -2.182         0.2478        -0.5242
  8 -2.082         0.3207        -0.4902
  9 -1.982         0.3871        -0.4615
 10 -1.882         0.4470        -0.4426
 11 -1.782         0.5027        -0.4169
 12 -1.682         0.5555        -0.3861
 13 -1.582         0.6011        -0.4006
 14 -1.482         0.7398         0.1766
 15 -1.382         0.7814        -0.2580
 16 -1.282         0.8258        -0.1861
 17 -1.182         0.8782        -0.0661
 18 -1.082         0.9157        -0.1675
 19 -0.982         0.9511        -0.1551
 20 -0.882         0.9858        -0.1288
 21 -0.782         1.0199        -0.1014
 22 -0.682         1.0536        -0.0730
 23 -0.582         1.0870        -0.0439
 24 -0.482         1.1204        -0.0111
 25 -0.382         1.1532         0.0153
 26 -0.282         1.1860         0.0477
 27 -0.182         1.2185         0.0761
 28 -0.082         1.2509         0.1076
 29  0.018         1.2831         0.1379
 30  0.118         1.3151         0.1657
 31  0.218         1.3470         0.1976
 32  0.318         1.3787         0.2269
 33  0.418         1.4107         0.2611
 34  0.518         1.4434         0.3042
 35  0.618         1.4769         0.3472
 36  0.718         1.5105         0.3829
 37  0.818         1.5435         0.4075
 38  0.918         1.5751         0.4222
 39  1.018         1.6060         0.4423
 40  1.118         1.6360         0.4600
 41  1.218         1.6649         0.4745
 42  1.318         1.6931         0.4907
 43  1.418         1.7211         0.5170
 44  1.518         1.7525         0.5955
 45  1.618         1.8310         1.0496
 46  1.718         1.8912         1.0037
 47  1.818         1.9340         0.9059
 48  1.918         1.9770         0.9511
 49  2.018         2.0215         1.0098
 50  2.118         2.0701         1.0949
 51  2.218         2.1247         1.1978
 52  2.318         2.1855         1.3016
 53  2.418         2.2517         1.4022
 54  2.518         2.3217         1.4939
 55  2.618         2.3948         1.5850
 56  2.718         2.4688         1.6641
 57  2.818         2.5453         1.7536
 58  2.918         2.6150         1.7856
 59  3.018         2.6776         1.8055
 60  3.118         2.7333         1.8138
 61  3.218         2.7836         1.8223
 62  3.318         2.8307         1.8429
 63  3.418         2.8756         1.8682
 64  3.518         2.9183         1.8890
 65  3.618         2.9583         1.9029
 66  3.718         2.9971         1.9285
 67  3.818         3.0357         1.9664
 68  3.918         3.0729         1.9867
 69  4.018         3.1083         2.0024
 70  4.118         3.1428         2.0255
 71  4.218         3.1766         2.0509
 72  4.318         3.2097         2.0747
 73  4.418         3.2417         2.0937
 74  4.518         3.2728         2.1123
 75  4.618         3.3029         2.1279
 76  4.718         3.3321         2.1457
 77  4.818         3.3605         2.1615
 78  4.918         3.3878         2.1736
 79  5.018         3.4141         2.1820
 80  5.118         3.4398         2.2002
 81  5.218         3.4648         2.2126
 82  5.318         3.4889         2.2208
 83  5.418         3.5127         2.2397
 84  5.518         3.5359         2.2512
 85  5.618         3.5584         2.2616
 86  5.718         3.5804         2.2745
 87  5.818         3.6020         2.2882
 88  5.918         3.6231         2.2987
 89  6.018         3.6437         2.3094
 90  6.118         3.6638         2.3204
 91  6.218         3.6836         2.3310
 92  6.318         3.7029         2.3416
 93  6.418         3.7218         2.3520
 94  6.518         3.7404         2.3628
 95  6.618         3.7587         2.3738
 96  6.718         3.7765         2.3808
 97  6.818         3.7940         2.3900
 98  6.918         3.8113         2.4032
 99  7.018         3.8286         2.4197
100  7.118         3.8459         2.4372
101  7.218         3.8631         2.4520
102  7.318         3.8801         2.4640
103  7.418         3.8971         2.4826
104  7.518         3.9144         2.5054
105  7.618         3.9319         2.5281
106  7.718         3.9499         2.5597
107  7.818         3.9682         2.5841
108  7.918         3.9876         2.6267
109  8.018         4.0083         2.6759
110  8.118         4.0298         2.7138
111  8.218         4.0515         2.7400
112  8.318         4.0736         2.7695
113  8.418         4.0972         2.8205
114  8.518         4.1225         2.8755
115  8.618         4.1510         2.9529
116  8.718         4.1827         3.0308
117  8.818         4.2152         3.0731
118  8.918         4.2472         3.0981
119  9.018         4.2797         3.1376
120  9.118         4.3117         3.1636
121  9.218         4.3424         3.1761
122  9.318         4.3723         3.1962
123  9.418         4.4016         3.2161
124  9.518         4.4303         3.2356
125  9.618         4.4583         3.2546
126  9.718         4.4861         3.2783
127  9.818         4.5136         3.3011
128  9.918         4.5406         3.3200
129 10.018         4.5671         3.3398
130 10.118         4.5935         3.3648
131 10.218         4.6200         3.3919
132 10.318         4.6461         3.4124
133 10.418         4.6716         3.4274
134 10.518         4.6969         3.4491
135 10.618         4.7215         3.4632
136 10.718         4.7450         3.4668
137 10.818         4.7670         3.4611
138 10.918         4.7880         3.4600
139 11.018         4.8079         3.4596
140 11.118         4.8269         3.4584
141 11.218         4.8450         3.4560
142 11.318         4.8621         3.4504
143 11.418         4.8786         3.4493
144 11.518         4.8947         3.4541
145 11.618         4.9103         3.4602
146 11.718         4.9256         3.4622
147 11.818         4.9405         3.4709
148 11.918         4.9555         3.4859
149 12.018         4.9704         3.4980
150 12.118         4.9852         3.5104
151 12.218         5.0000         3.5249


#AGE= 5.000 BINS=151 Power-law IMF: x=-2.350
# N  sdss_r       Log10(N)       Log10(dN)
  1 -2.780        -0.7308        -0.7308
  2 -2.680        -0.4187        -0.7090
  3 -2.580        -0.2342        -0.6949
  4 -2.480        -0.0935        -0.6516
  5 -2.380         0.0165        -0.6335
  6 -2.280         0.1098        -0.6042
  7 -2.180         0.1910        -0.5770
  8 -2.080         0.2633        -0.5511
  9 -1.980         0.3295        -0.5202
 10 -1.880         0.3898        -0.4975
 11 -1.780         0.4462        -0.4681
 12 -1.680         0.4993        -0.4396
 13 -1.580         0.5490        -0.4173
 14 -1.480         0.6003        -0.3523
 15 -1.380         0.7163         0.0864
 16 -1.280         0.7590        -0.2695
 17 -1.180         0.8034        -0.2094
 18 -1.080         0.8535        -0.1091
 19 -0.980         0.8912        -0.1886
 20 -0.880         0.9271        -0.1745
 21 -0.780         0.9622        -0.1473
 22 -0.680         0.9967        -0.1206
 23 -0.580         1.0308        -0.0911
 24 -0.480         1.0645        -0.0619
 25 -0.380         1.0982        -0.0294
 26 -0.280         1.1316         0.0011
 27 -0.180         1.1646         0.0296
 28 -0.080         1.1977         0.0622
 29  0.020         1.2305         0.0931
 30  0.120         1.2632         0.1232
 31  0.220         1.2959         0.1561
 32  0.320         1.3282         0.1843
 33  0.420         1.3605         0.2151
 34  0.520         1.3927         0.2468
 35  0.620         1.4251         0.2826
 36  0.720         1.4579         0.3198
 37  0.820         1.4916         0.3650
 38  0.920         1.5263         0.4114
 39  1.020         1.5599         0.4315
 40  1.120         1.5925         0.4513
 41  1.220         1.6244         0.4744
 42  1.320         1.6550         0.4881
 43  1.420         1.6843         0.4990
 44  1.520         1.7127         0.5140
 45  1.620         1.7409         0.5387
 46  1.720         1.7713         0.6020
 47  1.820         1.8283         0.9181
 48  1.920         1.8969         1.0618
 49  2.020         1.9451         0.9664
 50  2.120         1.9930         1.0117
 51  2.220         2.0446         1.0942
 52  2.320         2.1024         1.1977
 53  2.420         2.1635         1.2819
 54  2.520         2.2279         1.3671
 55  2.620         2.2953         1.4529
 56  2.720         2.3648         1.5344
 57  2.820         2.4345         1.6058
 58  2.920         2.5038         1.6728
 59  3.020         2.5696         1.7175
 60  3.120         2.6294         1.7389
 61  3.220         2.6846         1.7610
 62  3.320         2.7363         1.7863
 63  3.420         2.7850         1.8108
 64  3.520         2.8309         1.8321
 65  3.620         2.8750         1.8603
 66  3.720         2.9184         1.8962
 67  3.820         2.9601         1.9222
 68  3.920         3.0001         1.9441
 69  4.020         3.0389         1.9710
 70  4.120         3.0770         2.0006
 71  4.220         3.1141         2.0281
 72  4.320         3.1502         2.0519
 73  4.420         3.1851         2.0732
 74  4.520         3.2190         2.0939
 75  4.620         3.2516         2.1111
 76  4.720         3.2830         2.1264
 77  4.820         3.3132         2.1406
 78  4.920         3.3421         2.1505
 79  5.020         3.3699         2.1633
 80  5.120         3.3976         2.1871
 81  5.220         3.4242         2.1986
 82  5.320         3.4500         2.2118
 83  5.420         3.4754         2.2286
 84  5.520         3.5000         2.2412
 85  5.620         3.5239         2.2528
 86  5.720         3.5473         2.2667
 87  5.820         3.5701         2.2798
 88  5.920         3.5924         2.2923
 89  6.020         3.6142         2.3035
 90  6.120         3.6355         2.3144
 91  6.220         3.6562         2.3255
 92  6.320         3.6766         2.3368
 93  6.420         3.6965         2.3485
 94  6.520         3.7160         2.3595
 95  6.620         3.7352         2.3697
 96  6.720         3.7538         2.3777
 97  6.820         3.7722         2.3881
 98  6.920         3.7903         2.4026
 99  7.020         3.8084         2.4195
100  7.120         3.8264         2.4355
101  7.220         3.8443         2.4494
102  7.320         3.8620         2.4635
103  7.420         3.8798         2.4838
104  7.520         3.8978         2.5065
105  7.620         3.9161         2.5305
106  7.720         3.9348         2.5612
107  7.820         3.9538         2.5850
108  7.920         3.9738         2.6264
109  8.020         3.9946         2.6657
110  8.120         4.0164         2.7052
111  8.220         4.0391         2.7462
112  8.320         4.0628         2.7887
113  8.420         4.0876         2.8311
114  8.520         4.1137         2.8795
115  8.620         4.1429         2.9562
116  8.720         4.1755         3.0340
117  8.820         4.2092         3.0827
118  8.920         4.2425         3.1115
119  9.020         4.2760         3.1465
120  9.120         4.3086         3.1668
121  9.220         4.3400         3.1843
122  9.320         4.3707         3.2048
123  9.420         4.4007         3.2243
124  9.520         4.4296         3.2398
125  9.620         4.4583         3.2640
126  9.720         4.4868         3.2883
127  9.820         4.5142         3.3006
128  9.920         4.5408         3.3161
129 10.020         4.5674         3.3411
130 10.120         4.5938         3.3644
131 10.220         4.6201         3.3893
132 10.320         4.6463         3.4141
133 10.420         4.6719         3.4296
134 10.520         4.6969         3.4437
135 10.620         4.7213         3.4591
136 10.720         4.7447         3.4639
137 10.820         4.7666         3.4596
138 10.920         4.7875         3.4583
139 11.020         4.8074         3.4580
140 11.120         4.8263         3.4572
141 11.220         4.8444         3.4547
142 11.320         4.8616         3.4500
143 11.420         4.8781         3.4501
144 11.520         4.8942         3.4558
145 11.620         4.9099         3.4608
146 11.720         4.9252         3.4634
147 11.820         4.9403         3.4728
148 11.920         4.9553         3.4878
149 12.020         4.9703         3.4997
150 12.120         4.9851         3.5122
151 12.220         5.0000         3.5267


#AGE= 6.000 BINS=151 Power-law IMF: x=-2.350
# N  sdss_r       Log10(N)       Log10(dN)
  1 -2.843        -0.7758        -0.7758
  2 -2.743        -0.4718        -0.7700
  3 -2.643        -0.2865        -0.7457
  4 -2.543        -0.1516        -0.7252
  5 -2.443        -0.0400        -0.6844
  6 -2.343         0.0524        -0.6651
  7 -2.243         0.1349        -0.6270
  8 -2.143         0.2069        -0.6090
  9 -2.043         0.2719        -0.5853
 10 -1.943         0.3330        -0.5488
 11 -1.843         0.3908        -0.5141
 12 -1.743         0.4436        -0.4975
 13 -1.643         0.4939        -0.4668
 14 -1.543         0.5417        -0.4410
 15 -1.443         0.5847        -0.4406
 16 -1.343         0.6931         0.0372
 17 -1.243         0.7377        -0.2721
 18 -1.143         0.7778        -0.2777
 19 -1.043         0.8274        -0.1394
 20 -0.943         0.8681        -0.1795
 21 -0.843         0.9040        -0.1975
 22 -0.743         0.9391        -0.1700
 23 -0.643         0.9737        -0.1426
 24 -0.543         1.0082        -0.1092
 25 -0.443         1.0421        -0.0815
 26 -0.343         1.0758        -0.0516
 27 -0.243         1.1094        -0.0191
 28 -0.143         1.1426         0.0098
 29 -0.043         1.1760         0.0452
 30  0.057         1.2090         0.0730
 31  0.157         1.2420         0.1068
 32  0.257         1.2749         0.1375
 33  0.357         1.3075         0.1673
 34  0.457         1.3401         0.1993
 35  0.557         1.3727         0.2316
 36  0.657         1.4051         0.2613
 37  0.757         1.4377         0.2982
 38  0.857         1.4706         0.3331
 39  0.957         1.5042         0.3760
 40  1.057         1.5394         0.4301
 41  1.157         1.5737         0.4541
 42  1.257         1.6072         0.4778
 43  1.357         1.6399         0.5015
 44  1.457         1.6714         0.5159
 45  1.557         1.7015         0.5269
 46  1.657         1.7305         0.5409
 47  1.757         1.7587         0.5572
 48  1.857         1.7879         0.6007
 49  1.957         1.8244         0.7306
 50  2.057         1.8936         1.0619
 51  2.157         1.9463         1.0047
 52  2.257         1.9963         1.0320
 53  2.357         2.0493         1.1095
 54  2.457         2.1064         1.1972
 55  2.557         2.1679         1.2889
 56  2.657         2.2329         1.3756
 57  2.757         2.2995         1.4527
 58  2.857         2.3666         1.5223
 59  2.957         2.4331         1.5856
 60  3.057         2.4994         1.6504
 61  3.157         2.5644         1.7074
 62  3.257         2.6250         1.7391
 63  3.357         2.6802         1.7575
 64  3.457         2.7318         1.7813
 65  3.557         2.7815         1.8148
 66  3.657         2.8295         1.8492
 67  3.757         2.8754         1.8771
 68  3.857         2.9196         1.9049
 69  3.957         2.9623         1.9344
 70  4.057         3.0039         1.9638
 71  4.157         3.0441         1.9912
 72  4.257         3.0832         2.0176
 73  4.357         3.1210         2.0423
 74  4.457         3.1578         2.0681
 75  4.557         3.1933         2.0875
 76  4.657         3.2273         2.1038
 77  4.757         3.2598         2.1180
 78  4.857         3.2909         2.1302
 79  4.957         3.3208         2.1442
 80  5.057         3.3503         2.1680
 81  5.157         3.3793         2.1899
 82  5.257         3.4071         2.1993
 83  5.357         3.4343         2.2174
 84  5.457         3.4608         2.2325
 85  5.557         3.4864         2.2443
 86  5.657         3.5114         2.2585
 87  5.757         3.5357         2.2729
 88  5.857         3.5596         2.2870
 89  5.957         3.5827         2.2985
 90  6.057         3.6054         2.3106
 91  6.157         3.6274         2.3223
 92  6.257         3.6490         2.3342
 93  6.357         3.6701         2.3459
 94  6.457         3.6908         2.3585
 95  6.557         3.7110         2.3692
 96  6.657         3.7308         2.3788
 97  6.757         3.7500         2.3874
 98  6.857         3.7691         2.4014
 99  6.957         3.7879         2.4170
100  7.057         3.8067         2.4336
101  7.157         3.8254         2.4485
102  7.257         3.8438         2.4614
103  7.357         3.8621         2.4788
104  7.457         3.8807         2.5023
105  7.557         3.8994         2.5245
106  7.657         3.9186         2.5544
107  7.757         3.9380         2.5787
108  7.857         3.9580         2.6120
109  7.957         3.9789         2.6510
110  8.057         4.0008         2.6930
111  8.157         4.0236         2.7319
112  8.257         4.0471         2.7681
113  8.357         4.0716         2.8105
114  8.457         4.0976         2.8618
115  8.557         4.1256         2.9214
116  8.657         4.1563         2.9906
117  8.757         4.1907         3.0720
118  8.857         4.2252         3.1090
119  8.957         4.2597         3.1416
120  9.057         4.2938         3.1722
121  9.157         4.3267         3.1893
122  9.257         4.3584         3.2066
123  9.357         4.3894         3.2275
124  9.457         4.4196         3.2463
125  9.557         4.4488         3.2620
126  9.657         4.4776         3.2854
127  9.757         4.5061         3.3085
128  9.857         4.5337         3.3227
129  9.957         4.5605         3.3387
130 10.057         4.5871         3.3604
131 10.157         4.6134         3.3818
132 10.257         4.6396         3.4069
133 10.357         4.6655         3.4296
134 10.457         4.6908         3.4427
135 10.557         4.7155         3.4586
136 10.657         4.7394         3.4679
137 10.757         4.7620         3.4671
138 10.857         4.7835         3.4677
139 10.957         4.8041         3.4685
140 11.057         4.8236         3.4674
141 11.157         4.8422         3.4633
142 11.257         4.8598         3.4590
143 11.357         4.8767         3.4594
144 11.457         4.8932         3.4648
145 11.557         4.9092         3.4678
146 11.657         4.9247         3.4701
147 11.757         4.9400         3.4786
148 11.857         4.9552         3.4919
149 11.957         4.9702         3.5014
150 12.057         4.9851         3.5127
151 12.157         5.0000         3.5274


#AGE= 7.000 BINS=150 Power-law IMF: x=-2.350
# N  sdss_r       Log10(N)       Log10(dN)
  1 -2.852        -0.8036        -0.8036
  2 -2.752        -0.5001        -0.7987
  3 -2.652        -0.3117        -0.7652
  4 -2.552        -0.1719        -0.7323
  5 -2.452        -0.0608        -0.7070
  6 -2.352         0.0292        -0.6987
  7 -2.252         0.1113        -0.6526
  8 -2.152         0.1852        -0.6205
  9 -2.052         0.2488        -0.6170
 10 -1.952         0.3105        -0.5670
 11 -1.852         0.3672        -0.5451
 12 -1.752         0.4208        -0.5147
 13 -1.652         0.4715        -0.4864
 14 -1.552         0.5192        -0.4638
 15 -1.452         0.5648        -0.4365
 16 -1.352         0.6103        -0.3918
 17 -1.252         0.7075         0.0097
 18 -1.152         0.7496        -0.2847
 19 -1.052         0.7890        -0.2724
 20 -0.952         0.8381        -0.1336
 21 -0.852         0.8778        -0.1801
 22 -0.752         0.9143        -0.1803
 23 -0.652         0.9493        -0.1612
 24 -0.552         0.9841        -0.1300
 25 -0.452         1.0185        -0.0993
 26 -0.352         1.0526        -0.0688
 27 -0.252         1.0867        -0.0353
 28 -0.152         1.1206        -0.0041
 29 -0.052         1.1542         0.0256
 30  0.048         1.1876         0.0574
 31  0.148         1.2212         0.0929
 32  0.248         1.2544         0.1217
 33  0.348         1.2878         0.1568
 34  0.448         1.3208         0.1855
 35  0.548         1.3538         0.2183
 36  0.648         1.3868         0.2504
 37  0.748         1.4196         0.2822
 38  0.848         1.4527         0.3172
 39  0.948         1.4857         0.3505
 40  1.048         1.5194         0.3926
 41  1.148         1.5541         0.4400
 42  1.248         1.5895         0.4828
 43  1.348         1.6240         0.5062
 44  1.448         1.6579         0.5341
 45  1.548         1.6906         0.5514
 46  1.648         1.7218         0.5627
 47  1.748         1.7516         0.5735
 48  1.848         1.7803         0.5861
 49  1.948         1.8090         0.6136
 50  2.048         1.8402         0.6817
 51  2.148         1.8870         0.8958
 52  2.248         1.9470         1.0583
 53  2.348         1.9976         1.0386
 54  2.448         2.0496         1.1017
 55  2.548         2.1055         1.1881
 56  2.648         2.1657         1.2774
 57  2.748         2.2292         1.3631
 58  2.848         2.2948         1.4413
 59  2.948         2.3608         1.5098
 60  3.048         2.4265         1.5742
 61  3.148         2.4910         1.6309
 62  3.248         2.5552         1.6931
 63  3.348         2.6169         1.7390
 64  3.448         2.6752         1.7744
 65  3.548         2.7299         1.8032
 66  3.648         2.7813         1.8292
 67  3.748         2.8302         1.8574
 68  3.848         2.8771         1.8873
 69  3.948         2.9223         1.9174
 70  4.048         2.9660         1.9468
 71  4.148         3.0083         1.9760
 72  4.248         3.0495         2.0055
 73  4.348         3.0893         2.0316
 74  4.448         3.1275         2.0537
 75  4.548         3.1642         2.0729
 76  4.648         3.1993         2.0891
 77  4.748         3.2329         2.1045
 78  4.848         3.2653         2.1219
 79  4.948         3.2967         2.1411
 80  5.048         3.3282         2.1719
 81  5.148         3.3587         2.1910
 82  5.248         3.3880         2.2016
 83  5.348         3.4166         2.2210
 84  5.448         3.4443         2.2361
 85  5.548         3.4712         2.2500
 86  5.648         3.4974         2.2644
 87  5.748         3.5229         2.2792
 88  5.848         3.5479         2.2945
 89  5.948         3.5721         2.3073
 90  6.048         3.5958         2.3197
 91  6.148         3.6188         2.3313
 92  6.248         3.6412         2.3437
 93  6.348         3.6632         2.3569
 94  6.448         3.6848         2.3701
 95  6.548         3.7058         2.3804
 96  6.648         3.7263         2.3899
 97  6.748         3.7463         2.4003
 98  6.848         3.7661         2.4148
 99  6.948         3.7858         2.4309
100  7.048         3.8052         2.4464
101  7.148         3.8244         2.4605
102  7.248         3.8434         2.4746
103  7.348         3.8624         2.4938
104  7.448         3.8816         2.5170
105  7.548         3.9009         2.5403
106  7.648         3.9206         2.5662
107  7.748         3.9407         2.5970
108  7.848         3.9611         2.6232
109  7.948         3.9828         2.6692
110  8.048         4.0053         2.7093
111  8.148         4.0286         2.7471
112  8.248         4.0528         2.7873
113  8.348         4.0778         2.8244
114  8.448         4.1038         2.8688
115  8.548         4.1320         2.9302
116  8.648         4.1626         2.9951
117  8.748         4.1973         3.0827
118  8.848         4.2330         3.1299
119  8.948         4.2682         3.1602
120  9.048         4.3032         3.1917
121  9.148         4.3369         3.2096
122  9.248         4.3694         3.2277
123  9.348         4.4010         3.2478
124  9.448         4.4318         3.2663
125  9.548         4.4615         3.2821
126  9.648         4.4907         3.3040
127  9.748         4.5195         3.3271
128  9.848         4.5475         3.3422
129  9.948         4.5746         3.3568
130 10.048         4.6014         3.3780
131 10.148         4.6278         3.3989
132 10.248         4.6540         3.4222
133 10.348         4.6800         3.4435
134 10.448         4.7053         3.4571
135 10.548         4.7299         3.4723
136 10.648         4.7536         3.4787
137 10.748         4.7763         3.4817
138 10.848         4.7979         3.4855
139 10.948         4.8185         3.4844
140 11.048         4.8380         3.4793
141 11.148         4.8564         3.4755
142 11.248         4.8741         3.4758
143 11.348         4.8913         3.4798
144 11.448         4.9079         3.4803
145 11.548         4.9238         3.4819
146 11.648         4.9395         3.4887
147 11.748         4.9550         3.4990
148 11.848         4.9701         3.5047
149 11.948         4.9850         3.5143
150 12.048         5.0000         3.5295


#AGE= 8.000 BINS=152 Power-law IMF: x=-2.350
# N  sdss_r       Log10(N)       Log10(dN)
  1 -2.837        -0.8519        -0.8519
  2 -2.737        -0.5467        -0.8436
  3 -2.637        -0.3645        -0.8297
  4 -2.537        -0.2277        -0.7960
  5 -2.437        -0.1160        -0.7602
  6 -2.337        -0.0246        -0.7466
  7 -2.237         0.0562        -0.7138
  8 -2.137         0.1270        -0.6958
  9 -2.037         0.1923        -0.6628
 10 -1.937         0.2549        -0.6173
 11 -1.837         0.3112        -0.6038
 12 -1.737         0.3648        -0.5705
 13 -1.637         0.4146        -0.5507
 14 -1.537         0.4631        -0.5127
 15 -1.437         0.5094        -0.4856
 16 -1.337         0.5553        -0.4437
 17 -1.237         0.6374        -0.1262
 18 -1.137         0.6885        -0.2667
 19 -1.037         0.7292        -0.3194
 20 -0.937         0.7736        -0.2387
 21 -0.837         0.8174        -0.1998
 22 -0.737         0.8552        -0.2246
 23 -0.637         0.8914        -0.2058
 24 -0.537         0.9267        -0.1811
 25 -0.437         0.9612        -0.1548
 26 -0.337         0.9958        -0.1205
 27 -0.237         1.0302        -0.0883
 28 -0.137         1.0644        -0.0564
 29 -0.037         1.0985        -0.0233
 30  0.063         1.1324         0.0081
 31  0.163         1.1660         0.0384
 32  0.263         1.1999         0.0748
 33  0.363         1.2335         0.1053
 34  0.463         1.2670         0.1374
 35  0.563         1.3002         0.1678
 36  0.663         1.3336         0.2032
 37  0.763         1.3668         0.2329
 38  0.863         1.4004         0.2718
 39  0.963         1.4335         0.2999
 40  1.063         1.4672         0.3397
 41  1.163         1.5013         0.3791
 42  1.263         1.5361         0.4230
 43  1.363         1.5721         0.4727
 44  1.463         1.6073         0.4991
 45  1.563         1.6421         0.5288
 46  1.663         1.6757         0.5474
 47  1.763         1.7077         0.5587
 48  1.863         1.7381         0.5681
 49  1.963         1.7673         0.5800
 50  2.063         1.7961         0.6037
 51  2.163         1.8267         0.6596
 52  2.263         1.8670         0.8145
 53  2.363         1.9234         1.0087
 54  2.463         1.9759         1.0321
 55  2.563         2.0266         1.0694
 56  2.663         2.0825         1.1640
 57  2.763         2.1426         1.2542
 58  2.863         2.2060         1.3390
 59  2.963         2.2710         1.4143
 60  3.063         2.3365         1.4824
 61  3.163         2.4018         1.5465
 62  3.263         2.4660         1.6042
 63  3.363         2.5302         1.6679
 64  3.463         2.5914         1.7105
 65  3.563         2.6492         1.7443
 66  3.663         2.7031         1.7702
 67  3.763         2.7541         1.7994
 68  3.863         2.8030         1.8299
 69  3.963         2.8502         1.8627
 70  4.063         2.8958         1.8949
 71  4.163         2.9398         1.9233
 72  4.263         2.9818         1.9463
 73  4.363         3.0219         1.9677
 74  4.463         3.0602         1.9872
 75  4.563         3.0970         2.0065
 76  4.663         3.1325         2.0266
 77  4.763         3.1668         2.0483
 78  4.863         3.2004         2.0715
 79  4.963         3.2336         2.1001
 80  5.063         3.2666         2.1316
 81  5.163         3.2981         2.1435
 82  5.263         3.3286         2.1598
 83  5.363         3.3584         2.1793
 84  5.463         3.3872         2.1946
 85  5.563         3.4151         2.2092
 86  5.663         3.4422         2.2247
 87  5.763         3.4687         2.2410
 88  5.863         3.4946         2.2570
 89  5.963         3.5197         2.2690
 90  6.063         3.5441         2.2820
 91  6.163         3.5680         2.2951
 92  6.263         3.5912         2.3077
 93  6.363         3.6139         2.3215
 94  6.463         3.6362         2.3347
 95  6.563         3.6578         2.3449
 96  6.663         3.6789         2.3551
 97  6.763         3.6996         2.3677
 98  6.863         3.7201         2.3826
 99  6.963         3.7403         2.3989
100  7.063         3.7603         2.4138
101  7.163         3.7800         2.4269
102  7.263         3.7996         2.4427
103  7.363         3.8192         2.4649
104  7.463         3.8391         2.4891
105  7.563         3.8589         2.5085
106  7.663         3.8793         2.5409
107  7.763         3.8999         2.5659
108  7.863         3.9212         2.6009
109  7.963         3.9434         2.6404
110  8.063         3.9665         2.6814
111  8.163         3.9907         2.7246
112  8.263         4.0161         2.7706
113  8.363         4.0419         2.8026
114  8.463         4.0681         2.8359
115  8.563         4.0969         2.9038
116  8.663         4.1281         2.9688
117  8.763         4.1638         3.0621
118  8.863         4.2003         3.1064
119  8.963         4.2365         3.1386
120  9.063         4.2719         3.1657
121  9.163         4.3060         3.1844
122  9.263         4.3390         3.2035
123  9.363         4.3711         3.2242
124  9.463         4.4021         3.2402
125  9.563         4.4322         3.2570
126  9.663         4.4619         3.2819
127  9.763         4.4909         3.3021
128  9.863         4.5188         3.3125
129  9.963         4.5460         3.3286
130 10.063         4.5729         3.3521
131 10.163         4.5995         3.3735
132 10.263         4.6259         3.3964
133 10.363         4.6517         3.4131
134 10.463         4.6768         3.4265
135 10.563         4.7012         3.4375
136 10.663         4.7246         3.4448
137 10.763         4.7472         3.4515
138 10.863         4.7685         3.4500
139 10.963         4.7887         3.4459
140 11.063         4.8079         3.4445
141 11.163         4.8264         3.4452
142 11.263         4.8441         3.4451
143 11.363         4.8610         3.4435
144 11.463         4.8774         3.4466
145 11.563         4.8935         3.4542
146 11.663         4.9091         3.4578
147 11.763         4.9244         3.4630
148 11.863         4.9396         3.4747
149 11.963         4.9548         3.4912
150 12.063         4.9699         3.5042
151 12.163         4.9850         3.5176
152 12.263         5.0000         3.5321


#AGE= 9.000 BINS=150 Power-law IMF: x=-2.350
# N  sdss_r       Log10(N)       Log10(dN)
  1 -2.807        -0.8254        -0.8254
  2 -2.707        -0.5302        -0.8371
  3 -2.607        -0.3397        -0.7894
  4 -2.507        -0.2060        -0.7829
  5 -2.407        -0.0954        -0.7436
  6 -2.307        -0.0057        -0.7347
  7 -2.207         0.0770        -0.6838
  8 -2.107         0.1500        -0.6602
  9 -2.007         0.2157        -0.6369
 10 -1.907         0.2771        -0.6033
 11 -1.807         0.3339        -0.5776
 12 -1.707         0.3881        -0.5425
 13 -1.607         0.4390        -0.5169
 14 -1.507         0.4876        -0.4883
 15 -1.407         0.5336        -0.4640
 16 -1.307         0.5765        -0.4499
 17 -1.207         0.6385        -0.2375
 18 -1.107         0.7103        -0.1066
 19 -1.007         0.7510        -0.2977
 20 -0.907         0.7936        -0.2363
 21 -0.807         0.8393        -0.1605
 22 -0.707         0.8779        -0.1926
 23 -0.607         0.9145        -0.1782
 24 -0.507         0.9504        -0.1500
 25 -0.407         0.9857        -0.1224
 26 -0.307         1.0203        -0.0956
 27 -0.207         1.0551        -0.0575
 28 -0.107         1.0896        -0.0285
 29 -0.007         1.1238         0.0041
 30  0.093         1.1580         0.0372
 31  0.193         1.1923         0.0726
 32  0.293         1.2263         0.1026
 33  0.393         1.2600         0.1336
 34  0.493         1.2939         0.1689
 35  0.593         1.3278         0.2031
 36  0.693         1.3612         0.2305
 37  0.793         1.3950         0.2695
 38  0.893         1.4285         0.3001
 39  0.993         1.4623         0.3363
 40  1.093         1.4960         0.3695
 41  1.193         1.5301         0.4079
 42  1.293         1.5646         0.4468
 43  1.393         1.6005         0.4998
 44  1.493         1.6369         0.5427
 45  1.593         1.6727         0.5715
 46  1.693         1.7077         0.5967
 47  1.793         1.7414         0.6137
 48  1.893         1.7734         0.6243
 49  1.993         1.8035         0.6304
 50  2.093         1.8326         0.6432
 51  2.193         1.8613         0.6676
 52  2.293         1.8921         0.7279
 53  2.393         1.9323         0.8785
 54  2.493         1.9843         1.0371
 55  2.593         2.0349         1.0758
 56  2.693         2.0852         1.1245
 57  2.793         2.1404         1.2174
 58  2.893         2.1998         1.3058
 59  2.993         2.2621         1.3883
 60  3.093         2.3259         1.4616
 61  3.193         2.3898         1.5255
 62  3.293         2.4530         1.5848
 63  3.393         2.5148         1.6378
 64  3.493         2.5764         1.6976
 65  3.593         2.6361         1.7451
 66  3.693         2.6934         1.7854
 67  3.793         2.7472         1.8130
 68  3.893         2.7981         1.8419
 69  3.993         2.8464         1.8691
 70  4.093         2.8926         1.8960
 71  4.193         2.9365         1.9192
 72  4.293         2.9782         1.9403
 73  4.393         3.0178         1.9581
 74  4.493         3.0561         1.9820
 75  4.593         3.0932         2.0069
 76  4.693         3.1294         2.0323
 77  4.793         3.1648         2.0589
 78  4.893         3.1999         2.0901
 79  4.993         3.2350         2.1244
 80  5.093         3.2689         2.1441
 81  5.193         3.3013         2.1581
 82  5.293         3.3330         2.1803
 83  5.393         3.3637         2.1983
 84  5.493         3.3934         2.2138
 85  5.593         3.4222         2.2295
 86  5.693         3.4503         2.2468
 87  5.793         3.4777         2.2639
 88  5.893         3.5043         2.2788
 89  5.993         3.5302         2.2917
 90  6.093         3.5553         2.3051
 91  6.193         3.5798         2.3188
 92  6.293         3.6037         2.3326
 93  6.393         3.6271         2.3471
 94  6.493         3.6499         2.3591
 95  6.593         3.6721         2.3697
 96  6.693         3.6938         2.3810
 97  6.793         3.7151         2.3953
 98  6.893         3.7362         2.4118
 99  6.993         3.7570         2.4265
100  7.093         3.7774         2.4404
101  7.193         3.7976         2.4548
102  7.293         3.8177         2.4739
103  7.393         3.8380         2.4979
104  7.493         3.8585         2.5208
105  7.593         3.8791         2.5449
106  7.693         3.9001         2.5740
107  7.793         3.9214         2.6017
108  7.893         3.9435         2.6397
109  7.993         3.9669         2.6855
110  8.093         3.9907         2.7187
111  8.193         4.0154         2.7577
112  8.293         4.0412         2.8028
113  8.393         4.0677         2.8401
114  8.493         4.0953         2.8845
115  8.593         4.1249         2.9440
116  8.693         4.1574         3.0145
117  8.793         4.1947         3.1098
118  8.893         4.2318         3.1457
119  8.993         4.2686         3.1776
120  9.093         4.3044         3.2026
121  9.193         4.3387         3.2191
122  9.293         4.3721         3.2417
123  9.393         4.4043         3.2586
124  9.493         4.4353         3.2739
125  9.593         4.4659         3.2984
126  9.693         4.4960         3.3215
127  9.793         4.5247         3.3306
128  9.893         4.5522         3.3394
129  9.993         4.5796         3.3663
130 10.093         4.6068         3.3904
131 10.193         4.6336         3.4113
132 10.293         4.6600         3.4302
133 10.393         4.6856         3.4424
134 10.493         4.7103         3.4545
135 10.593         4.7343         3.4645
136 10.693         4.7575         3.4724
137 10.793         4.7794         3.4723
138 10.893         4.8004         3.4731
139 10.993         4.8203         3.4727
140 11.093         4.8393         3.4701
141 11.193         4.8573         3.4669
142 11.293         4.8747         3.4681
143 11.393         4.8916         3.4733
144 11.493         4.9079         3.4750
145 11.593         4.9238         3.4783
146 11.693         4.9394         3.4867
147 11.793         4.9548         3.4981
148 11.893         4.9700         3.5054
149 11.993         4.9850         3.5160
150 12.093         5.0000         3.5311


#AGE=10.000 BINS=152 Power-law IMF: x=-2.350
# N  sdss_r       Log10(N)       Log10(dN)
  1 -2.834        -0.8836        -0.8836
  2 -2.734        -0.5809        -0.8803
  3 -2.634        -0.3952        -0.8536
  4 -2.534        -0.2540        -0.8105
  5 -2.434        -0.1489        -0.8166
  6 -2.334        -0.0549        -0.7659
  7 -2.234         0.0253        -0.7476
  8 -2.134         0.0971        -0.7200
  9 -2.034         0.1656        -0.6702
 10 -1.934         0.2252        -0.6673
 11 -1.834         0.2819        -0.6302
 12 -1.734         0.3352        -0.6023
 13 -1.634         0.3863        -0.5682
 14 -1.534         0.4351        -0.5381
 15 -1.434         0.4812        -0.5160
 16 -1.334         0.5264        -0.4785
 17 -1.234         0.5685        -0.4658
 18 -1.134         0.6327        -0.2294
 19 -1.034         0.6960        -0.1715
 20 -0.934         0.7377        -0.3009
 21 -0.834         0.7783        -0.2708
 22 -0.734         0.8232        -0.1849
 23 -0.634         0.8616        -0.2113
 24 -0.534         0.8976        -0.2008
 25 -0.434         0.9332        -0.1717
 26 -0.334         0.9678        -0.1472
 27 -0.234         1.0023        -0.1153
 28 -0.134         1.0368        -0.0799
 29 -0.034         1.0713        -0.0459
 30  0.066         1.1051        -0.0202
 31  0.166         1.1395         0.0206
 32  0.266         1.1735         0.0504
 33  0.366         1.2076         0.0853
 34  0.466         1.2414         0.1157
 35  0.566         1.2754         0.1528
 36  0.666         1.3091         0.1813
 37  0.766         1.3429         0.2178
 38  0.866         1.3767         0.2510
 39  0.966         1.4104         0.2833
 40  1.066         1.4445         0.3222
 41  1.166         1.4787         0.3580
 42  1.266         1.5127         0.3897
 43  1.366         1.5472         0.4308
 44  1.466         1.5827         0.4776
 45  1.566         1.6200         0.5348
 46  1.666         1.6564         0.5616
 47  1.766         1.6921         0.5894
 48  1.866         1.7266         0.6097
 49  1.966         1.7593         0.6201
 50  2.066         1.7901         0.6253
 51  2.166         1.8195         0.6351
 52  2.266         1.8482         0.6549
 53  2.366         1.8778         0.6953
 54  2.466         1.9117         0.7873
 55  2.566         1.9575         0.9585
 56  2.666         2.0068         1.0377
 57  2.766         2.0574         1.0984
 58  2.866         2.1093         1.1610
 59  2.966         2.1661         1.2544
 60  3.066         2.2266         1.3410
 61  3.166         2.2894         1.4185
 62  3.266         2.3528         1.4855
 63  3.366         2.4157         1.5453
 64  3.466         2.4775         1.6000
 65  3.566         2.5386         1.6566
 66  3.666         2.5981         1.7059
 67  3.766         2.6555         1.7482
 68  3.866         2.7092         1.7746
 69  3.966         2.7594         1.7974
 70  4.066         2.8066         1.8192
 71  4.166         2.8514         1.8432
 72  4.266         2.8943         1.8677
 73  4.366         2.9357         1.8945
 74  4.466         2.9757         1.9199
 75  4.566         3.0145         1.9465
 76  4.666         3.0526         1.9760
 77  4.766         3.0900         2.0066
 78  4.866         3.1269         2.0387
 79  4.966         3.1637         2.0733
 80  5.066         3.1993         2.0950
 81  5.166         3.2334         2.1118
 82  5.266         3.2668         2.1353
 83  5.366         3.2991         2.1550
 84  5.466         3.3304         2.1725
 85  5.566         3.3607         2.1890
 86  5.666         3.3901         2.2066
 87  5.766         3.4188         2.2252
 88  5.866         3.4468         2.2413
 89  5.966         3.4738         2.2541
 90  6.066         3.5000         2.2679
 91  6.166         3.5256         2.2830
 92  6.266         3.5505         2.2967
 93  6.366         3.5749         2.3122
 94  6.466         3.5987         2.3249
 95  6.566         3.6218         2.3360
 96  6.666         3.6443         2.3478
 97  6.766         3.6664         2.3620
 98  6.866         3.6882         2.3789
 99  6.966         3.7097         2.3939
100  7.066         3.7308         2.4069
101  7.166         3.7517         2.4221
102  7.266         3.7724         2.4411
103  7.366         3.7933         2.4648
104  7.466         3.8142         2.4870
105  7.566         3.8352         2.5095
106  7.666         3.8568         2.5426
107  7.766         3.8786         2.5675
108  7.866         3.9009         2.6017
109  7.966         3.9243         2.6441
110  8.066         3.9488         2.6875
111  8.166         3.9742         2.7282
112  8.266         4.0002         2.7647
113  8.366         4.0267         2.7989
114  8.466         4.0540         2.8391
115  8.566         4.0833         2.8979
116  8.666         4.1149         2.9603
117  8.766         4.1518         3.0636
118  8.866         4.1899         3.1137
119  8.966         4.2276         3.1474
120  9.066         4.2644         3.1737
121  9.166         4.2997         3.1933
122  9.266         4.3338         3.2118
123  9.366         4.3668         3.2306
124  9.466         4.3988         3.2505
125  9.566         4.4303         3.2749
126  9.666         4.4608         3.2928
127  9.766         4.4898         3.2991
128  9.866         4.5177         3.3126
129  9.966         4.5456         3.3394
130 10.066         4.5732         3.3616
131 10.166         4.6004         3.3837
132 10.266         4.6270         3.4007
133 10.366         4.6527         3.4124
134 10.466         4.6776         3.4241
135 10.566         4.7018         3.4356
136 10.666         4.7250         3.4414
137 10.766         4.7473         3.4461
138 10.866         4.7685         3.4470
139 10.966         4.7886         3.4432
140 11.066         4.8077         3.4410
141 11.166         4.8260         3.4419
142 11.266         4.8436         3.4432
143 11.366         4.8605         3.4425
144 11.466         4.8769         3.4464
145 11.566         4.8930         3.4544
146 11.666         4.9087         3.4582
147 11.766         4.9241         3.4644
148 11.866         4.9393         3.4767
149 11.966         4.9546         3.4931
150 12.066         4.9698         3.5061
151 12.166         4.9849         3.5196
152 12.266         5.0000         3.5340


#AGE=11.000 BINS=151 Power-law IMF: x=-2.350
# N  sdss_r       Log10(N)       Log10(dN)
  1 -2.943        -1.0802        -1.0802
  2 -2.843        -0.6660        -0.8773
  3 -2.743        -0.4452        -0.8447
  4 -2.643        -0.3033        -0.8582
  5 -2.543        -0.1820        -0.7950
  6 -2.443        -0.0828        -0.7728
  7 -2.343         0.0006        -0.7570
  8 -2.243         0.0755        -0.7248
  9 -2.143         0.1434        -0.6962
 10 -2.043         0.2045        -0.6772
 11 -1.943         0.2635        -0.6323
 12 -1.843         0.3182        -0.6093
 13 -1.743         0.3682        -0.5954
 14 -1.643         0.4187        -0.5410
 15 -1.543         0.4667        -0.5128
 16 -1.443         0.5114        -0.4987
 17 -1.343         0.5549        -0.4657
 18 -1.243         0.5965        -0.4428
 19 -1.143         0.6397        -0.3844
 20 -1.043         0.7143        -0.0873
 21 -0.943         0.7609        -0.2316
 22 -0.843         0.7997        -0.2692
 23 -0.743         0.8420        -0.1899
 24 -0.643         0.8834        -0.1579
 25 -0.543         0.9199        -0.1735
 26 -0.443         0.9557        -0.1465
 27 -0.343         0.9903        -0.1256
 28 -0.243         1.0241        -0.1008
 29 -0.143         1.0590        -0.0543
 30 -0.043         1.0928        -0.0318
 31  0.057         1.1269         0.0041
 32  0.157         1.1608         0.0366
 33  0.257         1.1946         0.0689
 34  0.357         1.2288         0.1075
 35  0.457         1.2627         0.1391
 36  0.557         1.2966         0.1720
 37  0.657         1.3305         0.2056
 38  0.757         1.3643         0.2388
 39  0.857         1.3980         0.2713
 40  0.957         1.4319         0.3073
 41  1.057         1.4661         0.3452
 42  1.157         1.5001         0.3767
 43  1.257         1.5345         0.4166
 44  1.357         1.5689         0.4508
 45  1.457         1.6038         0.4915
 46  1.557         1.6398         0.5405
 47  1.657         1.6772         0.5933
 48  1.757         1.7145         0.6296
 49  1.857         1.7507         0.6543
 50  1.957         1.7858         0.6752
 51  2.057         1.8190         0.6859
 52  2.157         1.8501         0.6904
 53  2.257         1.8798         0.6996
 54  2.357         1.9086         0.7162
 55  2.457         1.9377         0.7489
 56  2.557         1.9697         0.8212
 57  2.657         2.0110         0.9686
 58  2.757         2.0587         1.0763
 59  2.857         2.1069         1.1283
 60  2.957         2.1584         1.2070
 61  3.057         2.2112         1.2700
 62  3.157         2.2688         1.3623
 63  3.257         2.3290         1.4411
 64  3.357         2.3899         1.5068
 65  3.457         2.4503         1.5639
 66  3.557         2.5097         1.6165
 67  3.657         2.5681         1.6678
 68  3.757         2.6252         1.7152
 69  3.857         2.6806         1.7593
 70  3.957         2.7329         1.7879
 71  4.057         2.7821         1.8117
 72  4.157         2.8289         1.8386
 73  4.257         2.8738         1.8658
 74  4.357         2.9173         1.8965
 75  4.457         2.9594         1.9251
 76  4.557         3.0004         1.9554
 77  4.657         3.0406         1.9862
 78  4.757         3.0798         2.0156
 79  4.857         3.1186         2.0506
 80  4.957         3.1570         2.0853
 81  5.057         3.1939         2.1041
 82  5.157         3.2296         2.1267
 83  5.257         3.2644         2.1519
 84  5.357         3.2983         2.1730
 85  5.457         3.3309         2.1909
 86  5.557         3.3626         2.2096
 87  5.657         3.3933         2.2282
 88  5.757         3.4233         2.2474
 89  5.857         3.4524         2.2638
 90  5.957         3.4805         2.2767
 91  6.057         3.5077         2.2922
 92  6.157         3.5343         2.3071
 93  6.257         3.5602         2.3227
 94  6.357         3.5854         2.3379
 95  6.457         3.6100         2.3507
 96  6.557         3.6339         2.3621
 97  6.657         3.6572         2.3749
 98  6.757         3.6800         2.3895
 99  6.857         3.7026         2.4070
100  6.957         3.7248         2.4216
101  7.057         3.7465         2.4343
102  7.157         3.7679         2.4499
103  7.257         3.7892         2.4702
104  7.357         3.8107         2.4946
105  7.457         3.8322         2.5158
106  7.557         3.8538         2.5403
107  7.657         3.8759         2.5701
108  7.757         3.8982         2.5983
109  7.857         3.9210         2.6308
110  7.957         3.9450         2.6739
111  8.057         3.9696         2.7120
112  8.157         3.9954         2.7552
113  8.257         4.0222         2.7990
114  8.357         4.0490         2.8264
115  8.457         4.0763         2.8617
116  8.557         4.1057         2.9209
117  8.657         4.1371         2.9807
118  8.757         4.1741         3.0868
119  8.857         4.2129         3.1439
120  8.957         4.2513         3.1788
121  9.057         4.2889         3.2078
122  9.157         4.3248         3.2243
123  9.257         4.3596         3.2465
124  9.357         4.3934         3.2681
125  9.457         4.4258         3.2819
126  9.557         4.4570         3.2985
127  9.657         4.4878         3.3223
128  9.757         4.5178         3.3430
129  9.857         4.5468         3.3563
130  9.957         4.5747         3.3696
131 10.057         4.6025         3.3938
132 10.157         4.6299         3.4169
133 10.257         4.6566         3.4321
134 10.357         4.6826         3.4467
135 10.457         4.7077         3.4563
136 10.557         4.7318         3.4651
137 10.657         4.7551         3.4727
138 10.757         4.7774         3.4763
139 10.857         4.7985         3.4751
140 10.957         4.8186         3.4750
141 11.057         4.8379         3.4740
142 11.157         4.8561         3.4711
143 11.257         4.8737         3.4717
144 11.357         4.8908         3.4766
145 11.457         4.9073         3.4787
146 11.557         4.9233         3.4821
147 11.657         4.9390         3.4904
148 11.757         4.9546         3.5010
149 11.857         4.9698         3.5077
150 11.957         4.9849         3.5183
151 12.057         5.0000         3.5334


#AGE=12.000 BINS=152 Power-law IMF: x=-2.350
# N  sdss_r       Log10(N)       Log10(dN)
  1 -2.899        -0.9288        -0.9288
  2 -2.799        -0.6141        -0.9020
  3 -2.699        -0.4377        -0.9141
  4 -2.599        -0.3062        -0.8891
  5 -2.499        -0.1894        -0.8169
  6 -2.399        -0.1003        -0.8322
  7 -2.299        -0.0165        -0.7722
  8 -2.199         0.0513        -0.7884
  9 -2.099         0.1211        -0.7074
 10 -1.999         0.1800        -0.7168
 11 -1.899         0.2381        -0.6644
 12 -1.799         0.2891        -0.6658
 13 -1.699         0.3411        -0.6068
 14 -1.599         0.3898        -0.5846
 15 -1.499         0.4360        -0.5600
 16 -1.399         0.4815        -0.5204
 17 -1.299         0.5243        -0.5033
 18 -1.199         0.5663        -0.4694
 19 -1.099         0.6083        -0.4268
 20 -0.999         0.6801        -0.1372
 21 -0.899         0.7278        -0.2548
 22 -0.799         0.7656        -0.3131
 23 -0.699         0.8071        -0.2334
 24 -0.599         0.8487        -0.1905
 25 -0.499         0.8857        -0.2027
 26 -0.399         0.9213        -0.1825
 27 -0.299         0.9557        -0.1627
 28 -0.199         0.9905        -0.1233
 29 -0.099         1.0242        -0.1019
 30  0.001         1.0585        -0.0615
 31  0.101         1.0926        -0.0292
 32  0.201         1.1266         0.0029
 33  0.301         1.1605         0.0359
 34  0.401         1.1947         0.0749
 35  0.501         1.2289         0.1081
 36  0.601         1.2626         0.1359
 37  0.701         1.2966         0.1727
 38  0.801         1.3307         0.2088
 39  0.901         1.3646         0.2401
 40  1.001         1.3986         0.2751
 41  1.101         1.4329         0.3135
 42  1.201         1.4672         0.3474
 43  1.301         1.5018         0.3862
 44  1.401         1.5364         0.4213
 45  1.501         1.5714         0.4601
 46  1.601         1.6072         0.5049
 47  1.701         1.6444         0.5588
 48  1.801         1.6829         0.6112
 49  1.901         1.7198         0.6309
 50  2.001         1.7561         0.6599
 51  2.101         1.7904         0.6715
 52  2.201         1.8225         0.6758
 53  2.301         1.8530         0.6831
 54  2.401         1.8822         0.6962
 55  2.501         1.9112         0.7205
 56  2.601         1.9410         0.7638
 57  2.701         1.9753         0.8558
 58  2.801         2.0179         0.9883
 59  2.901         2.0637         1.0640
 60  3.001         2.1118         1.1317
 61  3.101         2.1631         1.2107
 62  3.201         2.2170         1.2840
 63  3.301         2.2727         1.3530
 64  3.401         2.3318         1.4363
 65  3.501         2.3913         1.4989
 66  3.601         2.4501         1.5527
 67  3.701         2.5080         1.6039
 68  3.801         2.5652         1.6570
 69  3.901         2.6212         1.7037
 70  4.001         2.6755         1.7458
 71  4.101         2.7270         1.7751
 72  4.201         2.7760         1.8043
 73  4.301         2.8231         1.8348
 74  4.401         2.8685         1.8659
 75  4.501         2.9124         1.8950
 76  4.601         2.9550         1.9249
 77  4.701         2.9965         1.9563
 78  4.801         3.0374         1.9912
 79  4.901         3.0779         2.0273
 80  5.001         3.1169         2.0514
 81  5.101         3.1546         2.0741
 82  5.201         3.1915         2.1021
 83  5.301         3.2272         2.1252
 84  5.401         3.2619         2.1472
 85  5.501         3.2955         2.1666
 86  5.601         3.3280         2.1862
 87  5.701         3.3597         2.2069
 88  5.801         3.3904         2.2248
 89  5.901         3.4200         2.2394
 90  6.001         3.4487         2.2543
 91  6.101         3.4766         2.2704
 92  6.201         3.5038         2.2867
 93  6.301         3.5303         2.3022
 94  6.401         3.5560         2.3166
 95  6.501         3.5810         2.3286
 96  6.601         3.6054         2.3419
 97  6.701         3.6292         2.3558
 98  6.801         3.6526         2.3729
 99  6.901         3.6756         2.3891
100  7.001         3.6981         2.4011
101  7.101         3.7202         2.4159
102  7.201         3.7422         2.4349
103  7.301         3.7642         2.4575
104  7.401         3.7864         2.4838
105  7.501         3.8083         2.5008
106  7.601         3.8307         2.5313
107  7.701         3.8534         2.5616
108  7.801         3.8765         2.5907
109  7.901         3.9004         2.6286
110  8.002         3.9254         2.6740
111  8.101         3.9508         2.7041
112  8.201         3.9772         2.7485
113  8.301         4.0046         2.7912
114  8.401         4.0320         2.8173
115  8.502         4.0605         2.8641
116  8.601         4.0908         2.9196
117  8.701         4.1243         2.9947
118  8.801         4.1634         3.0988
119  8.901         4.2028         3.1412
120  9.002         4.2417         3.1739
121  9.101         4.2792         3.1972
122  9.201         4.3152         3.2161
123  9.301         4.3499         3.2353
124  9.401         4.3834         3.2540
125  9.502         4.4160         3.2749
126  9.601         4.4480         3.2993
127  9.701         4.4789         3.3151
128  9.801         4.5079         3.3195
129  9.901         4.5360         3.3323
130 10.002         4.5642         3.3633
131 10.101         4.5922         3.3871
132 10.201         4.6197         3.4075
133 10.301         4.6465         3.4236
134 10.401         4.6721         3.4299
135 10.502         4.6967         3.4381
136 10.601         4.7205         3.4469
137 10.701         4.7433         3.4509
138 10.801         4.7650         3.4538
139 10.901         4.7857         3.4527
140 11.002         4.8052         3.4493
141 11.101         4.8239         3.4489
142 11.201         4.8419         3.4507
143 11.301         4.8592         3.4501
144 11.401         4.8759         3.4531
145 11.502         4.8923         3.4603
146 11.601         4.9082         3.4642
147 11.701         4.9238         3.4699
148 11.801         4.9392         3.4812
149 11.901         4.9545         3.4957
150 12.002         4.9698         3.5069
151 12.101         4.9849         3.5195
152 12.201         5.0000         3.5341


#AGE=13.000 BINS=154 Power-law IMF: x=-2.350
# N  sdss_r       Log10(N)       Log10(dN)
  1 -2.964         0.3457         0.3457
  2 -2.864         0.3657        -0.9820
  3 -2.764         0.3873        -0.9259
  4 -2.664         0.4063        -0.9627
  5 -2.564         0.4252        -0.9449
  6 -2.464         0.4474        -0.8560
  7 -2.364         0.4676        -0.8730
  8 -2.264         0.4875        -0.8622
  9 -2.164         0.5107        -0.7732
 10 -2.064         0.5310        -0.8105
 11 -1.964         0.5535        -0.7420
 12 -1.864         0.5764        -0.7129
 13 -1.764         0.5995        -0.6868
 14 -1.664         0.6223        -0.6686
 15 -1.564         0.6452        -0.6437
 16 -1.464         0.6724        -0.5456
 17 -1.364         0.7019        -0.4802
 18 -1.264         0.7259        -0.5436
 19 -1.164         0.7499        -0.5195
 20 -1.064         0.7749        -0.4768
 21 -0.964         0.8182        -0.2047
 22 -0.864         0.8517        -0.2781
 23 -0.764         0.8787        -0.3414
 24 -0.664         0.9073        -0.2882
 25 -0.564         0.9381        -0.2266
 26 -0.464         0.9656        -0.2467
 27 -0.364         0.9923        -0.2322
 28 -0.264         1.0195        -0.1962
 29 -0.164         1.0467        -0.1711
 30 -0.064         1.0738        -0.1436
 31  0.036         1.1016        -0.1059
 32  0.136         1.1300        -0.0691
 33  0.236         1.1588        -0.0341
 34  0.336         1.1874        -0.0082
 35  0.436         1.2167         0.0315
 36  0.536         1.2463         0.0646
 37  0.636         1.2763         0.1007
 38  0.736         1.3063         0.1320
 39  0.836         1.3366         0.1653
 40  0.936         1.3676         0.2047
 41  1.036         1.3985         0.2351
 42  1.136         1.4300         0.2749
 43  1.236         1.4617         0.3090
 44  1.336         1.4940         0.3498
 45  1.436         1.5263         0.3825
 46  1.536         1.5593         0.4225
 47  1.636         1.5930         0.4665
 48  1.736         1.6278         0.5147
 49  1.836         1.6649         0.5775
 50  1.936         1.7012         0.6057
 51  2.036         1.7369         0.6335
 52  2.136         1.7711         0.6510
 53  2.236         1.8032         0.6565
 54  2.336         1.8336         0.6634
 55  2.436         1.8627         0.6737
 56  2.536         1.8910         0.6916
 57  2.636         1.9195         0.7213
 58  2.736         1.9498         0.7785
 59  2.836         1.9857         0.8859
 60  2.936         2.0279         0.9945
 61  3.036         2.0723         1.0596
 62  3.136         2.1203         1.1396
 63  3.236         2.1717         1.2200
 64  3.336         2.2265         1.2999
 65  3.436         2.2819         1.3607
 66  3.536         2.3392         1.4311
 67  3.636         2.3974         1.4960
 68  3.736         2.4552         1.5504
 69  3.836         2.5124         1.6038
 70  3.936         2.5691         1.6565
 71  4.036         2.6252         1.7089
 72  4.136         2.6789         1.7448
 73  4.236         2.7298         1.7732
 74  4.336         2.7782         1.8011
 75  4.436         2.8246         1.8305
 76  4.536         2.8695         1.8619
 77  4.636         2.9132         1.8941
 78  4.736         2.9560         1.9289
 79  4.836         2.9984         1.9666
 80  4.936         3.0394         1.9942
 81  5.036         3.0790         2.0187
 82  5.136         3.1175         2.0464
 83  5.236         3.1551         2.0743
 84  5.336         3.1917         2.0988
 85  5.436         3.2271         2.1211
 86  5.536         3.2615         2.1422
 87  5.636         3.2948         2.1635
 88  5.736         3.3272         2.1840
 89  5.836         3.3585         2.2005
 90  5.936         3.3887         2.2155
 91  6.036         3.4180         2.2325
 92  6.136         3.4464         2.2489
 93  6.236         3.4742         2.2656
 94  6.336         3.5012         2.2812
 95  6.436         3.5274         2.2947
 96  6.536         3.5528         2.3079
 97  6.636         3.5776         2.3219
 98  6.736         3.6019         2.3369
 99  6.836         3.6258         2.3555
100  6.936         3.6492         2.3680
101  7.036         3.6720         2.3818
102  7.136         3.6946         2.3991
103  7.236         3.7171         2.4202
104  7.336         3.7397         2.4451
105  7.436         3.7622         2.4649
106  7.536         3.7849         2.4915
107  7.636         3.8079         2.5202
108  7.736         3.8312         2.5491
109  7.836         3.8550         2.5828
110  7.936         3.8797         2.6215
111  8.036         3.9052         2.6613
112  8.136         3.9314         2.6999
113  8.236         3.9587         2.7422
114  8.336         3.9866         2.7808
115  8.436         4.0145         2.8090
116  8.536         4.0433         2.8506
117  8.636         4.0745         2.9158
118  8.736         4.1108         3.0141
119  8.836         4.1508         3.0953
120  8.936         4.1907         3.1344
121  9.036         4.2298         3.1651
122  9.136         4.2671         3.1827
123  9.236         4.3032         3.2049
124  9.336         4.3382         3.2272
125  9.436         4.3722         3.2482
126  9.536         4.4051         3.2685
127  9.636         4.4367         3.2824
128  9.736         4.4668         3.2927
129  9.836         4.4960         3.3100
130  9.936         4.5247         3.3303
131 10.036         4.5529         3.3516
132 10.136         4.5811         3.3785
133 10.236         4.6085         3.3956
134 10.336         4.6348         3.4029
135 10.436         4.6600         3.4125
136 10.536         4.6844         3.4216
137 10.636         4.7078         3.4272
138 10.736         4.7302         3.4312
139 10.836         4.7514         3.4301
140 10.936         4.7716         3.4295
141 11.036         4.7909         3.4284
142 11.136         4.8092         3.4259
143 11.236         4.8269         3.4277
144 11.336         4.8441         3.4320
145 11.436         4.8606         3.4337
146 11.536         4.8768         3.4391
147 11.636         4.8927         3.4481
148 11.736         4.9082         3.4530
149 11.836         4.9234         3.4610
150 11.936         4.9386         3.4754
151 12.036         4.9540         3.4944
152 12.136         4.9693         3.5105
153 12.236         4.9847         3.5254
154 12.336         5.0000         3.5396
