#NUMBER OF AGES=15
#----------------------------------------------------       
#MIX-LEN  Y      Z          Zeff        [Fe/H] [a/Fe]       
# 1.9380  0.2453 1.7240E-04 1.7240E-04  -2.00   0.00        
#----------------------------------------------------       
#**PHOTOMETRIC SYSTEM**: SDSS (AB)                          
#----------------------------------------------------       
#AGE= 0.010 BINS=119 Power-law IMF: x=-2.350
# N  sdss_r       Log10(N)       Log10(dN)
  1 -1.136            NaN         0.0000
  2 -1.036            NaN         0.0000
  3 -0.936            NaN         0.0000
  4 -0.836            NaN         0.0000
  5 -0.736            NaN         1.0741
  6 -0.636            NaN         0.7752
  7 -0.536            NaN         0.6910
  8 -0.436            NaN         1.4682
  9 -0.336            NaN         1.4686
 10 -0.236            NaN         1.4595
 11 -0.136            NaN         1.4773
 12 -0.036            NaN         1.5249
 13  0.064         1.4738         1.6112
 14  0.164         1.8913         1.6821
 15  0.264         2.0854         1.6422
 16  0.364         2.2401         1.7166
 17  0.464         2.3022         1.4271
 18  0.564         2.4046         1.7270
 19  0.664         2.5124         1.8542
 20  0.764         2.6013         1.8691
 21  0.864         2.6914         1.9641
 22  0.964         2.7796         2.0439
 23  1.064         2.8676         2.1308
 24  1.164         2.9363         2.1020
 25  1.264         2.9819         1.9806
 26  1.364         3.0222         1.9696
 27  1.464         3.0588         1.9665
 28  1.564         3.0934         1.9767
 29  1.664         3.1272         2.0013
 30  1.764         3.1634         2.0670
 31  1.864         3.2006         2.1152
 32  1.964         3.2796         2.5002
 33  2.064         3.4663         3.0097
 34  2.164         3.4885         2.1861
 35  2.264         3.5090         2.1733
 36  2.364         3.5283         2.1645
 37  2.464         3.5464         2.1588
 38  2.564         3.5635         2.1511
 39  2.664         3.5804         2.1609
 40  2.764         3.5973         2.1787
 41  2.864         3.6141         2.1939
 42  2.964         3.6310         2.2129
 43  3.064         3.6481         2.2352
 44  3.164         3.6654         2.2571
 45  3.264         3.6829         2.2776
 46  3.364         3.6998         2.2820
 47  3.464         3.7129         2.1867
 48  3.564         3.7261         2.2016
 49  3.664         3.7393         2.2152
 50  3.764         3.7524         2.2258
 51  3.864         3.7654         2.2369
 52  3.964         3.7785         2.2486
 53  4.064         3.7915         2.2610
 54  4.164         3.8045         2.2739
 55  4.264         3.8175         2.2875
 56  4.364         3.8305         2.3018
 57  4.464         3.8436         2.3168
 58  4.564         3.8568         2.3325
 59  4.664         3.8701         2.3489
 60  4.764         3.8835         2.3661
 61  4.864         3.8970         2.3840
 62  4.964         3.9107         2.4019
 63  5.064         3.9245         2.4189
 64  5.164         3.9383         2.4355
 65  5.264         3.9523         2.4515
 66  5.364         3.9633         2.3616
 67  5.464         3.9741         2.3663
 68  5.564         3.9847         2.3680
 69  5.664         3.9945         2.3433
 70  5.764         4.0034         2.3085
 71  5.864         4.0118         2.2936
 72  5.964         4.0202         2.3010
 73  6.064         4.0289         2.3299
 74  6.164         4.0381         2.3556
 75  6.264         4.0478         2.3949
 76  6.364         4.0587         2.4538
 77  6.464         4.0709         2.5129
 78  6.564         4.0843         2.5667
 79  6.664         4.0987         2.6119
 80  6.764         4.1140         2.6526
 81  6.864         4.1321         2.7440
 82  6.964         4.1471         2.6776
 83  7.064         4.1627         2.7102
 84  7.164         4.1786         2.7333
 85  7.264         4.1953         2.7721
 86  7.364         4.2123         2.7956
 87  7.464         4.2288         2.8001
 88  7.564         4.2450         2.8088
 89  7.664         4.2632         2.8762
 90  7.764         4.2811         2.8874
 91  7.864         4.3666         3.6191
 92  7.964         4.4420         3.6441
 93  8.064         4.4853         3.4625
 94  8.164         4.5190         3.3919
 95  8.264         4.5536         3.4386
 96  8.364         4.5804         3.3565
 97  8.464         4.5998         3.2401
 98  8.564         4.6194         3.2644
 99  8.664         4.6389         3.2815
100  8.764         4.6560         3.2432
101  8.864         4.6726         3.2462
102  8.964         4.6893         3.2671
103  9.064         4.7078         3.3264
104  9.164         4.7295         3.4179
105  9.264         4.7494         3.4008
106  9.364         4.7689         3.4117
107  9.464         4.7881         3.4240
108  9.564         4.8071         3.4379
109  9.664         4.8259         3.4532
110  9.764         4.8445         3.4670
111  9.864         4.8627         3.4762
112  9.964         4.8806         3.4862
113 10.064         4.8982         3.4972
114 10.164         4.9156         3.5092
115 10.264         4.9328         3.5223
116 10.364         4.9499         3.5355
117 10.464         4.9667         3.5459
118 10.564         4.9833         3.5591
119 10.664         5.0000         3.5760


#AGE= 0.100 BINS=118 Power-law IMF: x=-2.350
# N  sdss_r       Log10(N)       Log10(dN)
  1 -0.923            NaN         3.5760
  2 -0.823            NaN         3.5760
  3 -0.723            NaN         3.5760
  4 -0.623            NaN         3.5760
  5 -0.523            NaN         3.5760
  6 -0.423            NaN         3.5760
  7 -0.323            NaN         3.5760
  8 -0.223            NaN         1.4593
  9 -0.123            NaN         1.4679
 10 -0.023            NaN         1.4721
 11  0.077            NaN         1.5119
 12  0.177            NaN         1.6126
 13  0.277            NaN         1.7036
 14  0.377         1.1830         1.6699
 15  0.477         1.7019         1.5453
 16  0.577         1.9623         1.6164
 17  0.677         2.2164         1.8627
 18  0.777         2.3787         1.8728
 19  0.877         2.5069         1.9144
 20  0.977         2.6233         1.9944
 21  1.077         2.7275         2.0566
 22  1.177         2.8259         2.1331
 23  1.277         2.9086         2.1472
 24  1.377         2.9604         2.0115
 25  1.477         3.0055         1.9995
 26  1.577         3.0488         2.0266
 27  1.677         3.0884         2.0279
 28  1.777         3.1261         2.0468
 29  1.877         3.1641         2.0862
 30  1.977         3.2034         2.1411
 31  2.077         3.2793         2.4843
 32  2.177         3.4535         2.9725
 33  2.277         3.4759         2.1778
 34  2.377         3.4974         2.1812
 35  2.477         3.5175         2.1730
 36  2.577         3.5364         2.1667
 37  2.677         3.5542         2.1575
 38  2.777         3.5714         2.1603
 39  2.877         3.5886         2.1786
 40  2.977         3.6058         2.1936
 41  3.077         3.6230         2.2120
 42  3.177         3.6404         2.2340
 43  3.277         3.6579         2.2562
 44  3.377         3.6756         2.2770
 45  3.477         3.6923         2.2674
 46  3.577         3.7056         2.1872
 47  3.677         3.7191         2.2020
 48  3.777         3.7325         2.2172
 49  3.877         3.7460         2.2305
 50  3.977         3.7594         2.2415
 51  4.077         3.7727         2.2530
 52  4.177         3.7860         2.2651
 53  4.277         3.7993         2.2778
 54  4.377         3.8125         2.2912
 55  4.477         3.8258         2.3052
 56  4.577         3.8392         2.3199
 57  4.677         3.8526         2.3353
 58  4.777         3.8661         2.3514
 59  4.877         3.8796         2.3683
 60  4.977         3.8934         2.3859
 61  5.077         3.9072         2.4037
 62  5.177         3.9211         2.4208
 63  5.277         3.9352         2.4372
 64  5.377         3.9492         2.4528
 65  5.477         3.9634         2.4698
 66  5.577         3.9768         2.4606
 67  5.677         3.9876         2.3763
 68  5.777         3.9973         2.3426
 69  5.877         4.0060         2.3029
 70  5.977         4.0142         2.2840
 71  6.077         4.0223         2.2890
 72  6.177         4.0307         2.3138
 73  6.277         4.0393         2.3318
 74  6.377         4.0483         2.3618
 75  6.477         4.0584         2.4197
 76  6.577         4.0701         2.4925
 77  6.677         4.0831         2.5525
 78  6.777         4.0972         2.6035
 79  6.877         4.1120         2.6365
 80  6.977         4.1290         2.7138
 81  7.077         4.1447         2.6949
 82  7.177         4.1605         2.7143
 83  7.277         4.1772         2.7530
 84  7.377         4.1945         2.7866
 85  7.477         4.2116         2.7979
 86  7.577         4.2280         2.7956
 87  7.677         4.2465         2.8669
 88  7.777         4.2650         2.8868
 89  7.877         4.2833         2.8975
 90  7.977         4.3011         2.9055
 91  8.077         4.4009         3.7134
 92  8.177         4.4600         3.5645
 93  8.277         4.5031         3.4779
 94  8.377         4.5422         3.4780
 95  8.477         4.5688         3.3425
 96  8.577         4.5884         3.2319
 97  8.677         4.6069         3.2271
 98  8.777         4.6247         3.2283
 99  8.877         4.6431         3.2620
100  8.977         4.6616         3.2812
101  9.077         4.6819         3.3408
102  9.177         4.7049         3.4186
103  9.277         4.7261         3.4033
104  9.377         4.7467         3.4118
105  9.477         4.7667         3.4217
106  9.577         4.7864         3.4329
107  9.677         4.8058         3.4454
108  9.777         4.8249         3.4592
109  9.877         4.8438         3.4729
110  9.977         4.8623         3.4821
111 10.077         4.8804         3.4914
112 10.177         4.8982         3.5014
113 10.277         4.9157         3.5124
114 10.377         4.9330         3.5243
115 10.477         4.9500         3.5361
116 10.577         4.9668         3.5449
117 10.677         4.9834         3.5573
118 10.777         5.0000         3.5743


#AGE= 1.000 BINS=130 Power-law IMF: x=-2.350
# N  sdss_r       Log10(N)       Log10(dN)
  1 -0.992         0.1684         0.1684
  2 -0.892         0.4767         0.1829
  3 -0.792         0.6593         0.1949
  4 -0.692         0.7903         0.2060
  5 -0.592         0.8925         0.2138
  6 -0.492         0.9755         0.2162
  7 -0.392         1.0455         0.2181
  8 -0.292         1.1062         0.2220
  9 -0.192         1.1597         0.2236
 10 -0.092         1.2078         0.2287
 11  0.008         1.2511         0.2276
 12  0.108         1.2907         0.2310
 13  0.208         1.3277         0.2394
 14  0.308         1.4555         0.8622
 15  0.408         1.5452         0.8157
 16  0.508         1.5773         0.4301
 17  0.608         1.5979         0.2648
 18  0.708         1.6198         0.3109
 19  0.808         1.6439         0.3772
 20  0.908         1.6716         0.4625
 21  1.008         1.7039         0.5583
 22  1.108         1.7410         0.6546
 23  1.208         1.7773         0.6808
 24  1.308         1.7956         0.4123
 25  1.408         1.8012        -0.0953
 26  1.508         1.9886         1.5333
 27  1.608         2.1251         1.5561
 28  1.708         2.2348         1.5833
 29  1.808         2.3314         1.6313
 30  1.908         2.4147         1.6569
 31  2.008         2.5013         1.7581
 32  2.108         2.5935         1.8755
 33  2.208         2.6758         1.9129
 34  2.308         2.7533         1.9665
 35  2.408         2.8280         2.0270
 36  2.508         2.9030         2.1032
 37  2.608         2.9555         2.0122
 38  2.708         3.0204         2.1625
 39  2.808         3.0801         2.1890
 40  2.908         3.1274         2.1404
 41  3.008         3.1724         2.1661
 42  3.108         3.2139         2.1737
 43  3.208         3.2528         2.1858
 44  3.308         3.2887         2.1877
 45  3.408         3.3194         2.1539
 46  3.508         3.3469         2.1338
 47  3.608         3.3731         2.1415
 48  3.708         3.3983         2.1491
 49  3.808         3.4216         2.1400
 50  3.908         3.4449         2.1618
 51  4.008         3.4677         2.1775
 52  4.108         3.4897         2.1829
 53  4.208         3.5108         2.1878
 54  4.308         3.5317         2.2024
 55  4.408         3.5523         2.2178
 56  4.508         3.5726         2.2331
 57  4.608         3.5925         2.2444
 58  4.708         3.6119         2.2514
 59  4.808         3.6311         2.2660
 60  4.908         3.6500         2.2802
 61  5.008         3.6687         2.2938
 62  5.108         3.6872         2.3067
 63  5.208         3.7054         2.3189
 64  5.308         3.7233         2.3304
 65  5.408         3.7410         2.3413
 66  5.508         3.7584         2.3514
 67  5.608         3.7754         2.3608
 68  5.708         3.7921         2.3695
 69  5.808         3.8085         2.3773
 70  5.908         3.8246         2.3861
 71  6.008         3.8405         2.3962
 72  6.108         3.8562         2.4053
 73  6.208         3.8716         2.4136
 74  6.308         3.8867         2.4211
 75  6.408         3.9016         2.4291
 76  6.508         3.9162         2.4368
 77  6.608         3.9307         2.4448
 78  6.708         3.9449         2.4518
 79  6.808         3.9587         2.4547
 80  6.908         3.9722         2.4582
 81  7.008         3.9856         2.4682
 82  7.108         3.9989         2.4785
 83  7.208         4.0123         2.4960
 84  7.308         4.0257         2.5088
 85  7.408         4.0390         2.5179
 86  7.508         4.0523         2.5300
 87  7.608         4.0656         2.5476
 88  7.708         4.0792         2.5674
 89  7.808         4.0930         2.5872
 90  7.908         4.1071         2.6132
 91  8.008         4.1219         2.6455
 92  8.108         4.1370         2.6702
 93  8.208         4.1531         2.7153
 94  8.308         4.1700         2.7510
 95  8.408         4.1877         2.7892
 96  8.508         4.2067         2.8370
 97  8.608         4.2283         2.9144
 98  8.708         4.2514         2.9661
 99  8.808         4.2745         2.9897
100  8.908         4.2963         2.9854
101  9.008         4.3153         2.9469
102  9.108         4.3387         3.0583
103  9.208         4.3672         3.1706
104  9.308         4.3955         3.1955
105  9.408         4.4239         3.2247
106  9.508         4.4528         3.2623
107  9.608         4.4818         3.2912
108  9.708         4.5103         3.3138
109  9.808         4.5387         3.3392
110  9.908         4.5667         3.3633
111 10.008         4.5945         3.3856
112 10.108         4.6217         3.4064
113 10.208         4.6489         3.4321
114 10.308         4.6760         3.4571
115 10.408         4.7026         3.4769
116 10.508         4.7285         3.4913
117 10.608         4.7535         3.5001
118 10.708         4.7773         3.5056
119 10.808         4.8007         3.5193
120 10.908         4.8233         3.5296
121 11.008         4.8451         3.5342
122 11.108         4.8658         3.5331
123 11.208         4.8852         3.5263
124 11.308         4.9035         3.5181
125 11.408         4.9208         3.5142
126 11.508         4.9376         3.5150
127 11.608         4.9539         3.5199
128 11.708         4.9695         3.5181
129 11.808         4.9847         3.5221
130 11.908         5.0000         3.5382


#AGE= 2.000 BINS=150 Power-law IMF: x=-2.350
# N  sdss_r       Log10(N)       Log10(dN)
  1 -2.646        -0.4438        -0.4438
  2 -2.546        -0.1332        -0.4249
  3 -2.446         0.0552        -0.3982
  4 -2.346         0.1933        -0.3715
  5 -2.246         0.3037        -0.3453
  6 -2.146         0.3963        -0.3203
  7 -2.046         0.4770        -0.2935
  8 -1.946         0.5488        -0.2686
  9 -1.846         0.6139        -0.2424
 10 -1.746         0.6735        -0.2180
 11 -1.646         0.7282        -0.1992
 12 -1.546         0.8909         0.3856
 13 -1.446         0.9723         0.2053
 14 -1.346         1.0086        -0.0876
 15 -1.246         1.0435        -0.0682
 16 -1.146         1.0777        -0.0430
 17 -1.046         1.1114        -0.0162
 18 -0.946         1.1444         0.0087
 19 -0.846         1.1772         0.0398
 20 -0.746         1.2098         0.0685
 21 -0.646         1.2419         0.0949
 22 -0.546         1.2737         0.1227
 23 -0.446         1.3053         0.1515
 24 -0.346         1.3367         0.1806
 25 -0.246         1.3678         0.2070
 26 -0.146         1.3987         0.2358
 27 -0.046         1.4293         0.2613
 28  0.054         1.4597         0.2901
 29  0.154         1.4900         0.3182
 30  0.254         1.5207         0.3549
 31  0.354         1.5520         0.3937
 32  0.454         1.5844         0.4422
 33  0.554         1.6164         0.4668
 34  0.654         1.6480         0.4941
 35  0.754         1.6784         0.5084
 36  0.854         1.7072         0.5155
 37  0.954         1.7354         0.5339
 38  1.054         1.8108         1.0132
 39  1.154         1.9102         1.2209
 40  1.254         1.9338         0.6572
 41  1.354         1.9575         0.6833
 42  1.454         1.9843         0.7606
 43  1.554         2.0157         0.8598
 44  1.654         2.0532         0.9710
 45  1.754         2.0982         1.0908
 46  1.854         2.1509         1.2089
 47  1.954         2.2113         1.3246
 48  2.054         2.2783         1.4333
 49  2.154         2.3500         1.5328
 50  2.254         2.4238         1.6179
 51  2.354         2.5002         1.7077
 52  2.454         2.5776         1.7905
 53  2.554         2.6547         1.8661
 54  2.654         2.7280         1.9188
 55  2.754         2.7952         1.9521
 56  2.854         2.8563         1.9737
 57  2.954         2.9121         1.9940
 58  3.054         2.9643         2.0184
 59  3.154         3.0129         2.0371
 60  3.254         3.0563         2.0342
 61  3.354         3.0940         2.0143
 62  3.454         3.1292         2.0200
 63  3.554         3.1630         2.0376
 64  3.654         3.1950         2.0469
 65  3.754         3.2248         2.0457
 66  3.854         3.2545         2.0749
 67  3.954         3.2835         2.0944
 68  4.054         3.3108         2.0955
 69  4.154         3.3372         2.1081
 70  4.254         3.3633         2.1279
 71  4.354         3.3888         2.1448
 72  4.454         3.4136         2.1586
 73  4.554         3.4378         2.1713
 74  4.654         3.4610         2.1782
 75  4.754         3.4838         2.1913
 76  4.854         3.5064         2.2125
 77  4.954         3.5288         2.2300
 78  5.054         3.5512         2.2519
 79  5.154         3.5729         2.2614
 80  5.254         3.5938         2.2662
 81  5.354         3.6141         2.2732
 82  5.454         3.6339         2.2820
 83  5.554         3.6532         2.2925
 84  5.654         3.6722         2.3046
 85  5.754         3.6909         2.3156
 86  5.854         3.7093         2.3258
 87  5.954         3.7273         2.3358
 88  6.054         3.7450         2.3458
 89  6.154         3.7623         2.3550
 90  6.254         3.7793         2.3639
 91  6.354         3.7960         2.3727
 92  6.454         3.8124         2.3809
 93  6.554         3.8285         2.3892
 94  6.654         3.8442         2.3957
 95  6.754         3.8597         2.4022
 96  6.854         3.8747         2.4070
 97  6.954         3.8894         2.4101
 98  7.054         3.9040         2.4243
 99  7.154         3.9187         2.4402
100  7.254         3.9333         2.4543
101  7.354         3.9478         2.4631
102  7.454         3.9621         2.4730
103  7.554         3.9765         2.4905
104  7.654         3.9910         2.5072
105  7.754         4.0057         2.5264
106  7.854         4.0208         2.5550
107  7.954         4.0365         2.5871
108  8.054         4.0524         2.6090
109  8.154         4.0699         2.6661
110  8.254         4.0893         2.7283
111  8.354         4.1101         2.7806
112  8.454         4.1320         2.8247
113  8.554         4.1547         2.8612
114  8.654         4.1777         2.8903
115  8.754         4.2006         2.9115
116  8.854         4.2230         2.9236
117  8.954         4.2443         2.9250
118  9.054         4.2668         2.9700
119  9.154         4.2982         3.1415
120  9.254         4.3276         3.1435
121  9.354         4.3561         3.1592
122  9.454         4.3849         3.1923
123  9.554         4.4134         3.2166
124  9.654         4.4418         3.2425
125  9.754         4.4700         3.2681
126  9.854         4.4979         3.2914
127  9.954         4.5255         3.3151
128 10.054         4.5528         3.3381
129 10.154         4.5798         3.3601
130 10.254         4.6068         3.3863
131 10.354         4.6337         3.4129
132 10.454         4.6603         3.4334
133 10.554         4.6861         3.4478
134 10.654         4.7109         3.4559
135 10.754         4.7347         3.4609
136 10.854         4.7579         3.4743
137 10.954         4.7804         3.4831
138 11.054         4.8019         3.4860
139 11.154         4.8222         3.4828
140 11.254         4.8413         3.4745
141 11.354         4.8593         3.4680
142 11.454         4.8765         3.4662
143 11.554         4.8932         3.4692
144 11.654         4.9095         3.4740
145 11.754         4.9251         3.4743
146 11.854         4.9404         3.4799
147 11.954         4.9556         3.4911
148 12.054         4.9705         3.4991
149 12.154         4.9853         3.5088
150 12.254         5.0000         3.5236


#AGE= 3.000 BINS=151 Power-law IMF: x=-2.350
# N  sdss_r       Log10(N)       Log10(dN)
  1 -2.812        -0.5825        -0.5825
  2 -2.712        -0.2676        -0.5553
  3 -2.612        -0.0803        -0.5357
  4 -2.512         0.0566        -0.5114
  5 -2.412         0.1665        -0.4842
  6 -2.312         0.2598        -0.4540
  7 -2.212         0.3407        -0.4290
  8 -2.112         0.4130        -0.4010
  9 -2.012         0.4785        -0.3752
 10 -1.912         0.5391        -0.3462
 11 -1.812         0.5954        -0.3197
 12 -1.712         0.6481        -0.2938
 13 -1.612         0.6976        -0.2701
 14 -1.512         0.7450        -0.2412
 15 -1.412         0.8337         0.1007
 16 -1.312         0.9547         0.3405
 17 -1.212         0.9898        -0.1203
 18 -1.112         1.0233        -0.1062
 19 -1.012         1.0560        -0.0829
 20 -0.912         1.0884        -0.0557
 21 -0.812         1.1204        -0.0280
 22 -0.712         1.1521        -0.0001
 23 -0.612         1.1837         0.0295
 24 -0.512         1.2152         0.0612
 25 -0.412         1.2465         0.0884
 26 -0.312         1.2777         0.1175
 27 -0.212         1.3087         0.1480
 28 -0.112         1.3396         0.1762
 29 -0.012         1.3703         0.2039
 30  0.088         1.4010         0.2352
 31  0.188         1.4315         0.2633
 32  0.288         1.4620         0.2926
 33  0.388         1.4924         0.3233
 34  0.488         1.5230         0.3547
 35  0.588         1.5544         0.3984
 36  0.688         1.5869         0.4457
 37  0.788         1.6212         0.5008
 38  0.888         1.6539         0.5152
 39  0.988         1.6849         0.5231
 40  1.088         1.7149         0.5386
 41  1.188         1.7439         0.5546
 42  1.288         1.7726         0.5785
 43  1.388         1.8028         0.6293
 44  1.488         1.9297         1.3337
 45  1.588         1.9731         0.9509
 46  1.688         2.0103         0.9244
 47  1.788         2.0471         0.9572
 48  1.888         2.0880         1.0419
 49  1.988         2.1351         1.1463
 50  2.088         2.1886         1.2534
 51  2.188         2.2483         1.3565
 52  2.288         2.3138         1.4600
 53  2.388         2.3833         1.5530
 54  2.488         2.4552         1.6388
 55  2.588         2.5287         1.7211
 56  2.688         2.6017         1.7913
 57  2.788         2.6746         1.8634
 58  2.888         2.7420         1.8996
 59  2.988         2.8035         1.9244
 60  3.088         2.8591         1.9386
 61  3.188         2.9076         1.9316
 62  3.288         2.9515         1.9348
 63  3.388         2.9934         1.9563
 64  3.488         3.0334         1.9787
 65  3.588         3.0709         1.9880
 66  3.688         3.1063         1.9997
 67  3.788         3.1415         2.0336
 68  3.888         3.1757         2.0547
 69  3.988         3.2081         2.0650
 70  4.088         3.2396         2.0841
 71  4.188         3.2704         2.1056
 72  4.288         3.3003         2.1235
 73  4.388         3.3292         2.1384
 74  4.488         3.3573         2.1533
 75  4.588         3.3844         2.1663
 76  4.688         3.4108         2.1821
 77  4.788         3.4370         2.2034
 78  4.888         3.4626         2.2211
 79  4.988         3.4875         2.2332
 80  5.088         3.5118         2.2484
 81  5.188         3.5352         2.2549
 82  5.288         3.5577         2.2611
 83  5.388         3.5798         2.2742
 84  5.488         3.6015         2.2897
 85  5.588         3.6227         2.3001
 86  5.688         3.6434         2.3116
 87  5.788         3.6637         2.3232
 88  5.888         3.6835         2.3340
 89  5.988         3.7030         2.3446
 90  6.088         3.7220         2.3545
 91  6.188         3.7407         2.3642
 92  6.288         3.7589         2.3731
 93  6.388         3.7768         2.3821
 94  6.488         3.7943         2.3914
 95  6.588         3.8115         2.3993
 96  6.688         3.8282         2.4060
 97  6.788         3.8446         2.4120
 98  6.888         3.8604         2.4154
 99  6.988         3.8761         2.4261
100  7.088         3.8917         2.4399
101  7.188         3.9074         2.4562
102  7.288         3.9229         2.4674
103  7.388         3.9381         2.4747
104  7.488         3.9533         2.4898
105  7.588         3.9686         2.5071
106  7.688         3.9838         2.5227
107  7.788         3.9995         2.5491
108  7.888         4.0156         2.5773
109  7.988         4.0324         2.6093
110  8.088         4.0493         2.6325
111  8.188         4.0663         2.6508
112  8.288         4.0835         2.6726
113  8.388         4.1011         2.6994
114  8.488         4.1193         2.7332
115  8.588         4.1386         2.7767
116  8.688         4.1596         2.8335
117  8.788         4.1833         2.9083
118  8.888         4.2114         3.0087
119  8.988         4.2474         3.1472
120  9.088         4.2827         3.1756
121  9.188         4.3155         3.1770
122  9.288         4.3446         3.1562
123  9.388         4.3740         3.1898
124  9.488         4.4034         3.2200
125  9.588         4.4322         3.2397
126  9.688         4.4605         3.2603
127  9.788         4.4885         3.2843
128  9.888         4.5162         3.3073
129  9.988         4.5437         3.3304
130 10.088         4.5708         3.3531
131 10.188         4.5977         3.3760
132 10.288         4.6246         3.4028
133 10.388         4.6512         3.4256
134 10.488         4.6773         3.4427
135 10.588         4.7025         3.4539
136 10.688         4.7270         3.4660
137 10.788         4.7511         3.4833
138 10.888         4.7744         3.4933
139 10.988         4.7967         3.4960
140 11.088         4.8177         3.4910
141 11.188         4.8374         3.4841
142 11.288         4.8561         3.4813
143 11.388         4.8740         3.4810
144 11.488         4.8914         3.4833
145 11.588         4.9080         3.4840
146 11.688         4.9240         3.4830
147 11.788         4.9397         3.4880
148 11.888         4.9551         3.4983
149 11.988         4.9702         3.5039
150 12.088         4.9851         3.5128
151 12.188         5.0000         3.5279


#AGE= 4.000 BINS=152 Power-law IMF: x=-2.350
# N  sdss_r       Log10(N)       Log10(dN)
  1 -2.815        -0.6659        -0.6659
  2 -2.715        -0.3561        -0.6485
  3 -2.615        -0.1694        -0.6260
  4 -2.515        -0.0317        -0.5976
  5 -2.415         0.0783        -0.5719
  6 -2.315         0.1701        -0.5499
  7 -2.215         0.2513        -0.5169
  8 -2.115         0.3242        -0.4866
  9 -2.015         0.3898        -0.4639
 10 -1.915         0.4504        -0.4344
 11 -1.815         0.5071        -0.4053
 12 -1.715         0.5602        -0.3792
 13 -1.615         0.6103        -0.3518
 14 -1.515         0.6581        -0.3245
 15 -1.415         0.7038        -0.2969
 16 -1.315         0.7453        -0.2946
 17 -1.215         0.8877         0.3343
 18 -1.115         0.9347        -0.0545
 19 -1.015         0.9690        -0.1513
 20 -0.915         1.0022        -0.1299
 21 -0.815         1.0350        -0.1038
 22 -0.715         1.0673        -0.0775
 23 -0.615         1.0995        -0.0460
 24 -0.515         1.1312        -0.0211
 25 -0.415         1.1632         0.0141
 26 -0.315         1.1949         0.0423
 27 -0.215         1.2264         0.0722
 28 -0.115         1.2580         0.1032
 29 -0.015         1.2893         0.1323
 30  0.085         1.3206         0.1627
 31  0.185         1.3519         0.1945
 32  0.285         1.3828         0.2190
 33  0.385         1.4138         0.2522
 34  0.485         1.4448         0.2833
 35  0.585         1.4758         0.3134
 36  0.685         1.5069         0.3463
 37  0.785         1.5386         0.3864
 38  0.885         1.5715         0.4345
 39  0.985         1.6059         0.4876
 40  1.085         1.6397         0.5147
 41  1.185         1.6721         0.5283
 42  1.285         1.7032         0.5422
 43  1.385         1.7330         0.5554
 44  1.485         1.7622         0.5753
 45  1.585         1.7915         0.6049
 46  1.685         1.8245         0.6901
 47  1.785         1.9366         1.2935
 48  1.885         1.9871         1.0271
 49  1.985         2.0333         1.0376
 50  2.085         2.0822         1.1100
 51  2.185         2.1366         1.2073
 52  2.285         2.1930         1.2780
 53  2.385         2.2541         1.3727
 54  2.485         2.3196         1.4654
 55  2.585         2.3879         1.5509
 56  2.685         2.4582         1.6326
 57  2.785         2.5288         1.7049
 58  2.885         2.5990         1.7728
 59  2.985         2.6644         1.8099
 60  3.085         2.7225         1.8207
 61  3.185         2.7756         1.8361
 62  3.285         2.8253         1.8596
 63  3.385         2.8722         1.8825
 64  3.485         2.9159         1.8966
 65  3.585         2.9569         1.9120
 66  3.685         2.9975         1.9478
 67  3.785         3.0372         1.9782
 68  3.885         3.0749         1.9950
 69  3.985         3.1113         2.0165
 70  4.085         3.1468         2.0416
 71  4.185         3.1814         2.0649
 72  4.285         3.2148         2.0849
 73  4.385         3.2472         2.1032
 74  4.485         3.2785         2.1213
 75  4.585         3.3088         2.1372
 76  4.685         3.3384         2.1573
 77  4.785         3.3673         2.1759
 78  4.885         3.3952         2.1888
 79  4.985         3.4219         2.1984
 80  5.085         3.4482         2.2167
 81  5.185         3.4734         2.2244
 82  5.285         3.4978         2.2345
 83  5.385         3.5217         2.2515
 84  5.485         3.5451         2.2653
 85  5.585         3.5679         2.2763
 86  5.685         3.5902         2.2889
 87  5.785         3.6120         2.3021
 88  5.885         3.6333         2.3131
 89  5.985         3.6541         2.3233
 90  6.085         3.6744         2.3348
 91  6.185         3.6943         2.3446
 92  6.285         3.7137         2.3541
 93  6.385         3.7327         2.3641
 94  6.485         3.7512         2.3734
 95  6.585         3.7694         2.3822
 96  6.685         3.7871         2.3888
 97  6.785         3.8044         2.3947
 98  6.885         3.8212         2.4004
 99  6.985         3.8377         2.4092
100  7.085         3.8542         2.4262
101  7.185         3.8707         2.4408
102  7.285         3.8869         2.4519
103  7.385         3.9028         2.4595
104  7.485         3.9188         2.4754
105  7.585         3.9348         2.4942
106  7.685         3.9508         2.5077
107  7.785         3.9671         2.5351
108  7.885         3.9840         2.5649
109  7.985         4.0014         2.5964
110  8.085         4.0193         2.6234
111  8.185         4.0373         2.6463
112  8.285         4.0556         2.6726
113  8.385         4.0745         2.7036
114  8.485         4.0942         2.7410
115  8.585         4.1151         2.7869
116  8.685         4.1378         2.8443
117  8.785         4.1632         2.9169
118  8.885         4.1927         3.0102
119  8.985         4.2291         3.1346
120  9.085         4.2634         3.1435
121  9.185         4.2962         3.1591
122  9.285         4.3264         3.1536
123  9.385         4.3569         3.1873
124  9.485         4.3869         3.2115
125  9.585         4.4161         3.2291
126  9.685         4.4448         3.2505
127  9.785         4.4731         3.2730
128  9.885         4.5010         3.2946
129  9.985         4.5284         3.3162
130 10.085         4.5556         3.3379
131 10.185         4.5824         3.3597
132 10.285         4.6089         3.3804
133 10.385         4.6349         3.4003
134 10.485         4.6609         3.4249
135 10.585         4.6865         3.4448
136 10.685         4.7114         3.4566
137 10.785         4.7351         3.4608
138 10.885         4.7581         3.4704
139 10.985         4.7803         3.4785
140 11.085         4.8016         3.4808
141 11.185         4.8217         3.4773
142 11.285         4.8406         3.4697
143 11.385         4.8585         3.4652
144 11.485         4.8757         3.4653
145 11.585         4.8925         3.4702
146 11.685         4.9087         3.4735
147 11.785         4.9244         3.4750
148 11.885         4.9399         3.4824
149 11.985         4.9552         3.4944
150 12.085         4.9702         3.5025
151 12.185         4.9851         3.5130
152 12.285         5.0000         3.5279


#AGE= 5.000 BINS=152 Power-law IMF: x=-2.350
# N  sdss_r       Log10(N)       Log10(dN)
  1 -2.817        -0.7286        -0.7286
  2 -2.717        -0.4191        -0.7118
  3 -2.617        -0.2299        -0.6819
  4 -2.517        -0.0921        -0.6579
  5 -2.417         0.0182        -0.6309
  6 -2.317         0.1114        -0.6029
  7 -2.217         0.1923        -0.5773
  8 -2.117         0.2652        -0.5459
  9 -2.017         0.3309        -0.5215
 10 -1.917         0.3918        -0.4911
 11 -1.817         0.4482        -0.4663
 12 -1.717         0.5020        -0.4321
 13 -1.617         0.5520        -0.4115
 14 -1.517         0.6000        -0.3801
 15 -1.417         0.6461        -0.3503
 16 -1.317         0.6903        -0.3249
 17 -1.217         0.7322        -0.3032
 18 -1.117         0.8701         0.3048
 19 -1.017         0.9076        -0.1750
 20 -0.917         0.9426        -0.1689
 21 -0.817         0.9762        -0.1518
 22 -0.717         1.0094        -0.1242
 23 -0.617         1.0419        -0.0990
 24 -0.517         1.0744        -0.0688
 25 -0.417         1.1067        -0.0369
 26 -0.317         1.1390        -0.0060
 27 -0.217         1.1710         0.0220
 28 -0.117         1.2031         0.0556
 29 -0.017         1.2350         0.0851
 30  0.083         1.2667         0.1146
 31  0.183         1.2985         0.1481
 32  0.283         1.3302         0.1767
 33  0.383         1.3616         0.2053
 34  0.483         1.3931         0.2376
 35  0.583         1.4245         0.2680
 36  0.683         1.4559         0.3004
 37  0.783         1.4873         0.3302
 38  0.883         1.5191         0.3685
 39  0.983         1.5512         0.4042
 40  1.083         1.5849         0.4580
 41  1.183         1.6202         0.5124
 42  1.283         1.6544         0.5337
 43  1.383         1.6872         0.5491
 44  1.483         1.7186         0.5624
 45  1.583         1.7489         0.5769
 46  1.683         1.7783         0.5949
 47  1.783         1.8078         0.6251
 48  1.883         1.8407         0.7035
 49  1.983         1.9289         1.1934
 50  2.083         1.9889         1.0993
 51  2.183         2.0395         1.0809
 52  2.283         2.0927         1.1543
 53  2.383         2.1502         1.2435
 54  2.483         2.2119         1.3343
 55  2.583         2.2774         1.4232
 56  2.683         2.3445         1.5004
 57  2.783         2.4115         1.5668
 58  2.883         2.4780         1.6298
 59  2.983         2.5427         1.6843
 60  3.083         2.6070         1.7455
 61  3.183         2.6681         1.7861
 62  3.283         2.7241         1.8070
 63  3.383         2.7752         1.8201
 64  3.483         2.8233         1.8445
 65  3.583         2.8704         1.8824
 66  3.683         2.9158         1.9127
 67  3.783         2.9588         1.9323
 68  3.883         3.0000         1.9566
 69  3.983         3.0399         1.9837
 70  4.083         3.0788         2.0115
 71  4.183         3.1166         2.0381
 72  4.283         3.1534         2.0629
 73  4.383         3.1887         2.0814
 74  4.483         3.2228         2.1002
 75  4.583         3.2558         2.1211
 76  4.683         3.2880         2.1411
 77  4.783         3.3189         2.1560
 78  4.883         3.3484         2.1665
 79  4.983         3.3769         2.1793
 80  5.083         3.4050         2.2011
 81  5.183         3.4318         2.2096
 82  5.283         3.4580         2.2248
 83  5.383         3.4836         2.2418
 84  5.483         3.5085         2.2551
 85  5.583         3.5328         2.2673
 86  5.683         3.5564         2.2810
 87  5.783         3.5795         2.2942
 88  5.883         3.6021         2.3064
 89  5.983         3.6241         2.3174
 90  6.083         3.6455         2.3286
 91  6.183         3.6665         2.3397
 92  6.283         3.6870         2.3497
 93  6.383         3.7069         2.3599
 94  6.483         3.7265         2.3699
 95  6.583         3.7456         2.3790
 96  6.683         3.7641         2.3859
 97  6.783         3.7822         2.3920
 98  6.883         3.7998         2.3985
 99  6.983         3.8171         2.4095
100  7.083         3.8344         2.4250
101  7.183         3.8515         2.4398
102  7.283         3.8684         2.4494
103  7.383         3.8850         2.4602
104  7.483         3.9017         2.4775
105  7.583         3.9183         2.4928
106  7.683         3.9348         2.5062
107  7.783         3.9518         2.5353
108  7.883         3.9694         2.5688
109  7.983         3.9872         2.5901
110  8.083         4.0054         2.6185
111  8.183         4.0242         2.6526
112  8.283         4.0438         2.6885
113  8.383         4.0643         2.7271
114  8.483         4.0858         2.7696
115  8.583         4.1086         2.8172
116  8.683         4.1330         2.8717
117  8.783         4.1598         2.9355
118  8.883         4.1896         3.0116
119  8.983         4.2240         3.1063
120  9.083         4.2586         3.1423
121  9.183         4.2915         3.1544
122  9.283         4.3225         3.1603
123  9.383         4.3541         3.2011
124  9.483         4.3851         3.2232
125  9.583         4.4148         3.2349
126  9.683         4.4442         3.2596
127  9.783         4.4728         3.2783
128  9.883         4.5008         3.2954
129  9.983         4.5283         3.3169
130 10.083         4.5555         3.3379
131 10.183         4.5822         3.3589
132 10.283         4.6087         3.3798
133 10.383         4.6347         3.3993
134 10.483         4.6603         3.4181
135 10.583         4.6857         3.4406
136 10.683         4.7106         3.4561
137 10.783         4.7344         3.4622
138 10.883         4.7574         3.4694
139 10.983         4.7796         3.4776
140 11.083         4.8009         3.4800
141 11.183         4.8210         3.4766
142 11.283         4.8399         3.4697
143 11.383         4.8579         3.4660
144 11.483         4.8752         3.4668
145 11.583         4.8920         3.4722
146 11.683         4.9083         3.4744
147 11.783         4.9241         3.4765
148 11.883         4.9396         3.4843
149 11.983         4.9550         3.4963
150 12.083         4.9701         3.5040
151 12.183         4.9850         3.5146
152 12.283         5.0000         3.5296


#AGE= 6.000 BINS=152 Power-law IMF: x=-2.350
# N  sdss_r       Log10(N)       Log10(dN)
  1 -2.884        -0.7775        -0.7775
  2 -2.784        -0.4671        -0.7589
  3 -2.684        -0.2834        -0.7458
  4 -2.584        -0.1471        -0.7167
  5 -2.484        -0.0374        -0.6888
  6 -2.384         0.0549        -0.6629
  7 -2.284         0.1370        -0.6271
  8 -2.184         0.2079        -0.6142
  9 -2.084         0.2740        -0.5763
 10 -1.984         0.3346        -0.5503
 11 -1.884         0.3913        -0.5207
 12 -1.784         0.4444        -0.4951
 13 -1.684         0.4950        -0.4633
 14 -1.584         0.5429        -0.4385
 15 -1.484         0.5889        -0.4089
 16 -1.384         0.6331        -0.3814
 17 -1.284         0.6761        -0.3498
 18 -1.184         0.7173        -0.3256
 19 -1.084         0.8360         0.2148
 20 -0.984         0.8812        -0.1238
 21 -0.884         0.9168        -0.1883
 22 -0.784         0.9507        -0.1728
 23 -0.684         0.9841        -0.1472
 24 -0.584         1.0170        -0.1197
 25 -0.484         1.0497        -0.0898
 26 -0.384         1.0821        -0.0607
 27 -0.284         1.1145        -0.0296
 28 -0.184         1.1467         0.0005
 29 -0.084         1.1789         0.0341
 30  0.016         1.2110         0.0631
 31  0.116         1.2431         0.0958
 32  0.216         1.2751         0.1265
 33  0.316         1.3071         0.1587
 34  0.416         1.3389         0.1881
 35  0.516         1.3706         0.2174
 36  0.616         1.4023         0.2497
 37  0.716         1.4340         0.2824
 38  0.816         1.4656         0.3122
 39  0.916         1.4975         0.3475
 40  1.016         1.5295         0.3809
 41  1.116         1.5621         0.4211
 42  1.216         1.5961         0.4732
 43  1.316         1.6317         0.5269
 44  1.416         1.6666         0.5552
 45  1.516         1.7001         0.5699
 46  1.616         1.7322         0.5848
 47  1.716         1.7631         0.5999
 48  1.816         1.7930         0.6166
 49  1.916         1.8224         0.6385
 50  2.016         1.8536         0.6936
 51  2.116         1.9010         0.9158
 52  2.216         1.9823         1.2149
 53  2.316         2.0356         1.0980
 54  2.416         2.0896         1.1576
 55  2.516         2.1471         1.2402
 56  2.616         2.2082         1.3265
 57  2.716         2.2727         1.4122
 58  2.816         2.3387         1.4878
 59  2.916         2.4049         1.5557
 60  3.016         2.4709         1.6196
 61  3.116         2.5353         1.6750
 62  3.216         2.5987         1.7312
 63  3.316         2.6598         1.7782
 64  3.416         2.7178         1.8149
 65  3.516         2.7719         1.8406
 66  3.616         2.8224         1.8629
 67  3.716         2.8701         1.8872
 68  3.816         2.9157         1.9145
 69  3.916         2.9598         1.9447
 70  4.016         3.0025         1.9735
 71  4.116         3.0437         2.0004
 72  4.216         3.0836         2.0268
 73  4.316         3.1221         2.0512
 74  4.416         3.1595         2.0758
 75  4.516         3.1957         2.0981
 76  4.616         3.2304         2.1159
 77  4.716         3.2637         2.1324
 78  4.816         3.2956         2.1459
 79  4.916         3.3262         2.1585
 80  5.016         3.3563         2.1823
 81  5.116         3.3856         2.2006
 82  5.216         3.4138         2.2120
 83  5.316         3.4414         2.2300
 84  5.416         3.4682         2.2457
 85  5.516         3.4943         2.2594
 86  5.616         3.5196         2.2730
 87  5.716         3.5443         2.2868
 88  5.816         3.5684         2.3009
 89  5.916         3.5919         2.3129
 90  6.016         3.6147         2.3248
 91  6.116         3.6371         2.3370
 92  6.216         3.6588         2.3474
 93  6.316         3.6800         2.3584
 94  6.416         3.7008         2.3693
 95  6.516         3.7210         2.3790
 96  6.616         3.7407         2.3876
 97  6.716         3.7598         2.3950
 98  6.816         3.7785         2.4019
 99  6.916         3.7967         2.4099
100  7.016         3.8147         2.4230
101  7.116         3.8326         2.4389
102  7.216         3.8503         2.4512
103  7.316         3.8676         2.4598
104  7.416         3.8849         2.4758
105  7.516         3.9021         2.4927
106  7.616         3.9191         2.5022
107  7.716         3.9364         2.5289
108  7.816         3.9542         2.5569
109  7.916         3.9724         2.5857
110  8.016         3.9913         2.6206
111  8.116         4.0111         2.6610
112  8.216         4.0317         2.6967
113  8.316         4.0527         2.7271
114  8.416         4.0743         2.7612
115  8.516         4.0969         2.8004
116  8.616         4.1206         2.8462
117  8.716         4.1460         2.9007
118  8.816         4.1738         2.9662
119  8.916         4.2050         3.0461
120  9.016         4.2408         3.1391
121  9.116         4.2755         3.1610
122  9.216         4.3085         3.1730
123  9.316         4.3402         3.1878
124  9.416         4.3723         3.2244
125  9.516         4.4034         3.2424
126  9.616         4.4334         3.2588
127  9.716         4.4628         3.2789
128  9.816         4.4916         3.2988
129  9.916         4.5198         3.3184
130 10.016         4.5475         3.3372
131 10.116         4.5746         3.3563
132 10.216         4.6012         3.3761
133 10.316         4.6275         3.3954
134 10.416         4.6532         3.4140
135 10.516         4.6786         3.4331
136 10.616         4.7038         3.4537
137 10.716         4.7282         3.4660
138 10.816         4.7517         3.4739
139 10.916         4.7746         3.4850
140 11.016         4.7965         3.4889
141 11.116         4.8172         3.4852
142 11.216         4.8368         3.4797
143 11.316         4.8554         3.4777
144 11.416         4.8732         3.4788
145 11.516         4.8906         3.4827
146 11.616         4.9072         3.4824
147 11.716         4.9233         3.4840
148 11.816         4.9391         3.4911
149 11.916         4.9546         3.5017
150 12.016         4.9699         3.5075
151 12.116         4.9849         3.5173
152 12.216         5.0000         3.5326


#AGE= 7.000 BINS=151 Power-law IMF: x=-2.350
# N  sdss_r       Log10(N)       Log10(dN)
  1 -2.898        -0.7922        -0.7922
  2 -2.798        -0.4847        -0.7793
  3 -2.698        -0.3027        -0.7682
  4 -2.598        -0.1621        -0.7206
  5 -2.498        -0.0570        -0.7246
  6 -2.398         0.0363        -0.6772
  7 -2.298         0.1150        -0.6658
  8 -2.198         0.1889        -0.6168
  9 -2.098         0.2533        -0.6067
 10 -1.998         0.3134        -0.5753
 11 -1.898         0.3702        -0.5419
 12 -1.798         0.4228        -0.5197
 13 -1.698         0.4739        -0.4804
 14 -1.598         0.5225        -0.4529
 15 -1.498         0.5684        -0.4300
 16 -1.398         0.6123        -0.4049
 17 -1.298         0.6553        -0.3703
 18 -1.198         0.6970        -0.3421
 19 -1.098         0.7365        -0.3236
 20 -0.998         0.8517         0.2189
 21 -0.898         0.8918        -0.1623
 22 -0.798         0.9275        -0.1757
 23 -0.698         0.9614        -0.1631
 24 -0.598         0.9949        -0.1350
 25 -0.498         1.0281        -0.1044
 26 -0.398         1.0611        -0.0746
 27 -0.298         1.0938        -0.0457
 28 -0.198         1.1263        -0.0151
 29 -0.098         1.1590         0.0186
 30  0.002         1.1916         0.0510
 31  0.102         1.2239         0.0793
 32  0.202         1.2562         0.1113
 33  0.302         1.2885         0.1439
 34  0.402         1.3209         0.1784
 35  0.502         1.3531         0.2060
 36  0.602         1.3852         0.2379
 37  0.702         1.4173         0.2703
 38  0.802         1.4493         0.3013
 39  0.902         1.4815         0.3353
 40  1.002         1.5139         0.3704
 41  1.102         1.5462         0.4021
 42  1.202         1.5790         0.4402
 43  1.302         1.6126         0.4850
 44  1.402         1.6483         0.5454
 45  1.502         1.6844         0.5866
 46  1.602         1.7191         0.6033
 47  1.702         1.7523         0.6199
 48  1.802         1.7843         0.6355
 49  1.902         1.8151         0.6510
 50  2.002         1.8448         0.6653
 51  2.102         1.8748         0.6984
 52  2.202         1.9090         0.7884
 53  2.302         1.9731         1.1107
 54  2.402         2.0357         1.1635
 55  2.502         2.0887         1.1492
 56  2.602         2.1448         1.2281
 57  2.702         2.2049         1.3159
 58  2.802         2.2681         1.4003
 59  2.902         2.3331         1.4762
 60  3.002         2.3988         1.5458
 61  3.102         2.4640         1.6086
 62  3.202         2.5287         1.6693
 63  3.302         2.5921         1.7255
 64  3.402         2.6547         1.7822
 65  3.502         2.7139         1.8195
 66  3.602         2.7689         1.8441
 67  3.702         2.8205         1.8698
 68  3.802         2.8696         1.8986
 69  3.902         2.9166         1.9276
 70  4.002         2.9616         1.9554
 71  4.102         3.0051         1.9835
 72  4.202         3.0471         2.0117
 73  4.302         3.0878         2.0392
 74  4.402         3.1270         2.0637
 75  4.502         3.1647         2.0845
 76  4.602         3.2009         2.1035
 77  4.702         3.2355         2.1193
 78  4.802         3.2687         2.1356
 79  4.902         3.3009         2.1548
 80  5.002         3.3328         2.1837
 81  5.102         3.3638         2.2018
 82  5.202         3.3936         2.2151
 83  5.302         3.4226         2.2331
 84  5.402         3.4508         2.2496
 85  5.502         3.4782         2.2646
 86  5.602         3.5048         2.2790
 87  5.702         3.5307         2.2934
 88  5.802         3.5560         2.3085
 89  5.902         3.5806         2.3212
 90  6.002         3.6045         2.3337
 91  6.102         3.6279         2.3467
 92  6.202         3.6506         2.3574
 93  6.302         3.6727         2.3689
 94  6.402         3.6943         2.3807
 95  6.502         3.7154         2.3909
 96  6.602         3.7359         2.3997
 97  6.702         3.7558         2.4073
 98  6.802         3.7752         2.4154
 99  6.902         3.7942         2.4244
100  7.002         3.8128         2.4354
101  7.102         3.8313         2.4535
102  7.202         3.8496         2.4642
103  7.302         3.8674         2.4722
104  7.402         3.8853         2.4907
105  7.502         3.9032         2.5080
106  7.602         3.9209         2.5227
107  7.702         3.9385         2.5371
108  7.802         3.9567         2.5712
109  7.902         3.9755         2.6027
110  8.002         3.9943         2.6209
111  8.102         4.0145         2.6716
112  8.202         4.0356         2.7111
113  8.302         4.0570         2.7392
114  8.402         4.0789         2.7707
115  8.502         4.1015         2.8079
116  8.602         4.1254         2.8527
117  8.702         4.1509         2.9076
118  8.802         4.1790         2.9757
119  8.902         4.2109         3.0612
120  9.002         4.2461         3.1372
121  9.102         4.2836         3.2015
122  9.202         4.3175         3.1935
123  9.302         4.3501         3.2083
124  9.402         4.3828         3.2442
125  9.502         4.4146         3.2631
126  9.602         4.4452         3.2783
127  9.702         4.4751         3.2975
128  9.802         4.5043         3.3182
129  9.902         4.5330         3.3387
130 10.002         4.5610         3.3557
131 10.102         4.5883         3.3734
132 10.202         4.6151         3.3918
133 10.302         4.6413         3.4097
134 10.402         4.6671         3.4278
135 10.502         4.6925         3.4468
136 10.602         4.7176         3.4661
137 10.702         4.7419         3.4783
138 10.802         4.7656         3.4914
139 10.902         4.7886         3.5004
140 11.002         4.8104         3.4998
141 11.102         4.8310         3.4982
142 11.202         4.8508         3.4986
143 11.302         4.8697         3.4993
144 11.402         4.8878         3.4996
145 11.502         4.9051         3.4964
146 11.602         4.9218         3.4970
147 11.702         4.9380         3.5029
148 11.802         4.9540         3.5112
149 11.902         4.9695         3.5141
150 12.002         4.9847         3.5228
151 12.102         5.0000         3.5388


#AGE= 8.000 BINS=153 Power-law IMF: x=-2.350
# N  sdss_r       Log10(N)       Log10(dN)
  1 -2.882        -0.8480        -0.8480
  2 -2.782        -0.5492        -0.8524
  3 -2.682        -0.3580        -0.8066
  4 -2.582        -0.2197        -0.7839
  5 -2.482        -0.1119        -0.7698
  6 -2.382        -0.0190        -0.7345
  7 -2.282         0.0622        -0.7058
  8 -2.182         0.1337        -0.6850
  9 -2.082         0.1994        -0.6536
 10 -1.982         0.2596        -0.6285
 11 -1.882         0.3170        -0.5900
 12 -1.782         0.3701        -0.5686
 13 -1.682         0.4205        -0.5404
 14 -1.582         0.4687        -0.5094
 15 -1.482         0.5150        -0.4802
 16 -1.382         0.5593        -0.4538
 17 -1.282         0.6032        -0.4140
 18 -1.182         0.6449        -0.3941
 19 -1.082         0.6845        -0.3748
 20 -0.982         0.7312        -0.2602
 21 -0.882         0.8346         0.1607
 22 -0.782         0.8718        -0.2144
 23 -0.682         0.9072        -0.1984
 24 -0.582         0.9409        -0.1860
 25 -0.482         0.9745        -0.1540
 26 -0.382         1.0079        -0.1233
 27 -0.282         1.0410        -0.0934
 28 -0.182         1.0741        -0.0602
 29 -0.082         1.1070        -0.0299
 30  0.018         1.1397         0.0007
 31  0.118         1.1724         0.0333
 32  0.218         1.2051         0.0656
 33  0.318         1.2377         0.0970
 34  0.418         1.2703         0.1291
 35  0.518         1.3028         0.1612
 36  0.618         1.3353         0.1933
 37  0.718         1.3678         0.2254
 38  0.818         1.4002         0.2568
 39  0.918         1.4326         0.2897
 40  1.018         1.4652         0.3239
 41  1.118         1.4977         0.3558
 42  1.218         1.5306         0.3929
 43  1.318         1.5638         0.4305
 44  1.418         1.5979         0.4760
 45  1.518         1.6339         0.5351
 46  1.618         1.6705         0.5779
 47  1.718         1.7056         0.5959
 48  1.818         1.7394         0.6130
 49  1.918         1.7718         0.6284
 50  2.018         1.8030         0.6441
 51  2.118         1.8329         0.6557
 52  2.218         1.8630         0.6886
 53  2.318         1.8962         0.7631
 54  2.418         1.9464         0.9844
 55  2.518         2.0103         1.1471
 56  2.618         2.0641         1.1304
 57  2.718         2.1196         1.1982
 58  2.818         2.1790         1.2858
 59  2.918         2.2417         1.3703
 60  3.018         2.3065         1.4482
 61  3.118         2.3719         1.5172
 62  3.218         2.4365         1.5774
 63  3.318         2.5003         1.6353
 64  3.418         2.5624         1.6872
 65  3.518         2.6238         1.7443
 66  3.618         2.6828         1.7865
 67  3.718         2.7383         1.8169
 68  3.818         2.7902         1.8424
 69  3.918         2.8397         1.8720
 70  4.018         2.8872         1.9022
 71  4.118         2.9326         1.9299
 72  4.218         2.9762         1.9562
 73  4.318         3.0179         1.9794
 74  4.418         3.0578         2.0009
 75  4.518         3.0959         2.0206
 76  4.618         3.1326         2.0405
 77  4.718         3.1679         2.0611
 78  4.818         3.2023         2.0832
 79  4.918         3.2362         2.1124
 80  5.018         3.2698         2.1419
 81  5.118         3.3019         2.1551
 82  5.218         3.3331         2.1728
 83  5.318         3.3633         2.1916
 84  5.418         3.3927         2.2083
 85  5.518         3.4212         2.2242
 86  5.618         3.4488         2.2386
 87  5.718         3.4758         2.2551
 88  5.818         3.5020         2.2704
 89  5.918         3.5275         2.2831
 90  6.018         3.5523         2.2965
 91  6.118         3.5765         2.3097
 92  6.218         3.5999         2.3208
 93  6.318         3.6228         2.3331
 94  6.418         3.6452         2.3454
 95  6.518         3.6669         2.3552
 96  6.618         3.6880         2.3640
 97  6.718         3.7085         2.3729
 98  6.818         3.7285         2.3821
 99  6.918         3.7480         2.3904
100  7.018         3.7673         2.4051
101  7.118         3.7864         2.4196
102  7.218         3.8051         2.4304
103  7.318         3.8235         2.4423
104  7.418         3.8419         2.4598
105  7.518         3.8602         2.4746
106  7.618         3.8781         2.4850
107  7.718         3.8965         2.5137
108  7.818         3.9153         2.5437
109  7.918         3.9346         2.5711
110  8.018         3.9550         2.6180
111  8.118         3.9758         2.6455
112  8.218         3.9957         2.6468
113  8.318         4.0165         2.6856
114  8.418         4.0381         2.7254
115  8.518         4.0610         2.7702
116  8.618         4.0853         2.8224
117  8.718         4.1119         2.8853
118  8.818         4.1417         2.9637
119  8.918         4.1767         3.0649
120  9.018         4.2170         3.1643
121  9.118         4.2518         3.1390
122  9.218         4.2859         3.1633
123  9.318         4.3192         3.1882
124  9.418         4.3531         3.2276
125  9.518         4.3849         3.2346
126  9.618         4.4159         3.2539
127  9.718         4.4461         3.2738
128  9.818         4.4757         3.2946
129  9.918         4.5046         3.3126
130 10.018         4.5326         3.3286
131 10.118         4.5600         3.3463
132 10.218         4.5868         3.3635
133 10.318         4.6130         3.3807
134 10.418         4.6387         3.3986
135 10.518         4.6641         3.4175
136 10.618         4.6889         3.4336
137 10.718         4.7131         3.4469
138 10.818         4.7366         3.4586
139 10.918         4.7591         3.4622
140 11.018         4.7808         3.4675
141 11.118         4.8015         3.4698
142 11.218         4.8212         3.4679
143 11.318         4.8398         3.4630
144 11.418         4.8576         3.4612
145 11.518         4.8748         3.4639
146 11.618         4.8916         3.4703
147 11.718         4.9078         3.4720
148 11.818         4.9236         3.4762
149 11.918         4.9392         3.4858
150 12.018         4.9546         3.4983
151 12.118         4.9698         3.5068
152 12.218         4.9849         3.5182
153 12.318         5.0000         3.5332


#AGE= 9.000 BINS=151 Power-law IMF: x=-2.350
# N  sdss_r       Log10(N)       Log10(dN)
  1 -2.858        -0.8238        -0.8238
  2 -2.758        -0.5254        -0.8290
  3 -2.658        -0.3431        -0.8082
  4 -2.558        -0.2027        -0.7613
  5 -2.458        -0.0961        -0.7584
  6 -2.358        -0.0034        -0.7198
  7 -2.258         0.0783        -0.6874
  8 -2.158         0.1510        -0.6613
  9 -2.058         0.2163        -0.6384
 10 -1.958         0.2782        -0.5985
 11 -1.858         0.3340        -0.5846
 12 -1.758         0.3884        -0.5408
 13 -1.658         0.4377        -0.5321
 14 -1.558         0.4870        -0.4819
 15 -1.458         0.5335        -0.4605
 16 -1.358         0.5777        -0.4365
 17 -1.258         0.6205        -0.4072
 18 -1.158         0.6627        -0.3709
 19 -1.058         0.7033        -0.3453
 20 -0.958         0.7400        -0.3520
 21 -0.858         0.8475         0.1884
 22 -0.758         0.8879        -0.1629
 23 -0.658         0.9241        -0.1735
 24 -0.558         0.9586        -0.1590
 25 -0.458         0.9924        -0.1321
 26 -0.358         1.0261        -0.1009
 27 -0.258         1.0594        -0.0730
 28 -0.158         1.0926        -0.0406
 29 -0.058         1.1258        -0.0067
 30  0.042         1.1589         0.0235
 31  0.142         1.1918         0.0559
 32  0.242         1.2248         0.0883
 33  0.342         1.2577         0.1217
 34  0.442         1.2906         0.1530
 35  0.542         1.3234         0.1849
 36  0.642         1.3561         0.2171
 37  0.742         1.3888         0.2496
 38  0.842         1.4216         0.2831
 39  0.942         1.4544         0.3164
 40  1.042         1.4873         0.3498
 41  1.142         1.5201         0.3822
 42  1.242         1.5532         0.4184
 43  1.342         1.5864         0.4536
 44  1.442         1.6202         0.4939
 45  1.542         1.6549         0.5409
 46  1.642         1.6917         0.6009
 47  1.742         1.7285         0.6387
 48  1.842         1.7637         0.6551
 49  1.942         1.7976         0.6730
 50  2.042         1.8301         0.6885
 51  2.142         1.8610         0.6978
 52  2.242         1.8907         0.7111
 53  2.342         1.9206         0.7438
 54  2.442         1.9539         0.8218
 55  2.542         2.0017         1.0193
 56  2.642         2.0605         1.1630
 57  2.742         2.1150         1.1870
 58  2.842         2.1684         1.2316
 59  2.942         2.2271         1.3286
 60  3.042         2.2887         1.4105
 61  3.142         2.3524         1.4874
 62  3.242         2.4166         1.5545
 63  3.342         2.4801         1.6133
 64  3.442         2.5425         1.6693
 65  3.542         2.6036         1.7214
 66  3.642         2.6644         1.7806
 67  3.742         2.7232         1.8262
 68  3.842         2.7789         1.8590
 69  3.942         2.8310         1.8844
 70  4.042         2.8798         1.9066
 71  4.142         2.9260         1.9293
 72  4.242         2.9697         1.9507
 73  4.342         3.0113         1.9720
 74  4.442         3.0511         1.9940
 75  4.542         3.0897         2.0190
 76  4.642         3.1271         2.0438
 77  4.742         3.1635         2.0686
 78  4.842         3.1994         2.0991
 79  4.942         3.2353         2.1350
 80  5.042         3.2699         2.1541
 81  5.142         3.3032         2.1706
 82  5.242         3.3355         2.1916
 83  5.342         3.3670         2.2110
 84  5.442         3.3974         2.2279
 85  5.542         3.4269         2.2443
 86  5.642         3.4555         2.2601
 87  5.742         3.4834         2.2773
 88  5.842         3.5105         2.2926
 89  5.942         3.5368         2.3060
 90  6.042         3.5624         2.3196
 91  6.142         3.5873         2.3328
 92  6.242         3.6114         2.3448
 93  6.342         3.6350         2.3580
 94  6.442         3.6580         2.3699
 95  6.542         3.6803         2.3794
 96  6.642         3.7019         2.3886
 97  6.742         3.7230         2.3987
 98  6.842         3.7435         2.4078
 99  6.942         3.7636         2.4187
100  7.042         3.7834         2.4325
101  7.142         3.8029         2.4460
102  7.242         3.8221         2.4572
103  7.342         3.8411         2.4735
104  7.442         3.8600         2.4890
105  7.542         3.8786         2.5008
106  7.642         3.8972         2.5199
107  7.742         3.9161         2.5460
108  7.842         3.9357         2.5801
109  7.942         3.9554         2.6013
110  8.042         3.9762         2.6467
111  8.142         3.9979         2.6846
112  8.242         4.0195         2.7057
113  8.342         4.0421         2.7470
114  8.442         4.0659         2.7943
115  8.542         4.0908         2.8368
116  8.642         4.1168         2.8800
117  8.742         4.1443         2.9333
118  8.842         4.1744         3.0001
119  8.942         4.2084         3.0849
120  9.042         4.2471         3.1776
121  9.142         4.2828         3.1797
122  9.242         4.3169         3.1949
123  9.342         4.3519         3.2406
124  9.442         4.3852         3.2541
125  9.542         4.4173         3.2701
126  9.642         4.4487         3.2926
127  9.742         4.4792         3.3101
128  9.842         4.5087         3.3265
129  9.942         4.5376         3.3463
130 10.042         4.5658         3.3637
131 10.142         4.5932         3.3796
132 10.242         4.6199         3.3961
133 10.342         4.6461         3.4134
134 10.442         4.6718         3.4316
135 10.542         4.6971         3.4490
136 10.642         4.7217         3.4622
137 10.742         4.7456         3.4748
138 10.842         4.7688         3.4840
139 10.942         4.7912         3.4933
140 11.042         4.8126         3.4941
141 11.142         4.8328         3.4902
142 11.242         4.8520         3.4890
143 11.342         4.8705         3.4902
144 11.442         4.8883         3.4927
145 11.542         4.9054         3.4916
146 11.642         4.9219         3.4938
147 11.742         4.9381         3.5009
148 11.842         4.9540         3.5094
149 11.942         4.9694         3.5135
150 12.042         4.9847         3.5230
151 12.142         5.0000         3.5389


#AGE=10.000 BINS=153 Power-law IMF: x=-2.350
# N  sdss_r       Log10(N)       Log10(dN)
  1 -2.884        -0.8909        -0.8909
  2 -2.784        -0.5734        -0.8586
  3 -2.684        -0.3884        -0.8482
  4 -2.584        -0.2517        -0.8204
  5 -2.484        -0.1407        -0.7873
  6 -2.384        -0.0530        -0.7912
  7 -2.284         0.0275        -0.7436
  8 -2.184         0.1020        -0.7003
  9 -2.084         0.1664        -0.6947
 10 -1.984         0.2252        -0.6719
 11 -1.884         0.2824        -0.6264
 12 -1.784         0.3361        -0.5981
 13 -1.684         0.3864        -0.5751
 14 -1.584         0.4339        -0.5501
 15 -1.484         0.4811        -0.5066
 16 -1.384         0.5249        -0.4929
 17 -1.284         0.5684        -0.4530
 18 -1.184         0.6106        -0.4224
 19 -1.084         0.6513        -0.3972
 20 -0.984         0.6910        -0.3680
 21 -0.884         0.7300        -0.3357
 22 -0.784         0.8327         0.1562
 23 -0.684         0.8713        -0.1989
 24 -0.584         0.9067        -0.1993
 25 -0.484         0.9409        -0.1797
 26 -0.384         0.9741        -0.1601
 27 -0.284         1.0077        -0.1200
 28 -0.184         1.0409        -0.0916
 29 -0.084         1.0737        -0.0645
 30  0.016         1.1068        -0.0282
 31  0.116         1.1400         0.0065
 32  0.216         1.1729         0.0363
 33  0.316         1.2060         0.0715
 34  0.416         1.2389         0.1027
 35  0.516         1.2717         0.1333
 36  0.616         1.3047         0.1683
 37  0.716         1.3374         0.1976
 38  0.816         1.3703         0.2342
 39  0.916         1.4032         0.2658
 40  1.016         1.4361         0.2997
 41  1.116         1.4692         0.3344
 42  1.216         1.5022         0.3663
 43  1.316         1.5354         0.4022
 44  1.416         1.5688         0.4390
 45  1.516         1.6027         0.4784
 46  1.616         1.6376         0.5250
 47  1.716         1.6741         0.5798
 48  1.816         1.7117         0.6310
 49  1.916         1.7477         0.6480
 50  2.016         1.7823         0.6661
 51  2.116         1.8153         0.6805
 52  2.216         1.8466         0.6882
 53  2.316         1.8765         0.7004
 54  2.416         1.9063         0.7273
 55  2.516         1.9377         0.7817
 56  2.616         1.9763         0.9052
 57  2.716         2.0306         1.1007
 58  2.816         2.0843         1.1504
 59  2.916         2.1389         1.2107
 60  3.016         2.1936         1.2668
 61  3.116         2.2539         1.3666
 62  3.216         2.3166         1.4451
 63  3.316         2.3803         1.5154
 64  3.416         2.4437         1.5771
 65  3.516         2.5062         1.6329
 66  3.616         2.5672         1.6851
 67  3.716         2.6272         1.7381
 68  3.816         2.6854         1.7834
 69  3.916         2.7409         1.8203
 70  4.016         2.7924         1.8405
 71  4.116         2.8403         1.8593
 72  4.216         2.8852         1.8772
 73  4.316         2.9281         1.9018
 74  4.416         2.9696         1.9289
 75  4.516         3.0099         1.9574
 76  4.616         3.0492         1.9862
 77  4.716         3.0875         2.0145
 78  4.816         3.1256         2.0492
 79  4.916         3.1633         2.0836
 80  5.016         3.1996         2.1038
 81  5.116         3.2346         2.1239
 82  5.216         3.2688         2.1468
 83  5.316         3.3019         2.1676
 84  5.416         3.3339         2.1857
 85  5.516         3.3649         2.2030
 86  5.616         3.3950         2.2207
 87  5.716         3.4242         2.2382
 88  5.816         3.4527         2.2547
 89  5.916         3.4802         2.2682
 90  6.016         3.5069         2.2826
 91  6.116         3.5329         2.2968
 92  6.216         3.5581         2.3095
 93  6.316         3.5827         2.3230
 94  6.416         3.6066         2.3359
 95  6.516         3.6298         2.3458
 96  6.616         3.6523         2.3556
 97  6.716         3.6742         2.3662
 98  6.816         3.6956         2.3768
 99  6.916         3.7164         2.3859
100  7.016         3.7368         2.4005
101  7.116         3.7570         2.4138
102  7.216         3.7767         2.4240
103  7.316         3.7963         2.4412
104  7.416         3.8159         2.4594
105  7.516         3.8350         2.4690
106  7.616         3.8538         2.4803
107  7.716         3.8733         2.5154
108  7.816         3.8933         2.5467
109  7.916         3.9136         2.5731
110  8.016         3.9353         2.6229
111  8.116         3.9562         2.6295
112  8.216         3.9781         2.6690
113  8.316         4.0013         2.7183
114  8.416         4.0254         2.7581
115  8.516         4.0505         2.7990
116  8.616         4.0754         2.8217
117  8.716         4.1012         2.8613
118  8.816         4.1297         2.9326
119  8.916         4.1644         3.0497
120  9.016         4.2064         3.1718
121  9.116         4.2424         3.1423
122  9.216         4.2785         3.1805
123  9.316         4.3131         3.1967
124  9.416         4.3474         3.2279
125  9.516         4.3808         3.2505
126  9.616         4.4133         3.2716
127  9.716         4.4439         3.2759
128  9.816         4.4730         3.2849
129  9.916         4.5030         3.3273
130 10.016         4.5319         3.3405
131 10.116         4.5596         3.3514
132 10.216         4.5866         3.3667
133 10.316         4.6130         3.3841
134 10.416         4.6390         3.4032
135 10.516         4.6645         3.4193
136 10.616         4.6891         3.4315
137 10.716         4.7131         3.4433
138 10.816         4.7365         3.4556
139 10.916         4.7589         3.4613
140 11.016         4.7804         3.4642
141 11.116         4.8010         3.4667
142 11.216         4.8207         3.4661
143 11.316         4.8393         3.4622
144 11.416         4.8571         3.4608
145 11.516         4.8743         3.4640
146 11.616         4.8911         3.4706
147 11.716         4.9074         3.4727
148 11.816         4.9232         3.4778
149 11.916         4.9389         3.4879
150 12.016         4.9544         3.5000
151 12.116         4.9697         3.5085
152 12.216         4.9848         3.5200
153 12.316         5.0000         3.5351


#AGE=11.000 BINS=151 Power-law IMF: x=-2.350
# N  sdss_r       Log10(N)       Log10(dN)
  1 -2.899        -0.8956        -0.8956
  2 -2.799        -0.5693        -0.8464
  3 -2.699        -0.3780        -0.8263
  4 -2.599        -0.2387        -0.8003
  5 -2.499        -0.1319        -0.7935
  6 -2.399        -0.0374        -0.7461
  7 -2.299         0.0463        -0.7097
  8 -2.199         0.1150        -0.7202
  9 -2.099         0.1824        -0.6601
 10 -1.999         0.2443        -0.6324
 11 -1.899         0.3007        -0.6133
 12 -1.799         0.3528        -0.5939
 13 -1.699         0.4043        -0.5469
 14 -1.599         0.4515        -0.5362
 15 -1.499         0.4987        -0.4884
 16 -1.399         0.5436        -0.4641
 17 -1.299         0.5868        -0.4372
 18 -1.199         0.6287        -0.4071
 19 -1.099         0.6693        -0.3810
 20 -0.999         0.7095        -0.3432
 21 -0.899         0.7471        -0.3346
 22 -0.799         0.7952        -0.1845
 23 -0.699         0.8870         0.1671
 24 -0.599         0.9241        -0.1631
 25 -0.499         0.9590        -0.1536
 26 -0.399         0.9927        -0.1339
 27 -0.299         1.0261        -0.1043
 28 -0.199         1.0593        -0.0739
 29 -0.099         1.0924        -0.0425
 30  0.001         1.1256        -0.0066
 31  0.101         1.1589         0.0261
 32  0.201         1.1919         0.0571
 33  0.301         1.2249         0.0884
 34  0.401         1.2579         0.1224
 35  0.501         1.2909         0.1559
 36  0.601         1.3240         0.1898
 37  0.701         1.3571         0.2221
 38  0.801         1.3900         0.2535
 39  0.901         1.4231         0.2885
 40  1.001         1.4563         0.3226
 41  1.101         1.4894         0.3554
 42  1.201         1.5227         0.3906
 43  1.301         1.5562         0.4264
 44  1.401         1.5897         0.4607
 45  1.501         1.6235         0.4979
 46  1.601         1.6578         0.5380
 47  1.701         1.6928         0.5822
 48  1.801         1.7297         0.6401
 49  1.901         1.7677         0.6910
 50  2.001         1.8043         0.7124
 51  2.101         1.8395         0.7304
 52  2.201         1.8731         0.7451
 53  2.301         1.9047         0.7513
 54  2.401         1.9350         0.7633
 55  2.501         1.9648         0.7862
 56  2.601         1.9955         0.8293
 57  2.701         2.0309         0.9242
 58  2.801         2.0779         1.0890
 59  2.901         2.1306         1.1886
 60  3.001         2.1826         1.2350
 61  3.101         2.2370         1.3084
 62  3.201         2.2924         1.3707
 63  3.301         2.3525         1.4637
 64  3.401         2.4138         1.5334
 65  3.501         2.4749         1.5931
 66  3.601         2.5351         1.6471
 67  3.701         2.5939         1.6963
 68  3.801         2.6515         1.7455
 69  3.901         2.7076         1.7907
 70  4.001         2.7619         1.8320
 71  4.101         2.8125         1.8537
 72  4.201         2.8602         1.8775
 73  4.301         2.9055         1.9014
 74  4.401         2.9494         1.9320
 75  4.501         2.9921         1.9637
 76  4.601         3.0336         1.9937
 77  4.701         3.0742         2.0244
 78  4.801         3.1144         2.0607
 79  4.901         3.1538         2.0921
 80  5.001         3.1916         2.1133
 81  5.101         3.2284         2.1372
 82  5.201         3.2641         2.1621
 83  5.301         3.2989         2.1846
 84  5.401         3.3325         2.2042
 85  5.501         3.3649         2.2228
 86  5.601         3.3964         2.2410
 87  5.701         3.4270         2.2600
 88  5.801         3.4568         2.2773
 89  5.901         3.4855         2.2913
 90  6.001         3.5133         2.3064
 91  6.101         3.5403         2.3207
 92  6.201         3.5665         2.3342
 93  6.301         3.5921         2.3488
 94  6.401         3.6169         2.3614
 95  6.501         3.6409         2.3723
 96  6.601         3.6643         2.3830
 97  6.701         3.6870         2.3939
 98  6.801         3.7091         2.4051
 99  6.901         3.7306         2.4150
100  7.001         3.7517         2.4274
101  7.101         3.7725         2.4417
102  7.201         3.7929         2.4548
103  7.301         3.8130         2.4696
104  7.401         3.8330         2.4847
105  7.501         3.8525         2.4953
106  7.601         3.8721         2.5172
107  7.701         3.8919         2.5407
108  7.801         3.9123         2.5747
109  7.901         3.9328         2.5957
110  8.001         3.9549         2.6512
111  8.101         3.9770         2.6718
112  8.201         3.9984         2.6808
113  8.301         4.0222         2.7487
114  8.401         4.0470         2.7909
115  8.501         4.0729         2.8356
116  8.601         4.0999         2.8802
117  8.701         4.1282         2.9283
118  8.801         4.1581         2.9814
119  8.901         4.1891         3.0268
120  9.001         4.2270         3.1495
121  9.101         4.2650         3.1882
122  9.201         4.3009         3.2001
123  9.301         4.3365         3.2328
124  9.401         4.3724         3.2721
125  9.501         4.4059         3.2765
126  9.601         4.4383         3.2952
127  9.701         4.4698         3.3146
128  9.801         4.5007         3.3372
129  9.901         4.5308         3.3563
130 10.001         4.5597         3.3693
131 10.101         4.5878         3.3842
132 10.201         4.6152         3.4015
133 10.301         4.6421         3.4199
134 10.401         4.6683         3.4359
135 10.501         4.6937         3.4490
136 10.601         4.7184         3.4613
137 10.701         4.7425         3.4735
138 10.801         4.7658         3.4842
139 10.901         4.7884         3.4935
140 11.001         4.8101         3.4990
141 11.101         4.8307         3.4961
142 11.201         4.8503         3.4939
143 11.301         4.8690         3.4946
144 11.401         4.8871         3.4972
145 11.501         4.9044         3.4966
146 11.601         4.9211         3.4988
147 11.701         4.9375         3.5057
148 11.801         4.9536         3.5134
149 11.901         4.9692         3.5171
150 12.001         4.9846         3.5266
151 12.101         5.0000         3.5426


#AGE=12.000 BINS=153 Power-law IMF: x=-2.350
# N  sdss_r       Log10(N)       Log10(dN)
  1 -2.953        -0.9545        -0.9545
  2 -2.853        -0.6205        -0.8909
  3 -2.753        -0.4394        -0.9066
  4 -2.653        -0.2999        -0.8609
  5 -2.553        -0.1881        -0.8324
  6 -2.453        -0.0972        -0.8211
  7 -2.353        -0.0148        -0.7770
  8 -2.253         0.0533        -0.7848
  9 -2.153         0.1194        -0.7309
 10 -2.053         0.1786        -0.7158
 11 -1.953         0.2350        -0.6800
 12 -1.853         0.2898        -0.6363
 13 -1.753         0.3396        -0.6254
 14 -1.653         0.3875        -0.5936
 15 -1.553         0.4343        -0.5563
 16 -1.453         0.4794        -0.5270
 17 -1.353         0.5220        -0.5070
 18 -1.253         0.5639        -0.4724
 19 -1.153         0.6056        -0.4329
 20 -1.053         0.6451        -0.4153
 21 -0.953         0.6840        -0.3839
 22 -0.853         0.7222        -0.3519
 23 -0.753         0.7624        -0.2913
 24 -0.653         0.8558         0.1426
 25 -0.553         0.8932        -0.1904
 26 -0.453         0.9276        -0.1912
 27 -0.353         0.9613        -0.1651
 28 -0.253         0.9943        -0.1410
 29 -0.153         1.0277        -0.1040
 30 -0.053         1.0605        -0.0769
 31  0.047         1.0934        -0.0439
 32  0.147         1.1263        -0.0103
 33  0.247         1.1595         0.0263
 34  0.347         1.1924         0.0553
 35  0.447         1.2253         0.0889
 36  0.547         1.2583         0.1225
 37  0.647         1.2913         0.1548
 38  0.747         1.3244         0.1899
 39  0.847         1.3575         0.2232
 40  0.947         1.3906         0.2559
 41  1.047         1.4238         0.2918
 42  1.147         1.4571         0.3245
 43  1.247         1.4904         0.3593
 44  1.347         1.5239         0.3946
 45  1.447         1.5577         0.4317
 46  1.547         1.5917         0.4678
 47  1.647         1.6260         0.5066
 48  1.747         1.6609         0.5491
 49  1.847         1.6969         0.5976
 50  1.947         1.7352         0.6610
 51  2.047         1.7729         0.6930
 52  2.147         1.8090         0.7113
 53  2.247         1.8436         0.7274
 54  2.347         1.8760         0.7331
 55  2.447         1.9069         0.7429
 56  2.547         1.9368         0.7593
 57  2.647         1.9666         0.7888
 58  2.747         1.9985         0.8482
 59  2.847         2.0368         0.9639
 60  2.947         2.0853         1.1091
 61  3.047         2.1350         1.1685
 62  3.147         2.1866         1.2364
 63  3.247         2.2413         1.3140
 64  3.347         2.2964         1.3729
 65  3.447         2.3551         1.4565
 66  3.547         2.4152         1.5266
 67  3.647         2.4748         1.5834
 68  3.747         2.5336         1.6360
 69  3.847         2.5910         1.6839
 70  3.947         2.6480         1.7376
 71  4.047         2.7033         1.7811
 72  4.147         2.7565         1.8178
 73  4.247         2.8067         1.8446
 74  4.347         2.8547         1.8744
 75  4.447         2.9010         1.9056
 76  4.547         2.9455         1.9342
 77  4.647         2.9887         1.9655
 78  4.747         3.0313         2.0017
 79  4.847         3.0730         2.0344
 80  4.947         3.1130         2.0579
 81  5.047         3.1519         2.0840
 82  5.147         3.1897         2.1115
 83  5.247         3.2266         2.1365
 84  5.347         3.2622         2.1586
 85  5.447         3.2967         2.1796
 86  5.547         3.3301         2.1989
 87  5.647         3.3624         2.2190
 88  5.747         3.3939         2.2382
 89  5.847         3.4242         2.2530
 90  5.947         3.4535         2.2685
 91  6.047         3.4820         2.2841
 92  6.147         3.5096         2.2986
 93  6.247         3.5364         2.3133
 94  6.347         3.5624         2.3273
 95  6.447         3.5876         2.3394
 96  6.547         3.6121         2.3502
 97  6.647         3.6358         2.3620
 98  6.747         3.6590         2.3738
 99  6.847         3.6814         2.3843
100  6.947         3.7034         2.3955
101  7.047         3.7248         2.4084
102  7.147         3.7459         2.4216
103  7.247         3.7668         2.4383
104  7.347         3.7875         2.4545
105  7.447         3.8078         2.4682
106  7.547         3.8275         2.4742
107  7.647         3.8476         2.5027
108  7.747         3.8684         2.5386
109  7.847         3.8893         2.5619
110  7.947         3.9108         2.5949
111  8.047         3.9334         2.6387
112  8.147         3.9559         2.6586
113  8.247         3.9789         2.6918
114  8.347         4.0035         2.7430
115  8.447         4.0295         2.7939
116  8.547         4.0567         2.8396
117  8.647         4.0851         2.8865
118  8.747         4.1145         2.9315
119  8.847         4.1446         2.9697
120  8.947         4.1763         3.0244
121  9.047         4.2175         3.1741
122  9.147         4.2554         3.1774
123  9.247         4.2922         3.2022
124  9.347         4.3278         3.2239
125  9.447         4.3629         3.2529
126  9.547         4.3968         3.2728
127  9.647         4.4296         3.2902
128  9.747         4.4605         3.2984
129  9.847         4.4909         3.3204
130  9.947         4.5211         3.3475
131 10.047         4.5501         3.3606
132 10.147         4.5781         3.3743
133 10.247         4.6054         3.3894
134 10.347         4.6319         3.4047
135 10.447         4.6578         3.4204
136 10.547         4.6831         3.4364
137 10.647         4.7075         3.4452
138 10.747         4.7311         3.4545
139 10.847         4.7541         3.4664
140 10.947         4.7762         3.4708
141 11.047         4.7973         3.4745
142 11.147         4.8176         3.4754
143 11.247         4.8367         3.4724
144 11.347         4.8550         3.4699
145 11.447         4.8726         3.4721
146 11.547         4.8898         3.4779
147 11.647         4.9064         3.4798
148 11.747         4.9225         3.4845
149 11.847         4.9384         3.4938
150 11.947         4.9541         3.5044
151 12.047         4.9695         3.5115
152 12.147         4.9847         3.5226
153 12.247         5.0000         3.5379


#AGE=13.000 BINS=154 Power-law IMF: x=-2.350
# N  sdss_r       Log10(N)       Log10(dN)
  1 -2.917        -1.2225        -1.2225
  2 -2.817        -0.7983        -1.0035
  3 -2.717        -0.5534        -0.9188
  4 -2.617        -0.4012        -0.9304
  5 -2.517        -0.2722        -0.8622
  6 -2.417        -0.1750        -0.8731
  7 -2.317        -0.0907        -0.8438
  8 -2.217        -0.0145        -0.8079
  9 -2.117         0.0543        -0.7798
 10 -2.017         0.1158        -0.7636
 11 -1.917         0.1744        -0.7244
 12 -1.817         0.2295        -0.6947
 13 -1.717         0.2810        -0.6708
 14 -1.617         0.3313        -0.6291
 15 -1.517         0.3791        -0.6032
 16 -1.417         0.4239        -0.5846
 17 -1.317         0.4692        -0.5351
 18 -1.217         0.5112        -0.5237
 19 -1.117         0.5524        -0.4916
 20 -1.017         0.5933        -0.4534
 21 -0.917         0.6331        -0.4246
 22 -0.817         0.6707        -0.4100
 23 -0.717         0.7177        -0.2712
 24 -0.617         0.8039         0.0593
 25 -0.517         0.8429        -0.2229
 26 -0.417         0.8778        -0.2355
 27 -0.317         0.9117        -0.2122
 28 -0.217         0.9456        -0.1793
 29 -0.117         0.9787        -0.1554
 30 -0.017         1.0119        -0.1205
 31  0.083         1.0456        -0.0812
 32  0.183         1.0789        -0.0540
 33  0.283         1.1119        -0.0230
 34  0.383         1.1455         0.0165
 35  0.483         1.1787         0.0466
 36  0.583         1.2120         0.0802
 37  0.683         1.2453         0.1125
 38  0.783         1.2786         0.1468
 39  0.883         1.3119         0.1805
 40  0.983         1.3453         0.2143
 41  1.083         1.3789         0.2510
 42  1.183         1.4126         0.2859
 43  1.283         1.4462         0.3185
 44  1.383         1.4800         0.3543
 45  1.483         1.5141         0.3921
 46  1.583         1.5484         0.4291
 47  1.683         1.5831         0.4680
 48  1.783         1.6182         0.5086
 49  1.883         1.6541         0.5530
 50  1.983         1.6922         0.6164
 51  2.083         1.7314         0.6676
 52  2.183         1.7685         0.6822
 53  2.283         1.8043         0.7018
 54  2.383         1.8378         0.7085
 55  2.483         1.8695         0.7176
 56  2.583         1.9000         0.7305
 57  2.683         1.9298         0.7524
 58  2.783         1.9604         0.7926
 59  2.883         1.9946         0.8745
 60  2.983         2.0370         1.0056
 61  3.083         2.0853         1.1068
 62  3.183         2.1346         1.1657
 63  3.283         2.1872         1.2446
 64  3.383         2.2429         1.3232
 65  3.483         2.2997         1.3881
 66  3.583         2.3580         1.4572
 67  3.683         2.4177         1.5265
 68  3.783         2.4772         1.5843
 69  3.883         2.5356         1.6352
 70  3.983         2.5934         1.6890
 71  4.083         2.6504         1.7409
 72  4.183         2.7065         1.7893
 73  4.283         2.7592         1.8178
 74  4.383         2.8091         1.8440
 75  4.483         2.8566         1.8723
 76  4.583         2.9026         1.9044
 77  4.683         2.9476         1.9411
 78  4.783         2.9915         1.9745
 79  4.883         3.0337         1.9999
 80  4.983         3.0746         2.0280
 81  5.083         3.1143         2.0566
 82  5.183         3.1531         2.0841
 83  5.283         3.1907         2.1100
 84  5.383         3.2272         2.1329
 85  5.483         3.2625         2.1553
 86  5.583         3.2967         2.1756
 87  5.683         3.3299         2.1971
 88  5.783         3.3620         2.2143
 89  5.883         3.3929         2.2296
 90  5.983         3.4228         2.2463
 91  6.083         3.4518         2.2619
 92  6.183         3.4799         2.2768
 93  6.283         3.5072         2.2923
 94  6.383         3.5337         2.3057
 95  6.483         3.5593         2.3176
 96  6.583         3.5842         2.3294
 97  6.683         3.6083         2.3417
 98  6.783         3.6319         2.3537
 99  6.883         3.6547         2.3642
100  6.983         3.6770         2.3762
101  7.083         3.6989         2.3912
102  7.183         3.7203         2.4015
103  7.283         3.7415         2.4205
104  7.383         3.7625         2.4361
105  7.483         3.7827         2.4405
106  7.583         3.8034         2.4701
107  7.683         3.8240         2.4911
108  7.783         3.8454         2.5277
109  7.883         3.8670         2.5516
110  7.983         3.8903         2.6098
111  8.083         3.9124         2.6072
112  8.183         3.9353         2.6462
113  8.283         3.9595         2.6936
114  8.383         3.9849         2.7382
115  8.483         4.0122         2.7968
116  8.583         4.0408         2.8451
117  8.683         4.0707         2.8936
118  8.783         4.1003         2.9196
119  8.883         4.1266         2.8957
120  8.983         4.1640         3.0809
121  9.083         4.2057         3.1677
122  9.183         4.2431         3.1594
123  9.283         4.2800         3.1909
124  9.383         4.3173         3.2330
125  9.483         4.3525         3.2430
126  9.583         4.3859         3.2562
127  9.683         4.4181         3.2710
128  9.783         4.4494         3.2917
129  9.883         4.4805         3.3204
130  9.983         4.5103         3.3316
131 10.083         4.5390         3.3445
132 10.183         4.5667         3.3591
133 10.283         4.5938         3.3755
134 10.383         4.6204         3.3939
135 10.483         4.6464         3.4108
136 10.583         4.6714         3.4192
137 10.683         4.6955         3.4277
138 10.783         4.7188         3.4370
139 10.883         4.7415         3.4468
140 10.983         4.7633         3.4533
141 11.083         4.7839         3.4510
142 11.183         4.8036         3.4502
143 11.283         4.8225         3.4513
144 11.383         4.8406         3.4514
145 11.483         4.8579         3.4510
146 11.583         4.8748         3.4555
147 11.683         4.8913         3.4633
148 11.783         4.9074         3.4669
149 11.883         4.9231         3.4738
150 11.983         4.9387         3.4856
151 12.083         4.9542         3.4993
152 12.183         4.9695         3.5100
153 12.283         4.9848         3.5226
154 12.383         5.0000         3.5374
