#NUMBER OF AGES=15
#----------------------------------------------------       
#MIX-LEN  Y      Z          Zeff        [Fe/H] [a/Fe]       
# 1.9380  0.2453 1.4887E-04 1.4887E-04  -2.10   0.00        
#----------------------------------------------------       
#**PHOTOMETRIC SYSTEM**: SDSS (AB)                          
#----------------------------------------------------       
#AGE= 0.010 BINS=117 Power-law IMF: x=-2.350
# N  sdss_r       Log10(N)       Log10(dN)
  1 -0.954            NaN         0.0000
  2 -0.854            NaN         0.0000
  3 -0.754         1.1867         1.2645
  4 -0.654         1.5738         1.3445
  5 -0.554            NaN         1.3445
  6 -0.454            NaN         1.3445
  7 -0.354            NaN         0.8796
  8 -0.254            NaN         1.1891
  9 -0.154            NaN         1.0288
 10 -0.054            NaN         0.3391
 11  0.046         1.1790         1.4728
 12  0.146         1.6479         1.4676
 13  0.246         1.8738         1.4818
 14  0.346         2.0607         1.6044
 15  0.446         2.2376         1.7620
 16  0.546         2.3629         1.7619
 17  0.646         2.4220         1.5269
 18  0.746         2.5206         1.8282
 19  0.846         2.6068         1.8620
 20  0.946         2.6897         1.9296
 21  1.046         2.7691         1.9920
 22  1.146         2.8473         2.0644
 23  1.246         2.9314         2.1772
 24  1.346         2.9917         2.1043
 25  1.446         3.0340         2.0014
 26  1.546         3.0720         1.9946
 27  1.646         3.1093         2.0256
 28  1.746         3.1479         2.0769
 29  1.846         3.1861         2.1121
 30  1.946         3.2262         2.1709
 31  2.046         3.4579         3.0743
 32  2.146         3.4799         2.1753
 33  2.246         3.5003         2.1615
 34  2.346         3.5201         2.1684
 35  2.446         3.5389         2.1660
 36  2.546         3.5566         2.1581
 37  2.646         3.5737         2.1600
 38  2.746         3.5907         2.1765
 39  2.846         3.6077         2.1903
 40  2.946         3.6246         2.2075
 41  3.046         3.6417         2.2287
 42  3.146         3.6590         2.2505
 43  3.246         3.6764         2.2705
 44  3.346         3.6933         2.2730
 45  3.446         3.7064         2.1818
 46  3.546         3.7196         2.1935
 47  3.646         3.7326         2.2034
 48  3.746         3.7456         2.2138
 49  3.846         3.7585         2.2248
 50  3.946         3.7713         2.2365
 51  4.046         3.7842         2.2487
 52  4.146         3.7970         2.2616
 53  4.246         3.8099         2.2752
 54  4.346         3.8228         2.2894
 55  4.446         3.8357         2.3044
 56  4.546         3.8488         2.3201
 57  4.646         3.8619         2.3365
 58  4.746         3.8752         2.3537
 59  4.846         3.8886         2.3717
 60  4.946         3.9022         2.3904
 61  5.046         3.9159         2.4083
 62  5.146         3.9297         2.4253
 63  5.246         3.9436         2.4412
 64  5.346         3.9575         2.4560
 65  5.446         3.9717         2.4779
 66  5.546         3.9860         2.4959
 67  5.646         3.9974         2.4117
 68  5.746         4.0071         2.3509
 69  5.846         4.0159         2.3192
 70  5.946         4.0243         2.3062
 71  6.046         4.0327         2.3138
 72  6.146         4.0412         2.3299
 73  6.246         4.0498         2.3407
 74  6.346         4.0587         2.3662
 75  6.446         4.0682         2.4060
 76  6.546         4.0787         2.4541
 77  6.646         4.0903         2.5113
 78  6.746         4.1033         2.5734
 79  6.846         4.1174         2.6222
 80  6.946         4.1330         2.6814
 81  7.046         4.1474         2.6617
 82  7.146         4.1622         2.6863
 83  7.246         4.1779         2.7266
 84  7.346         4.1938         2.7510
 85  7.446         4.2094         2.7576
 86  7.546         4.2271         2.8271
 87  7.646         4.2456         2.8668
 88  7.746         4.2640         2.8813
 89  7.846         4.3470         3.5875
 90  7.946         4.4132         3.5635
 91  8.046         4.4611         3.4797
 92  8.146         4.4996         3.4287
 93  8.246         4.5442         3.5331
 94  8.346         4.5663         3.2632
 95  8.446         4.5869         3.2529
 96  8.546         4.6064         3.2486
 97  8.646         4.6249         3.2457
 98  8.746         4.6437         3.2697
 99  8.846         4.6632         3.3048
100  8.946         4.6843         3.3611
101  9.046         4.7049         3.3713
102  9.146         4.7261         3.4044
103  9.246         4.7468         3.4140
104  9.346         4.7670         3.4242
105  9.446         4.7868         3.4351
106  9.546         4.8062         3.4466
107  9.646         4.8253         3.4589
108  9.746         4.8441         3.4715
109  9.846         4.8625         3.4808
110  9.946         4.8805         3.4897
111 10.046         4.8982         3.4997
112 10.146         4.9157         3.5108
113 10.246         4.9329         3.5230
114 10.346         4.9500         3.5358
115 10.446         4.9668         3.5455
116 10.546         4.9834         3.5579
117 10.646         5.0000         3.5747


#AGE= 0.100 BINS=117 Power-law IMF: x=-2.350
# N  sdss_r       Log10(N)       Log10(dN)
  1 -0.841            NaN         3.5747
  2 -0.741            NaN         3.5747
  3 -0.641            NaN         3.5747
  4 -0.541            NaN         3.5747
  5 -0.441            NaN         3.5747
  6 -0.341            NaN         3.5747
  7 -0.241            NaN         3.5747
  8 -0.141            NaN         0.7482
  9 -0.041            NaN         1.1876
 10  0.059            NaN         0.9102
 11  0.159            NaN         0.9993
 12  0.259            NaN         1.4870
 13  0.359            NaN         1.4927
 14  0.459         1.4752         1.6108
 15  0.559         1.9602         1.7881
 16  0.659         2.1121         1.5819
 17  0.759         2.2857         1.8037
 18  0.859         2.4202         1.8456
 19  0.959         2.5364         1.9069
 20  1.059         2.6380         1.9573
 21  1.159         2.7291         2.0063
 22  1.259         2.8162         2.0754
 23  1.359         2.9063         2.1793
 24  1.459         2.9776         2.1578
 25  1.559         3.0289         2.0754
 26  1.659         3.0714         2.0416
 27  1.759         3.1095         2.0336
 28  1.859         3.1471         2.0661
 29  1.959         3.1867         2.1268
 30  2.059         3.2344         2.2511
 31  2.159         3.4430         3.0245
 32  2.259         3.4680         2.2151
 33  2.359         3.4893         2.1694
 34  2.459         3.5098         2.1733
 35  2.559         3.5294         2.1735
 36  2.659         3.5478         2.1664
 37  2.759         3.5653         2.1626
 38  2.859         3.5827         2.1764
 39  2.959         3.6000         2.1907
 40  3.059         3.6172         2.2070
 41  3.159         3.6346         2.2279
 42  3.259         3.6521         2.2500
 43  3.359         3.6698         2.2701
 44  3.459         3.6864         2.2606
 45  3.559         3.6998         2.1822
 46  3.659         3.7132         2.1968
 47  3.759         3.7266         2.2088
 48  3.859         3.7399         2.2190
 49  3.959         3.7531         2.2298
 50  4.059         3.7663         2.2411
 51  4.159         3.7794         2.2531
 52  4.259         3.7925         2.2657
 53  4.359         3.8056         2.2790
 54  4.459         3.8187         2.2930
 55  4.559         3.8319         2.3077
 56  4.659         3.8452         2.3231
 57  4.759         3.8585         2.3392
 58  4.859         3.8720         2.3562
 59  4.959         3.8855         2.3739
 60  5.059         3.8993         2.3923
 61  5.159         3.9131         2.4104
 62  5.259         3.9271         2.4273
 63  5.359         3.9411         2.4430
 64  5.459         3.9552         2.4574
 65  5.559         3.9694         2.4793
 66  5.659         3.9838         2.4952
 67  5.759         3.9975         2.4910
 68  5.859         4.0088         2.4167
 69  5.959         4.0177         2.3278
 70  6.059         4.0262         2.3119
 71  6.159         4.0346         2.3171
 72  6.259         4.0429         2.3218
 73  6.359         4.0513         2.3316
 74  6.459         4.0600         2.3590
 75  6.559         4.0695         2.4022
 76  6.659         4.0797         2.4481
 77  6.759         4.0909         2.4970
 78  6.859         4.1036         2.5607
 79  6.959         4.1180         2.6324
 80  7.059         4.1323         2.6438
 81  7.159         4.1468         2.6631
 82  7.259         4.1622         2.7029
 83  7.359         4.1782         2.7381
 84  7.459         4.1941         2.7485
 85  7.559         4.2111         2.7962
 86  7.659         4.2301         2.8613
 87  7.759         4.2490         2.8782
 88  7.859         4.2677         2.8921
 89  7.959         4.3089         3.2662
 90  8.059         4.3805         3.5623
 91  8.159         4.4375         3.5268
 92  8.259         4.4820         3.4706
 93  8.359         4.5299         3.5486
 94  8.459         4.5542         3.2897
 95  8.559         4.5758         3.2621
 96  8.659         4.5952         3.2351
 97  8.759         4.6136         3.2325
 98  8.859         4.6337         3.2889
 99  8.959         4.6567         3.3692
100  9.059         4.6784         3.3658
101  9.159         4.7010         3.4056
102  9.259         4.7228         3.4145
103  9.359         4.7441         3.4239
104  9.459         4.7649         3.4336
105  9.559         4.7851         3.4438
106  9.659         4.8050         3.4545
107  9.759         4.8244         3.4656
108  9.859         4.8435         3.4772
109  9.959         4.8622         3.4865
110 10.059         4.8804         3.4947
111 10.159         4.8983         3.5038
112 10.259         4.9159         3.5138
113 10.359         4.9332         3.5248
114 10.459         4.9502         3.5362
115 10.559         4.9669         3.5441
116 10.659         4.9835         3.5555
117 10.759         5.0000         3.5723


#AGE= 1.000 BINS=130 Power-law IMF: x=-2.350
# N  sdss_r       Log10(N)       Log10(dN)
  1 -1.013         0.1690         0.1690
  2 -0.913         0.5134         0.2518
  3 -0.813         0.6848         0.1983
  4 -0.713         0.8115         0.2146
  5 -0.613         0.9113         0.2237
  6 -0.513         0.9937         0.2313
  7 -0.413         1.0639         0.2379
  8 -0.313         1.1253         0.2453
  9 -0.213         1.1796         0.2495
 10 -0.113         1.2284         0.2550
 11 -0.013         1.2728         0.2601
 12  0.087         1.3133         0.2631
 13  0.187         1.3513         0.2750
 14  0.287         1.4627         0.8169
 15  0.387         1.5730         0.9241
 16  0.487         1.5941         0.2695
 17  0.587         1.6143         0.2712
 18  0.687         1.6352         0.3068
 19  0.787         1.6580         0.3680
 20  0.887         1.6843         0.4532
 21  0.987         1.7166         0.5717
 22  1.087         1.7554         0.6870
 23  1.187         1.8004         0.7938
 24  1.287         1.8429         0.8122
 25  1.387         1.8727         0.6951
 26  1.487         1.8983         0.6547
 27  1.587         2.0798         1.6133
 28  1.687         2.2442         1.7426
 29  1.787         2.3393         1.6329
 30  1.887         2.4249         1.6779
 31  1.987         2.5043         1.7268
 32  2.087         2.5800         1.7840
 33  2.187         2.6601         1.8864
 34  2.287         2.7341         1.9291
 35  2.387         2.8053         1.9848
 36  2.487         2.8758         2.0519
 37  2.587         2.9416         2.0894
 38  2.687         2.9994         2.0946
 39  2.787         3.0610         2.1824
 40  2.887         3.1102         2.1406
 41  2.987         3.1566         2.1623
 42  3.087         3.1992         2.1697
 43  3.187         3.2390         2.1813
 44  3.287         3.2759         2.1866
 45  3.387         3.3083         2.1650
 46  3.487         3.3365         2.1347
 47  3.587         3.3630         2.1351
 48  3.687         3.3885         2.1453
 49  3.787         3.4123         2.1396
 50  3.887         3.4355         2.1507
 51  3.987         3.4584         2.1702
 52  4.087         3.4808         2.1807
 53  4.187         3.5021         2.1817
 54  4.287         3.5230         2.1957
 55  4.387         3.5436         2.2105
 56  4.487         3.5640         2.2255
 57  4.587         3.5841         2.2385
 58  4.687         3.6036         2.2460
 59  4.787         3.6228         2.2599
 60  4.887         3.6419         2.2740
 61  4.987         3.6606         2.2874
 62  5.087         3.6792         2.3003
 63  5.187         3.6975         2.3125
 64  5.287         3.7155         2.3240
 65  5.387         3.7332         2.3349
 66  5.487         3.7506         2.3451
 67  5.587         3.7677         2.3547
 68  5.687         3.7845         2.3634
 69  5.787         3.8010         2.3715
 70  5.887         3.8172         2.3804
 71  5.987         3.8331         2.3906
 72  6.087         3.8488         2.3999
 73  6.187         3.8643         2.4085
 74  6.287         3.8795         2.4162
 75  6.387         3.8945         2.4241
 76  6.487         3.9092         2.4322
 77  6.587         3.9237         2.4404
 78  6.687         3.9380         2.4486
 79  6.787         3.9520         2.4531
 80  6.887         3.9657         2.4564
 81  6.987         3.9792         2.4665
 82  7.087         3.9927         2.4774
 83  7.187         4.0063         2.4945
 84  7.287         4.0199         2.5093
 85  7.387         4.0334         2.5193
 86  7.487         4.0468         2.5313
 87  7.587         4.0604         2.5488
 88  7.687         4.0742         2.5686
 89  7.787         4.0882         2.5901
 90  7.887         4.1027         2.6175
 91  7.987         4.1177         2.6496
 92  8.087         4.1336         2.6886
 93  8.187         4.1501         2.7236
 94  8.287         4.1677         2.7657
 95  8.387         4.1863         2.8095
 96  8.487         4.2058         2.8480
 97  8.587         4.2271         2.9076
 98  8.687         4.2498         2.9559
 99  8.787         4.2724         2.9781
100  8.887         4.2937         2.9733
101  8.987         4.3183         3.0583
102  9.087         4.3410         3.0490
103  9.187         4.3696         3.1730
104  9.287         4.3981         3.2014
105  9.387         4.4265         3.2277
106  9.487         4.4551         3.2606
107  9.587         4.4838         3.2887
108  9.687         4.5121         3.3123
109  9.787         4.5402         3.3378
110  9.887         4.5682         3.3624
111  9.987         4.5958         3.3853
112 10.087         4.6230         3.4064
113 10.187         4.6499         3.4293
114 10.287         4.6769         3.4566
115 10.387         4.7036         3.4783
116 10.487         4.7296         3.4942
117 10.587         4.7547         3.5041
118 10.687         4.7786         3.5077
119 10.787         4.8018         3.5172
120 10.887         4.8243         3.5279
121 10.987         4.8459         3.5329
122 11.087         4.8665         3.5325
123 11.187         4.8859         3.5262
124 11.287         4.9041         3.5170
125 11.387         4.9214         3.5119
126 11.487         4.9380         3.5120
127 11.587         4.9542         3.5171
128 11.687         4.9697         3.5158
129 11.787         4.9848         3.5196
130 11.887         5.0000         3.5354


#AGE= 2.000 BINS=149 Power-law IMF: x=-2.350
# N  sdss_r       Log10(N)       Log10(dN)
  1 -2.566        -0.4218        -0.4218
  2 -2.466        -0.1069        -0.3944
  3 -2.366         0.0796        -0.3775
  4 -2.266         0.2152        -0.3564
  5 -2.166         0.3316        -0.2972
  6 -2.066         0.4675        -0.1030
  7 -1.966         0.5439        -0.2489
  8 -1.866         0.6097        -0.2419
  9 -1.766         0.6695        -0.2214
 10 -1.666         0.7242        -0.2025
 11 -1.566         0.8169         0.1005
 12 -1.466         0.9434         0.3460
 13 -1.366         0.9819        -0.0896
 14 -1.266         1.0185        -0.0740
 15 -1.166         1.0541        -0.0504
 16 -1.066         1.0888        -0.0258
 17 -0.966         1.1229         0.0013
 18 -0.866         1.1564         0.0270
 19 -0.766         1.1897         0.0573
 20 -0.666         1.2225         0.0851
 21 -0.566         1.2549         0.1117
 22 -0.466         1.2871         0.1411
 23 -0.366         1.3191         0.1705
 24 -0.266         1.3509         0.1998
 25 -0.166         1.3824         0.2270
 26 -0.066         1.4143         0.2639
 27  0.034         1.4458         0.2912
 28  0.134         1.4765         0.3105
 29  0.234         1.5073         0.3434
 30  0.334         1.5380         0.3717
 31  0.434         1.5697         0.4178
 32  0.534         1.6011         0.4439
 33  0.634         1.6321         0.4699
 34  0.734         1.6624         0.4920
 35  0.834         1.6918         0.5070
 36  0.934         1.7218         0.5459
 37  1.034         1.8152         1.1019
 38  1.134         1.8900         1.0895
 39  1.234         1.9130         0.6259
 40  1.334         1.9363         0.6528
 41  1.434         1.9625         0.7298
 42  1.534         1.9932         0.8284
 43  1.634         2.0301         0.9401
 44  1.734         2.0742         1.0594
 45  1.834         2.1263         1.1798
 46  1.934         2.1863         1.2969
 47  2.034         2.2532         1.4076
 48  2.134         2.3253         1.5100
 49  2.234         2.3999         1.5978
 50  2.334         2.4771         1.6893
 51  2.434         2.5557         1.7747
 52  2.534         2.6346         1.8549
 53  2.634         2.7093         1.9078
 54  2.734         2.7778         1.9422
 55  2.834         2.8401         1.9656
 56  2.934         2.8971         1.9869
 57  3.034         2.9500         2.0099
 58  3.134         2.9995         2.0315
 59  3.234         3.0445         2.0375
 60  3.334         3.0835         2.0183
 61  3.434         3.1191         2.0145
 62  3.534         3.1531         2.0299
 63  3.634         3.1856         2.0442
 64  3.734         3.2158         2.0421
 65  3.834         3.2452         2.0611
 66  3.934         3.2744         2.0881
 67  4.034         3.3021         2.0931
 68  4.134         3.3286         2.1009
 69  4.234         3.3547         2.1195
 70  4.334         3.3802         2.1371
 71  4.434         3.4051         2.1509
 72  4.534         3.4294         2.1650
 73  4.634         3.4528         2.1735
 74  4.734         3.4757         2.1852
 75  4.834         3.4984         2.2046
 76  4.934         3.5208         2.2232
 77  5.034         3.5431         2.2427
 78  5.134         3.5650         2.2567
 79  5.234         3.5861         2.2612
 80  5.334         3.6065         2.2679
 81  5.434         3.6263         2.2763
 82  5.534         3.6457         2.2865
 83  5.634         3.6648         2.2983
 84  5.734         3.6836         2.3094
 85  5.834         3.7020         2.3196
 86  5.934         3.7200         2.3298
 87  6.034         3.7377         2.3400
 88  6.134         3.7552         2.3496
 89  6.234         3.7722         2.3587
 90  6.334         3.7890         2.3679
 91  6.434         3.8055         2.3763
 92  6.534         3.8217         2.3848
 93  6.634         3.8375         2.3921
 94  6.734         3.8531         2.3987
 95  6.834         3.8683         2.4052
 96  6.934         3.8831         2.4093
 97  7.034         3.8979         2.4223
 98  7.134         3.9128         2.4392
 99  7.234         3.9276         2.4539
100  7.334         3.9423         2.4645
101  7.434         3.9568         2.4747
102  7.534         3.9715         2.4918
103  7.634         3.9862         2.5085
104  7.734         4.0011         2.5295
105  7.834         4.0166         2.5615
106  7.934         4.0325         2.5881
107  8.034         4.0492         2.6255
108  8.134         4.0669         2.6694
109  8.234         4.0858         2.7139
110  8.334         4.1056         2.7558
111  8.434         4.1264         2.7953
112  8.534         4.1479         2.8326
113  8.634         4.1701         2.8675
114  8.734         4.1928         2.9000
115  8.834         4.2159         2.9296
116  8.934         4.2427         3.0204
117  9.034         4.2705         3.0632
118  9.134         4.3009         3.1296
119  9.234         4.3307         3.1524
120  9.334         4.3593         3.1636
121  9.434         4.3879         3.1935
122  9.534         4.4162         3.2160
123  9.634         4.4444         3.2418
124  9.734         4.4724         3.2684
125  9.834         4.5002         3.2918
126  9.934         4.5276         3.3143
127 10.034         4.5547         3.3372
128 10.134         4.5816         3.3595
129 10.234         4.6083         3.3835
130 10.334         4.6351         3.4125
131 10.434         4.6617         3.4354
132 10.534         4.6877         3.4513
133 10.634         4.7126         3.4601
134 10.734         4.7364         3.4622
135 10.834         4.7594         3.4718
136 10.934         4.7816         3.4805
137 11.034         4.8030         3.4837
138 11.134         4.8232         3.4814
139 11.234         4.8422         3.4737
140 11.334         4.8601         3.4662
141 11.434         4.8772         3.4636
142 11.534         4.8937         3.4662
143 11.634         4.9099         3.4714
144 11.734         4.9254         3.4717
145 11.834         4.9406         3.4773
146 11.934         4.9557         3.4890
147 12.034         4.9706         3.4978
148 12.134         4.9853         3.5079
149 12.234         5.0000         3.5226


#AGE= 3.000 BINS=150 Power-law IMF: x=-2.350
# N  sdss_r       Log10(N)       Log10(dN)
  1 -2.730        -0.5676        -0.5676
  2 -2.630        -0.2517        -0.5383
  3 -2.530        -0.0617        -0.5124
  4 -2.430         0.0748        -0.4941
  5 -2.330         0.1854        -0.4628
  6 -2.230         0.2786        -0.4355
  7 -2.130         0.3594        -0.4108
  8 -2.030         0.4321        -0.3802
  9 -1.930         0.4977        -0.3557
 10 -1.830         0.5582        -0.3273
 11 -1.730         0.6348        -0.1565
 12 -1.630         0.6941        -0.2002
 13 -1.530         0.7428        -0.2309
 14 -1.430         0.7852        -0.2470
 15 -1.330         0.9300         0.3826
 16 -1.230         0.9672        -0.1178
 17 -1.130         1.0023        -0.1085
 18 -1.030         1.0361        -0.0897
 19 -0.930         1.0694        -0.0618
 20 -0.830         1.1023        -0.0343
 21 -0.730         1.1349        -0.0069
 22 -0.630         1.1672         0.0225
 23 -0.530         1.1993         0.0533
 24 -0.430         1.2313         0.0817
 25 -0.330         1.2629         0.1097
 26 -0.230         1.2945         0.1403
 27 -0.130         1.3259         0.1691
 28 -0.030         1.3570         0.1973
 29  0.070         1.3881         0.2271
 30  0.170         1.4193         0.2598
 31  0.270         1.4503         0.2898
 32  0.370         1.4818         0.3255
 33  0.470         1.5132         0.3566
 34  0.570         1.5443         0.3843
 35  0.670         1.5762         0.4261
 36  0.770         1.6092         0.4741
 37  0.870         1.6417         0.4996
 38  0.970         1.6725         0.5080
 39  1.070         1.7022         0.5227
 40  1.170         1.7311         0.5397
 41  1.270         1.7602         0.5720
 42  1.370         1.7934         0.6604
 43  1.470         1.9173         1.3119
 44  1.570         1.9574         0.9030
 45  1.670         1.9928         0.8865
 46  1.770         2.0286         0.9269
 47  1.870         2.0687         1.0148
 48  1.970         2.1152         1.1213
 49  2.070         2.1684         1.2303
 50  2.170         2.2279         1.3353
 51  2.270         2.2934         1.4394
 52  2.370         2.3634         1.5359
 53  2.470         2.4361         1.6245
 54  2.570         2.5107         1.7088
 55  2.670         2.5852         1.7830
 56  2.770         2.6594         1.8552
 57  2.870         2.7274         1.8883
 58  2.970         2.7894         1.9133
 59  3.070         2.8458         1.9319
 60  3.170         2.8958         1.9317
 61  3.270         2.9408         1.9347
 62  3.370         2.9830         1.9494
 63  3.470         3.0233         1.9702
 64  3.570         3.0612         1.9841
 65  3.670         3.0969         1.9931
 66  3.770         3.1318         2.0202
 67  3.870         3.1662         2.0473
 68  3.970         3.1989         2.0604
 69  4.070         3.2305         2.0762
 70  4.170         3.2613         2.0962
 71  4.270         3.2912         2.1151
 72  4.370         3.3203         2.1315
 73  4.470         3.3484         2.1459
 74  4.570         3.3758         2.1612
 75  4.670         3.4023         2.1755
 76  4.770         3.4285         2.1955
 77  4.870         3.4542         2.2139
 78  4.970         3.4792         2.2266
 79  5.070         3.5035         2.2397
 80  5.170         3.5272         2.2514
 81  5.270         3.5498         2.2557
 82  5.370         3.5719         2.2670
 83  5.470         3.5937         2.2833
 84  5.570         3.6149         2.2938
 85  5.670         3.6357         2.3051
 86  5.770         3.6561         2.3171
 87  5.870         3.6760         2.3279
 88  5.970         3.6955         2.3386
 89  6.070         3.7146         2.3485
 90  6.170         3.7333         2.3583
 91  6.270         3.7517         2.3677
 92  6.370         3.7696         2.3770
 93  6.470         3.7872         2.3863
 94  6.570         3.8045         2.3952
 95  6.670         3.8213         2.4021
 96  6.770         3.8378         2.4091
 97  6.870         3.8539         2.4141
 98  6.970         3.8698         2.4242
 99  7.070         3.8856         2.4389
100  7.170         3.9014         2.4550
101  7.270         3.9171         2.4683
102  7.370         3.9326         2.4762
103  7.470         3.9480         2.4910
104  7.570         3.9635         2.5085
105  7.670         3.9790         2.5242
106  7.770         3.9951         2.5555
107  7.870         4.0116         2.5823
108  7.970         4.0287         2.6150
109  8.070         4.0466         2.6540
110  8.170         4.0654         2.6926
111  8.270         4.0851         2.7318
112  8.370         4.1057         2.7720
113  8.470         4.1274         2.8134
114  8.570         4.1500         2.8567
115  8.670         4.1739         2.9023
116  8.770         4.1992         2.9509
117  8.870         4.2255         2.9955
118  8.970         4.2559         3.0859
119  9.070         4.2865         3.1194
120  9.170         4.3187         3.1726
121  9.270         4.3482         3.1652
122  9.370         4.3775         3.1924
123  9.470         4.4067         3.2195
124  9.570         4.4353         3.2394
125  9.670         4.4633         3.2588
126  9.770         4.4911         3.2837
127  9.870         4.5186         3.3072
128  9.970         4.5459         3.3308
129 10.070         4.5730         3.3539
130 10.170         4.5998         3.3762
131 10.270         4.6265         3.4029
132 10.370         4.6532         3.4278
133 10.470         4.6793         3.4461
134 10.570         4.7046         3.4575
135 10.670         4.7290         3.4652
136 10.770         4.7528         3.4807
137 10.870         4.7759         3.4909
138 10.970         4.7981         3.4942
139 11.070         4.8189         3.4902
140 11.170         4.8385         3.4824
141 11.270         4.8570         3.4784
142 11.370         4.8748         3.4776
143 11.470         4.8920         3.4799
144 11.570         4.9085         3.4813
145 11.670         4.9244         3.4802
146 11.770         4.9399         3.4853
147 11.870         4.9553         3.4959
148 11.970         4.9703         3.5023
149 12.070         4.9852         3.5113
150 12.170         5.0000         3.5263


#AGE= 4.000 BINS=152 Power-law IMF: x=-2.350
# N  sdss_r       Log10(N)       Log10(dN)
  1 -2.832        -0.6725        -0.6725
  2 -2.732        -0.3604        -0.6507
  3 -2.632        -0.1762        -0.6376
  4 -2.532        -0.0366        -0.5973
  5 -2.432         0.0733        -0.5774
  6 -2.332         0.1646        -0.5574
  7 -2.232         0.2462        -0.5205
  8 -2.132         0.3174        -0.5029
  9 -2.032         0.3832        -0.4689
 10 -1.932         0.4444        -0.4366
 11 -1.832         0.5006        -0.4154
 12 -1.732         0.5527        -0.3938
 13 -1.632         0.6094        -0.3030
 14 -1.532         0.6714        -0.2048
 15 -1.432         0.7178        -0.2765
 16 -1.332         0.7590        -0.2845
 17 -1.232         0.8795         0.2641
 18 -1.132         0.9240        -0.0880
 19 -1.032         0.9590        -0.1522
 20 -0.932         0.9926        -0.1353
 21 -0.832         1.0256        -0.1093
 22 -0.732         1.0582        -0.0835
 23 -0.632         1.0906        -0.0528
 24 -0.532         1.1226        -0.0251
 25 -0.432         1.1547         0.0066
 26 -0.332         1.1866         0.0371
 27 -0.232         1.2182         0.0651
 28 -0.132         1.2500         0.0981
 29 -0.032         1.2814         0.1257
 30  0.068         1.3128         0.1565
 31  0.168         1.3442         0.1866
 32  0.268         1.3753         0.2159
 33  0.368         1.4064         0.2448
 34  0.468         1.4378         0.2812
 35  0.568         1.4693         0.3144
 36  0.668         1.5008         0.3465
 37  0.768         1.5326         0.3815
 38  0.868         1.5649         0.4192
 39  0.968         1.5981         0.4650
 40  1.068         1.6312         0.4978
 41  1.168         1.6631         0.5134
 42  1.268         1.6938         0.5273
 43  1.368         1.7234         0.5418
 44  1.468         1.7525         0.5642
 45  1.568         1.7823         0.6041
 46  1.668         1.8202         0.7421
 47  1.768         1.9267         1.2641
 48  1.868         1.9747         0.9942
 49  1.968         2.0200         1.0158
 50  2.068         2.0678         1.0864
 51  2.168         2.1207         1.1799
 52  2.268         2.1766         1.2585
 53  2.368         2.2377         1.3558
 54  2.468         2.3033         1.4503
 55  2.568         2.3720         1.5374
 56  2.668         2.4430         1.6211
 57  2.768         2.5144         1.6949
 58  2.868         2.5859         1.7672
 59  2.968         2.6523         1.8038
 60  3.068         2.7115         1.8166
 61  3.168         2.7652         1.8313
 62  3.268         2.8151         1.8506
 63  3.368         2.8620         1.8722
 64  3.468         2.9060         1.8896
 65  3.568         2.9474         1.9063
 66  3.668         2.9877         1.9349
 67  3.768         3.0272         1.9668
 68  3.868         3.0652         1.9885
 69  3.968         3.1017         2.0085
 70  4.068         3.1372         2.0312
 71  4.168         3.1718         2.0556
 72  4.268         3.2053         2.0770
 73  4.368         3.2379         2.0967
 74  4.468         3.2694         2.1144
 75  4.568         3.2999         2.1310
 76  4.668         3.3296         2.1492
 77  4.768         3.3585         2.1686
 78  4.868         3.3866         2.1823
 79  4.968         3.4135         2.1920
 80  5.068         3.4397         2.2073
 81  5.168         3.4652         2.2208
 82  5.268         3.4896         2.2270
 83  5.368         3.5136         2.2446
 84  5.468         3.5371         2.2589
 85  5.568         3.5600         2.2701
 86  5.668         3.5823         2.2823
 87  5.768         3.6042         2.2952
 88  5.868         3.6255         2.3069
 89  5.968         3.6464         2.3171
 90  6.068         3.6668         2.3286
 91  6.168         3.6867         2.3390
 92  6.268         3.7062         2.3485
 93  6.368         3.7253         2.3585
 94  6.468         3.7440         2.3682
 95  6.568         3.7623         2.3776
 96  6.668         3.7801         2.3853
 97  6.768         3.7975         2.3916
 98  6.868         3.8145         2.3988
 99  6.968         3.8312         2.4074
100  7.068         3.8479         2.4247
101  7.168         3.8646         2.4398
102  7.268         3.8811         2.4524
103  7.368         3.8973         2.4611
104  7.468         3.9134         2.4765
105  7.568         3.9297         2.4958
106  7.668         3.9459         2.5098
107  7.768         3.9627         2.5421
108  7.868         3.9800         2.5707
109  7.968         3.9978         2.6024
110  8.068         4.0167         2.6446
111  8.168         4.0365         2.6860
112  8.268         4.0573         2.7270
113  8.368         4.0790         2.7679
114  8.468         4.1018         2.8090
115  8.568         4.1255         2.8506
116  8.668         4.1502         2.8931
117  8.768         4.1760         2.9369
118  8.868         4.2029         2.9823
119  8.968         4.2353         3.0922
120  9.068         4.2674         3.1201
121  9.168         4.2999         3.1578
122  9.268         4.3303         3.1605
123  9.368         4.3606         3.1887
124  9.468         4.3903         3.2111
125  9.568         4.4193         3.2282
126  9.668         4.4477         3.2491
127  9.768         4.4759         3.2742
128  9.868         4.5036         3.2955
129  9.968         4.5310         3.3164
130 10.068         4.5580         3.3387
131 10.168         4.5848         3.3623
132 10.268         4.6113         3.3838
133 10.368         4.6374         3.4024
134 10.468         4.6632         3.4250
135 10.568         4.6888         3.4456
136 10.668         4.7136         3.4578
137 10.768         4.7372         3.4614
138 10.868         4.7599         3.4671
139 10.968         4.7819         3.4744
140 11.068         4.8029         3.4769
141 11.168         4.8228         3.4743
142 11.268         4.8415         3.4675
143 11.368         4.8593         3.4625
144 11.468         4.8764         3.4622
145 11.568         4.8930         3.4670
146 11.668         4.9091         3.4707
147 11.768         4.9247         3.4721
148 11.868         4.9400         3.4797
149 11.968         4.9552         3.4925
150 12.068         4.9703         3.5014
151 12.168         4.9851         3.5124
152 12.268         5.0000         3.5272


#AGE= 5.000 BINS=152 Power-law IMF: x=-2.350
# N  sdss_r       Log10(N)       Log10(dN)
  1 -2.833        -0.7300        -0.7300
  2 -2.733        -0.4267        -0.7256
  3 -2.633        -0.2328        -0.6764
  4 -2.533        -0.0986        -0.6740
  5 -2.433         0.0115        -0.6384
  6 -2.333         0.1041        -0.6124
  7 -2.233         0.1863        -0.5770
  8 -2.133         0.2592        -0.5523
  9 -2.033         0.3241        -0.5332
 10 -1.933         0.3859        -0.4913
 11 -1.833         0.4417        -0.4771
 12 -1.733         0.4956        -0.4375
 13 -1.633         0.5457        -0.4170
 14 -1.533         0.5984        -0.3432
 15 -1.433         0.6564        -0.2471
 16 -1.333         0.7017        -0.3026
 17 -1.233         0.7429        -0.2998
 18 -1.133         0.8553         0.2131
 19 -1.033         0.8970        -0.1410
 20 -0.933         0.9327        -0.1704
 21 -0.833         0.9669        -0.1534
 22 -0.733         1.0003        -0.1300
 23 -0.633         1.0333        -0.1036
 24 -0.533         1.0661        -0.0722
 25 -0.433         1.0983        -0.0464
 26 -0.333         1.1310        -0.0093
 27 -0.233         1.1633         0.0188
 28 -0.133         1.1954         0.0482
 29 -0.033         1.2275         0.0803
 30  0.067         1.2594         0.1095
 31  0.167         1.2912         0.1406
 32  0.267         1.3230         0.1719
 33  0.367         1.3546         0.2000
 34  0.467         1.3862         0.2332
 35  0.567         1.4178         0.2632
 36  0.667         1.4495         0.2972
 37  0.767         1.4814         0.3309
 38  0.867         1.5135         0.3668
 39  0.967         1.5461         0.4057
 40  1.067         1.5790         0.4424
 41  1.167         1.6134         0.4943
 42  1.267         1.6470         0.5194
 43  1.367         1.6794         0.5353
 44  1.467         1.7103         0.5482
 45  1.567         1.7402         0.5623
 46  1.667         1.7694         0.5833
 47  1.767         1.7991         0.6187
 48  1.867         1.8343         0.7262
 49  1.967         1.9236         1.1927
 50  2.067         1.9788         1.0557
 51  2.167         2.0286         1.0635
 52  2.267         2.0813         1.1391
 53  2.367         2.1388         1.2323
 54  2.467         2.2005         1.3227
 55  2.567         2.2657         1.4099
 56  2.667         2.3328         1.4886
 57  2.767         2.4002         1.5580
 58  2.867         2.4675         1.6240
 59  2.967         2.5332         1.6809
 60  3.067         2.5982         1.7414
 61  3.167         2.6590         1.7745
 62  3.267         2.7146         1.7944
 63  3.367         2.7656         1.8106
 64  3.467         2.8139         1.8362
 65  3.567         2.8607         1.8695
 66  3.667         2.9058         1.8996
 67  3.767         2.9488         1.9232
 68  3.867         2.9901         1.9479
 69  3.967         3.0300         1.9736
 70  4.067         3.0689         2.0015
 71  4.167         3.1068         2.0290
 72  4.267         3.1437         2.0541
 73  4.367         3.1792         2.0748
 74  4.467         3.2135         2.0934
 75  4.567         3.2467         2.1140
 76  4.667         3.2789         2.1332
 77  4.767         3.3100         2.1489
 78  4.867         3.3397         2.1605
 79  4.967         3.3682         2.1710
 80  5.067         3.3962         2.1922
 81  5.167         3.4234         2.2054
 82  5.267         3.4496         2.2170
 83  5.367         3.4753         2.2348
 84  5.467         3.5003         2.2484
 85  5.567         3.5246         2.2611
 86  5.667         3.5484         2.2739
 87  5.767         3.5715         2.2871
 88  5.867         3.5942         2.3003
 89  5.967         3.6162         2.3109
 90  6.067         3.6378         2.3222
 91  6.167         3.6588         2.3338
 92  6.267         3.6794         2.3439
 93  6.367         3.6994         2.3542
 94  6.467         3.7191         2.3649
 95  6.567         3.7383         2.3743
 96  6.667         3.7570         2.3823
 97  6.767         3.7752         2.3889
 98  6.867         3.7930         2.3969
 99  6.967         3.8105         2.4074
100  7.067         3.8280         2.4240
101  7.167         3.8454         2.4387
102  7.267         3.8625         2.4495
103  7.367         3.8794         2.4611
104  7.467         3.8963         2.4788
105  7.567         3.9132         2.4944
106  7.667         3.9300         2.5091
107  7.767         3.9475         2.5441
108  7.867         3.9654         2.5709
109  7.967         3.9840         2.6059
110  8.067         4.0034         2.6454
111  8.167         4.0239         2.6859
112  8.267         4.0452         2.7265
113  8.367         4.0676         2.7676
114  8.467         4.0909         2.8096
115  8.567         4.1153         2.8529
116  8.667         4.1409         2.8980
117  8.767         4.1677         2.9455
118  8.867         4.1960         2.9961
119  8.967         4.2297         3.1020
120  9.067         4.2630         3.1315
121  9.167         4.2956         3.1553
122  9.267         4.3268         3.1671
123  9.367         4.3581         3.2004
124  9.467         4.3887         3.2220
125  9.567         4.4181         3.2334
126  9.667         4.4475         3.2637
127  9.767         4.4761         3.2806
128  9.867         4.5034         3.2877
129  9.967         4.5307         3.3158
130 10.067         4.5579         3.3418
131 10.167         4.5848         3.3622
132 10.267         4.6113         3.3842
133 10.367         4.6374         3.4038
134 10.467         4.6630         3.4203
135 10.567         4.6883         3.4409
136 10.667         4.7130         3.4560
137 10.767         4.7367         3.4619
138 10.867         4.7594         3.4659
139 10.967         4.7813         3.4730
140 11.067         4.8023         3.4754
141 11.167         4.8221         3.4731
142 11.267         4.8409         3.4668
143 11.367         4.8587         3.4628
144 11.467         4.8758         3.4634
145 11.567         4.8925         3.4688
146 11.667         4.9087         3.4716
147 11.767         4.9244         3.4737
148 11.867         4.9398         3.4818
149 11.967         4.9551         3.4944
150 12.067         4.9701         3.5030
151 12.167         4.9851         3.5140
152 12.267         5.0000         3.5289


#AGE= 6.000 BINS=152 Power-law IMF: x=-2.350
# N  sdss_r       Log10(N)       Log10(dN)
  1 -2.899        -0.7978        -0.7978
  2 -2.799        -0.4831        -0.7708
  3 -2.699        -0.2950        -0.7492
  4 -2.599        -0.1550        -0.7146
  5 -2.499        -0.0437        -0.6898
  6 -2.399         0.0464        -0.6806
  7 -2.299         0.1293        -0.6309
  8 -2.199         0.2015        -0.6136
  9 -2.099         0.2664        -0.5913
 10 -1.999         0.3282        -0.5486
 11 -1.899         0.3837        -0.5373
 12 -1.799         0.4373        -0.4984
 13 -1.699         0.4878        -0.4712
 14 -1.599         0.5356        -0.4467
 15 -1.499         0.5829        -0.4030
 16 -1.399         0.6373        -0.2920
 17 -1.299         0.6842        -0.3058
 18 -1.199         0.7255        -0.3171
 19 -1.099         0.7663        -0.2811
 20 -0.999         0.8707         0.2005
 21 -0.899         0.9073        -0.1852
 22 -0.799         0.9416        -0.1779
 23 -0.699         0.9752        -0.1521
 24 -0.599         1.0084        -0.1256
 25 -0.499         1.0414        -0.0945
 26 -0.399         1.0742        -0.0641
 27 -0.299         1.1067        -0.0341
 28 -0.199         1.1392        -0.0039
 29 -0.099         1.1715         0.0275
 30  0.001         1.2039         0.0598
 31  0.101         1.2362         0.0915
 32  0.201         1.2683         0.1221
 33  0.301         1.3005         0.1537
 34  0.401         1.3324         0.1835
 35  0.501         1.3643         0.2138
 36  0.601         1.3960         0.2443
 37  0.701         1.4279         0.2770
 38  0.801         1.4598         0.3107
 39  0.901         1.4919         0.3444
 40  1.001         1.5248         0.3875
 41  1.101         1.5575         0.4185
 42  1.201         1.5909         0.4601
 43  1.301         1.6256         0.5110
 44  1.401         1.6601         0.5426
 45  1.501         1.6931         0.5573
 46  1.601         1.7248         0.5721
 47  1.701         1.7552         0.5855
 48  1.801         1.7848         0.6039
 49  1.901         1.8141         0.6293
 50  2.001         1.8461         0.6968
 51  2.101         1.9038         0.9986
 52  2.201         1.9746         1.1521
 53  2.301         2.0265         1.0785
 54  2.401         2.0803         1.1463
 55  2.501         2.1376         1.2299
 56  2.601         2.1988         1.3175
 57  2.701         2.2633         1.4031
 58  2.801         2.3294         1.4794
 59  2.901         2.3958         1.5473
 60  3.001         2.4619         1.6118
 61  3.101         2.5266         1.6677
 62  3.201         2.5905         1.7266
 63  3.301         2.6516         1.7694
 64  3.401         2.7089         1.8012
 65  3.501         2.7622         1.8251
 66  3.601         2.8125         1.8506
 67  3.701         2.8602         1.8772
 68  3.801         2.9059         1.9054
 69  3.901         2.9499         1.9346
 70  4.001         2.9926         1.9635
 71  4.101         3.0338         1.9911
 72  4.201         3.0738         2.0183
 73  4.301         3.1125         2.0423
 74  4.401         3.1500         2.0680
 75  4.501         3.1863         2.0904
 76  4.601         3.2212         2.1088
 77  4.701         3.2547         2.1257
 78  4.801         3.2868         2.1389
 79  4.901         3.3174         2.1510
 80  5.001         3.3475         2.1723
 81  5.101         3.3770         2.1946
 82  5.201         3.4053         2.2056
 83  5.301         3.4329         2.2221
 84  5.401         3.4598         2.2389
 85  5.501         3.4860         2.2526
 86  5.601         3.5114         2.2657
 87  5.701         3.5361         2.2801
 88  5.801         3.5603         2.2939
 89  5.901         3.5839         2.3068
 90  6.001         3.6068         2.3182
 91  6.101         3.6292         2.3305
 92  6.201         3.6510         2.3411
 93  6.301         3.6724         2.3526
 94  6.401         3.6932         2.3638
 95  6.501         3.7135         2.3741
 96  6.601         3.7334         2.3832
 97  6.701         3.7527         2.3911
 98  6.801         3.7715         2.3994
 99  6.901         3.7899         2.4082
100  7.001         3.8082         2.4219
101  7.101         3.8263         2.4373
102  7.201         3.8442         2.4510
103  7.301         3.8618         2.4603
104  7.401         3.8793         2.4763
105  7.501         3.8968         2.4943
106  7.601         3.9141         2.5049
107  7.701         3.9319         2.5358
108  7.801         3.9501         2.5630
109  7.901         3.9688         2.5938
110  8.001         3.9884         2.6319
111  8.101         4.0088         2.6709
112  8.201         4.0300         2.7087
113  8.301         4.0519         2.7444
114  8.401         4.0747         2.7828
115  8.501         4.0985         2.8250
116  8.601         4.1235         2.8721
117  8.701         4.1502         2.9251
118  8.801         4.1790         2.9856
119  8.901         4.2097         3.0445
120  9.001         4.2460         3.1503
121  9.101         4.2800         3.1571
122  9.201         4.3130         3.1770
123  9.301         4.3447         3.1927
124  9.401         4.3764         3.2233
125  9.501         4.4071         3.2407
126  9.601         4.4367         3.2568
127  9.701         4.4662         3.2823
128  9.801         4.4948         3.3002
129  9.901         4.5227         3.3155
130 10.001         4.5501         3.3375
131 10.101         4.5772         3.3591
132 10.201         4.6039         3.3795
133 10.301         4.6303         3.4005
134 10.401         4.6562         3.4189
135 10.501         4.6816         3.4354
136 10.601         4.7066         3.4542
137 10.701         4.7308         3.4656
138 10.801         4.7541         3.4712
139 10.901         4.7766         3.4804
140 11.001         4.7982         3.4841
141 11.101         4.8187         3.4815
142 11.201         4.8380         3.4761
143 11.301         4.8563         3.4738
144 11.401         4.8740         3.4749
145 11.501         4.8912         3.4791
146 11.601         4.9077         3.4793
147 11.701         4.9236         3.4811
148 11.801         4.9393         3.4884
149 11.901         4.9548         3.4995
150 12.001         4.9700         3.5060
151 12.101         4.9850         3.5161
152 12.201         5.0000         3.5312


#AGE= 7.000 BINS=151 Power-law IMF: x=-2.350
# N  sdss_r       Log10(N)       Log10(dN)
  1 -2.912        -0.8096        -0.8096
  2 -2.812        -0.4918        -0.7766
  3 -2.712        -0.3105        -0.7775
  4 -2.612        -0.1729        -0.7391
  5 -2.512        -0.0638        -0.7169
  6 -2.412         0.0286        -0.6892
  7 -2.312         0.1086        -0.6656
  8 -2.212         0.1799        -0.6397
  9 -2.112         0.2469        -0.5977
 10 -2.012         0.3068        -0.5830
 11 -1.912         0.3635        -0.5490
 12 -1.812         0.4163        -0.5246
 13 -1.712         0.4666        -0.4949
 14 -1.612         0.5158        -0.4542
 15 -1.512         0.5615        -0.4388
 16 -1.412         0.6096        -0.3698
 17 -1.312         0.6603        -0.2979
 18 -1.212         0.7036        -0.3188
 19 -1.112         0.7427        -0.3231
 20 -1.012         0.8267         0.0723
 21 -0.912         0.8808        -0.0510
 22 -0.812         0.9175        -0.1740
 23 -0.712         0.9522        -0.1625
 24 -0.612         0.9859        -0.1411
 25 -0.512         1.0194        -0.1091
 26 -0.412         1.0526        -0.0813
 27 -0.312         1.0857        -0.0487
 28 -0.212         1.1183        -0.0216
 29 -0.112         1.1512         0.0131
 30 -0.012         1.1840         0.0468
 31  0.088         1.2165         0.0737
 32  0.188         1.2489         0.1062
 33  0.288         1.2814         0.1389
 34  0.388         1.3139         0.1718
 35  0.488         1.3463         0.2037
 36  0.588         1.3785         0.2326
 37  0.688         1.4109         0.2665
 38  0.788         1.4430         0.2965
 39  0.888         1.4753         0.3302
 40  0.988         1.5080         0.3690
 41  1.088         1.5408         0.4031
 42  1.188         1.5740         0.4409
 43  1.288         1.6075         0.4776
 44  1.388         1.6423         0.5293
 45  1.488         1.6779         0.5736
 46  1.588         1.7120         0.5904
 47  1.688         1.7448         0.6062
 48  1.788         1.7763         0.6214
 49  1.888         1.8067         0.6362
 50  1.988         1.8362         0.6533
 51  2.088         1.8664         0.6943
 52  2.188         1.9025         0.8036
 53  2.288         1.9692         1.1225
 54  2.388         2.0270         1.1232
 55  2.488         2.0796         1.1362
 56  2.588         2.1356         1.2188
 57  2.688         2.1957         1.3067
 58  2.788         2.2590         1.3912
 59  2.888         2.3241         1.4677
 60  2.988         2.3898         1.5374
 61  3.088         2.4553         1.6011
 62  3.188         2.5198         1.6601
 63  3.288         2.5835         1.7182
 64  3.388         2.6458         1.7714
 65  3.488         2.7047         1.8085
 66  3.588         2.7595         1.8333
 67  3.688         2.8110         1.8595
 68  3.788         2.8600         1.8882
 69  3.888         2.9069         1.9169
 70  3.988         2.9520         1.9458
 71  4.088         2.9954         1.9742
 72  4.188         3.0375         2.0026
 73  4.288         3.0783         2.0309
 74  4.388         3.1177         2.0556
 75  4.488         3.1555         2.0769
 76  4.588         3.1918         2.0956
 77  4.688         3.2265         2.1118
 78  4.788         3.2598         2.1277
 79  4.888         3.2920         2.1462
 80  4.988         3.3238         2.1728
 81  5.088         3.3550         2.1962
 82  5.188         3.3849         2.2082
 83  5.288         3.4140         2.2255
 84  5.388         3.4423         2.2423
 85  5.488         3.4698         2.2578
 86  5.588         3.4965         2.2711
 87  5.688         3.5225         2.2864
 88  5.788         3.5478         2.3011
 89  5.888         3.5725         2.3148
 90  5.988         3.5965         2.3269
 91  6.088         3.6199         2.3400
 92  6.188         3.6427         2.3513
 93  6.288         3.6649         2.3628
 94  6.388         3.6866         2.3750
 95  6.488         3.7078         2.3857
 96  6.588         3.7285         2.3952
 97  6.688         3.7485         2.4034
 98  6.788         3.7681         2.4126
 99  6.888         3.7873         2.4228
100  6.988         3.8062         2.4340
101  7.088         3.8249         2.4516
102  7.188         3.8434         2.4637
103  7.288         3.8616         2.4732
104  7.388         3.8797         2.4914
105  7.488         3.8978         2.5092
106  7.588         3.9159         2.5250
107  7.688         3.9339         2.5428
108  7.788         3.9527         2.5815
109  7.888         3.9719         2.6063
110  7.988         3.9919         2.6465
111  8.088         4.0128         2.6849
112  8.188         4.0346         2.7238
113  8.288         4.0570         2.7577
114  8.388         4.0799         2.7912
115  8.488         4.1037         2.8305
116  8.588         4.1287         2.8770
117  8.688         4.1555         2.9325
118  8.788         4.1848         2.9993
119  8.888         4.2170         3.0703
120  8.988         4.2540         3.1665
121  9.088         4.2884         3.1705
122  9.188         4.3223         3.1973
123  9.288         4.3549         3.2134
124  9.388         4.3872         3.2433
125  9.488         4.4185         3.2609
126  9.588         4.4487         3.2754
127  9.688         4.4785         3.3006
128  9.788         4.5076         3.3197
129  9.888         4.5360         3.3361
130  9.988         4.5637         3.3560
131 10.088         4.5911         3.3760
132 10.188         4.6179         3.3955
133 10.288         4.6443         3.4153
134 10.388         4.6702         3.4332
135 10.488         4.6956         3.4496
136 10.588         4.7205         3.4670
137 10.688         4.7447         3.4776
138 10.788         4.7681         3.4881
139 10.888         4.7907         3.4960
140 10.988         4.8122         3.4960
141 11.088         4.8326         3.4937
142 11.188         4.8520         3.4937
143 11.288         4.8707         3.4945
144 11.388         4.8886         3.4956
145 11.488         4.9057         3.4930
146 11.588         4.9222         3.4937
147 11.688         4.9384         3.4997
148 11.788         4.9542         3.5084
149 11.888         4.9696         3.5119
150 11.988         4.9848         3.5208
151 12.088         5.0000         3.5366


#AGE= 8.000 BINS=153 Power-law IMF: x=-2.350
# N  sdss_r       Log10(N)       Log10(dN)
  1 -2.896        -0.8692        -0.8692
  2 -2.796        -0.5579        -0.8490
  3 -2.696        -0.3637        -0.8068
  4 -2.596        -0.2286        -0.8014
  5 -2.496        -0.1211        -0.7801
  6 -2.396        -0.0274        -0.7396
  7 -2.296         0.0530        -0.7191
  8 -2.196         0.1252        -0.6896
  9 -2.096         0.1907        -0.6631
 10 -1.996         0.2508        -0.6381
 11 -1.896         0.3082        -0.5987
 12 -1.796         0.3628        -0.5650
 13 -1.696         0.4123        -0.5557
 14 -1.596         0.4608        -0.5145
 15 -1.496         0.5064        -0.4950
 16 -1.396         0.5525        -0.4450
 17 -1.296         0.6034        -0.3525
 18 -1.196         0.6483        -0.3596
 19 -1.096         0.6893        -0.3560
 20 -0.996         0.7301        -0.3172
 21 -0.896         0.8214         0.0993
 22 -0.796         0.8608        -0.2014
 23 -0.696         0.8963        -0.2088
 24 -0.596         0.9308        -0.1868
 25 -0.496         0.9648        -0.1582
 26 -0.396         0.9982        -0.1327
 27 -0.296         1.0318        -0.0964
 28 -0.196         1.0650        -0.0670
 29 -0.096         1.0980        -0.0381
 30  0.004         1.1311        -0.0031
 31  0.104         1.1640         0.0269
 32  0.204         1.1969         0.0593
 33  0.304         1.2296         0.0904
 34  0.404         1.2624         0.1241
 35  0.504         1.2952         0.1572
 36  0.604         1.3278         0.1866
 37  0.704         1.3605         0.2214
 38  0.804         1.3931         0.2524
 39  0.904         1.4256         0.2838
 40  1.004         1.4583         0.3186
 41  1.104         1.4910         0.3522
 42  1.204         1.5243         0.3919
 43  1.304         1.5579         0.4296
 44  1.404         1.5921         0.4709
 45  1.504         1.6274         0.5201
 46  1.604         1.6636         0.5667
 47  1.704         1.6983         0.5837
 48  1.804         1.7316         0.6001
 49  1.904         1.7636         0.6150
 50  2.004         1.7943         0.6287
 51  2.104         1.8240         0.6438
 52  2.204         1.8542         0.6812
 53  2.304         1.8886         0.7700
 54  2.404         1.9427         1.0119
 55  2.504         2.0026         1.1126
 56  2.604         2.0552         1.1121
 57  2.704         2.1109         1.1914
 58  2.804         2.1705         1.2785
 59  2.904         2.2334         1.3630
 60  3.004         2.2982         1.4403
 61  3.104         2.3636         1.5091
 62  3.204         2.4283         1.5697
 63  3.304         2.4921         1.6277
 64  3.404         2.5546         1.6818
 65  3.504         2.6162         1.7372
 66  3.604         2.6749         1.7770
 67  3.704         2.7299         1.8047
 68  3.804         2.7815         1.8311
 69  3.904         2.8308         1.8613
 70  4.004         2.8781         1.8921
 71  4.104         2.9236         1.9208
 72  4.204         2.9672         1.9477
 73  4.304         3.0090         1.9711
 74  4.404         3.0489         1.9928
 75  4.504         3.0871         2.0122
 76  4.604         3.1237         2.0319
 77  4.704         3.1591         2.0524
 78  4.804         3.1934         2.0743
 79  4.904         3.2272         2.1011
 80  5.004         3.2608         2.1331
 81  5.104         3.2932         2.1498
 82  5.204         3.3244         2.1644
 83  5.304         3.3547         2.1840
 84  5.404         3.3842         2.2011
 85  5.504         3.4128         2.2170
 86  5.604         3.4405         2.2312
 87  5.704         3.4675         2.2476
 88  5.804         3.4938         2.2632
 89  5.904         3.5194         2.2765
 90  6.004         3.5442         2.2897
 91  6.104         3.5684         2.3028
 92  6.204         3.5920         2.3146
 93  6.304         3.6150         2.3270
 94  6.404         3.6374         2.3398
 95  6.504         3.6593         2.3508
 96  6.604         3.6806         2.3594
 97  6.704         3.7012         2.3687
 98  6.804         3.7214         2.3790
 99  6.904         3.7412         2.3892
100  7.004         3.7607         2.4033
101  7.104         3.7800         2.4180
102  7.204         3.7990         2.4303
103  7.304         3.8177         2.4429
104  7.404         3.8364         2.4609
105  7.504         3.8550         2.4769
106  7.604         3.8732         2.4875
107  7.704         3.8922         2.5231
108  7.804         3.9115         2.5503
109  7.904         3.9314         2.5826
110  8.004         3.9522         2.6219
111  8.104         3.9739         2.6615
112  8.204         3.9963         2.6969
113  8.304         4.0191         2.7285
114  8.404         4.0422         2.7569
115  8.504         4.0661         2.7939
116  8.604         4.0913         2.8423
117  8.704         4.1187         2.9053
118  8.804         4.1496         2.9867
119  8.904         4.1831         3.0535
120  9.004         4.2217         3.1520
121  9.104         4.2568         3.1458
122  9.204         4.2908         3.1687
123  9.304         4.3241         3.1921
124  9.404         4.3574         3.2247
125  9.504         4.3887         3.2313
126  9.604         4.4194         3.2535
127  9.704         4.4497         3.2783
128  9.804         4.4789         3.2920
129  9.904         4.5072         3.3073
130 10.004         4.5352         3.3309
131 10.104         4.5627         3.3508
132 10.204         4.5897         3.3690
133 10.304         4.6161         3.3872
134 10.404         4.6419         3.4035
135 10.504         4.6672         3.4199
136 10.604         4.6919         3.4342
137 10.704         4.7159         3.4456
138 10.804         4.7391         3.4558
139 10.904         4.7613         3.4584
140 11.004         4.7826         3.4620
141 11.104         4.8029         3.4639
142 11.204         4.8223         3.4631
143 11.304         4.8408         3.4592
144 11.404         4.8584         3.4574
145 11.504         4.8754         3.4602
146 11.604         4.8920         3.4668
147 11.704         4.9081         3.4688
148 11.804         4.9238         3.4732
149 11.904         4.9393         3.4833
150 12.004         4.9547         3.4967
151 12.104         4.9698         3.5062
152 12.204         4.9849         3.5180
153 12.304         5.0000         3.5329


#AGE= 9.000 BINS=151 Power-law IMF: x=-2.350
# N  sdss_r       Log10(N)       Log10(dN)
  1 -2.870        -0.8486        -0.8486
  2 -2.770        -0.5329        -0.8197
  3 -2.670        -0.3530        -0.8228
  4 -2.570        -0.2156        -0.7820
  5 -2.470        -0.1054        -0.7549
  6 -2.370        -0.0109        -0.7199
  7 -2.270         0.0717        -0.6896
  8 -2.170         0.1435        -0.6735
  9 -2.070         0.2086        -0.6479
 10 -1.970         0.2711        -0.6019
 11 -1.870         0.3283        -0.5798
 12 -1.770         0.3811        -0.5606
 13 -1.670         0.4317        -0.5272
 14 -1.570         0.4795        -0.5025
 15 -1.470         0.5271        -0.4568
 16 -1.370         0.5714        -0.4417
 17 -1.270         0.6190        -0.3650
 18 -1.170         0.6663        -0.3195
 19 -1.070         0.7082        -0.3281
 20 -0.970         0.7457        -0.3365
 21 -0.870         0.8331         0.0937
 22 -0.770         0.8782        -0.1277
 23 -0.670         0.9150        -0.1753
 24 -0.570         0.9499        -0.1623
 25 -0.470         0.9840        -0.1384
 26 -0.370         1.0182        -0.1022
 27 -0.270         1.0516        -0.0787
 28 -0.170         1.0852        -0.0435
 29 -0.070         1.1185        -0.0137
 30  0.030         1.1520         0.0230
 31  0.130         1.1850         0.0500
 32  0.230         1.2183         0.0855
 33  0.330         1.2514         0.1172
 34  0.430         1.2845         0.1502
 35  0.530         1.3174         0.1806
 36  0.630         1.3505         0.2154
 37  0.730         1.3833         0.2451
 38  0.830         1.4162         0.2804
 39  0.930         1.4491         0.3114
 40  1.030         1.4822         0.3476
 41  1.130         1.5152         0.3795
 42  1.230         1.5484         0.4160
 43  1.330         1.5820         0.4537
 44  1.430         1.6162         0.4953
 45  1.530         1.6509         0.5363
 46  1.630         1.6872         0.5909
 47  1.730         1.7236         0.6286
 48  1.830         1.7583         0.6439
 49  1.930         1.7917         0.6618
 50  2.030         1.8238         0.6755
 51  2.130         1.8542         0.6844
 52  2.230         1.8837         0.7013
 53  2.330         1.9137         0.7384
 54  2.430         1.9481         0.8300
 55  2.530         1.9987         1.0397
 56  2.630         2.0547         1.1376
 57  2.730         2.1082         1.1724
 58  2.830         2.1619         1.2271
 59  2.930         2.2206         1.3225
 60  3.030         2.2824         1.4052
 61  3.130         2.3462         1.4817
 62  3.230         2.4103         1.5477
 63  3.330         2.4737         1.6066
 64  3.430         2.5359         1.6616
 65  3.530         2.5971         1.7158
 66  3.630         2.6577         1.7723
 67  3.730         2.7163         1.8170
 68  3.830         2.7713         1.8473
 69  3.930         2.8230         1.8731
 70  4.030         2.8717         1.8969
 71  4.130         2.9177         1.9205
 72  4.230         2.9615         1.9428
 73  4.330         3.0031         1.9638
 74  4.430         3.0429         1.9849
 75  4.530         3.0813         2.0098
 76  4.630         3.1187         2.0345
 77  4.730         3.1550         2.0593
 78  4.830         3.1908         2.0887
 79  4.930         3.2265         2.1239
 80  5.030         3.2613         2.1480
 81  5.130         3.2947         2.1635
 82  5.230         3.3270         2.1834
 83  5.330         3.3585         2.2032
 84  5.430         3.3891         2.2208
 85  5.530         3.4186         2.2363
 86  5.630         3.4473         2.2529
 87  5.730         3.4752         2.2696
 88  5.830         3.5024         2.2858
 89  5.930         3.5288         2.2992
 90  6.030         3.5544         2.3126
 91  6.130         3.5793         2.3257
 92  6.230         3.6036         2.3385
 93  6.330         3.6273         2.3518
 94  6.430         3.6504         2.3650
 95  6.530         3.6728         2.3742
 96  6.630         3.6946         2.3844
 97  6.730         3.7158         2.3948
 98  6.830         3.7366         2.4056
 99  6.930         3.7569         2.4173
100  7.030         3.7769         2.4307
101  7.130         3.7967         2.4450
102  7.230         3.8161         2.4571
103  7.330         3.8354         2.4737
104  7.430         3.8547         2.4912
105  7.530         3.8736         2.5040
106  7.630         3.8926         2.5248
107  7.730         3.9122         2.5566
108  7.830         3.9322         2.5845
109  7.930         3.9529         2.6206
110  8.030         3.9745         2.6607
111  8.130         3.9968         2.6960
112  8.230         4.0193         2.7228
113  8.330         4.0424         2.7578
114  8.430         4.0666         2.8001
115  8.530         4.0922         2.8495
116  8.630         4.1192         2.9002
117  8.730         4.1482         2.9572
118  8.830         4.1795         3.0229
119  8.930         4.2137         3.0928
120  9.030         4.2521         3.1789
121  9.130         4.2880         3.1883
122  9.230         4.3223         3.2025
123  9.330         4.3568         3.2392
124  9.430         4.3896         3.2520
125  9.530         4.4213         3.2680
126  9.630         4.4529         3.2993
127  9.730         4.4832         3.3115
128  9.830         4.5114         3.3101
129  9.930         4.5400         3.3451
130 10.030         4.5686         3.3721
131 10.130         4.5962         3.3857
132 10.230         4.6232         3.4030
133 10.330         4.6495         3.4194
134 10.430         4.6753         3.4352
135 10.530         4.7004         3.4506
136 10.630         4.7248         3.4622
137 10.730         4.7485         3.4731
138 10.830         4.7713         3.4802
139 10.930         4.7933         3.4878
140 11.030         4.8143         3.4888
141 11.130         4.8342         3.4854
142 11.230         4.8532         3.4841
143 11.330         4.8714         3.4854
144 11.430         4.8891         3.4885
145 11.530         4.9060         3.4879
146 11.630         4.9223         3.4903
147 11.730         4.9384         3.4977
148 11.830         4.9542         3.5069
149 11.930         4.9696         3.5117
150 12.030         4.9848         3.5215
151 12.130         5.0000         3.5371


#AGE=10.000 BINS=153 Power-law IMF: x=-2.350
# N  sdss_r       Log10(N)       Log10(dN)
  1 -2.896        -0.8934        -0.8934
  2 -2.796        -0.5922        -0.8930
  3 -2.696        -0.3939        -0.8299
  4 -2.596        -0.2646        -0.8537
  5 -2.496        -0.1469        -0.7717
  6 -2.396        -0.0632        -0.8191
  7 -2.296         0.0212        -0.7320
  8 -2.196         0.0953        -0.7091
  9 -2.096         0.1591        -0.7053
 10 -1.996         0.2186        -0.6739
 11 -1.896         0.2753        -0.6375
 12 -1.796         0.3296        -0.5999
 13 -1.696         0.3805        -0.5760
 14 -1.596         0.4277        -0.5593
 15 -1.496         0.4743        -0.5185
 16 -1.396         0.5189        -0.4910
 17 -1.296         0.5621        -0.4621
 18 -1.196         0.6100        -0.3710
 19 -1.096         0.6553        -0.3486
 20 -0.996         0.6960        -0.3526
 21 -0.896         0.7349        -0.3320
 22 -0.796         0.8180         0.0587
 23 -0.696         0.8615        -0.1595
 24 -0.596         0.8975        -0.2012
 25 -0.496         0.9324        -0.1799
 26 -0.396         0.9663        -0.1587
 27 -0.296         0.9998        -0.1295
 28 -0.196         1.0334        -0.0942
 29 -0.096         1.0666        -0.0663
 30  0.004         1.0998        -0.0342
 31  0.104         1.1331         0.0018
 32  0.204         1.1663         0.0334
 33  0.304         1.1995         0.0656
 34  0.404         1.2326         0.0987
 35  0.504         1.2657         0.1307
 36  0.604         1.2987         0.1640
 37  0.704         1.3318         0.1961
 38  0.804         1.3648         0.2302
 39  0.904         1.3979         0.2630
 40  1.004         1.4309         0.2955
 41  1.104         1.4641         0.3304
 42  1.204         1.4974         0.3660
 43  1.304         1.5308         0.4003
 44  1.404         1.5646         0.4383
 45  1.504         1.5989         0.4792
 46  1.604         1.6339         0.5234
 47  1.704         1.6699         0.5699
 48  1.804         1.7070         0.6210
 49  1.904         1.7426         0.6389
 50  2.004         1.7767         0.6545
 51  2.104         1.8093         0.6683
 52  2.204         1.8401         0.6753
 53  2.304         1.8697         0.6893
 54  2.404         1.8994         0.7197
 55  2.504         1.9313         0.7810
 56  2.604         1.9717         0.9199
 57  2.704         2.0257         1.0936
 58  2.804         2.0782         1.1345
 59  2.904         2.1320         1.1986
 60  3.004         2.1871         1.2629
 61  3.104         2.2475         1.3608
 62  3.204         2.3102         1.4387
 63  3.304         2.3738         1.5084
 64  3.404         2.4371         1.5696
 65  3.504         2.4994         1.6251
 66  3.604         2.5604         1.6776
 67  3.704         2.6204         1.7313
 68  3.804         2.6783         1.7748
 69  3.904         2.7333         1.8089
 70  4.004         2.7844         1.8292
 71  4.104         2.8320         1.8489
 72  4.204         2.8769         1.8684
 73  4.304         2.9198         1.8933
 74  4.404         2.9612         1.9198
 75  4.504         3.0014         1.9480
 76  4.604         3.0406         1.9764
 77  4.704         3.0788         2.0046
 78  4.804         3.1167         2.0381
 79  4.904         3.1543         2.0730
 80  5.004         3.1908         2.0974
 81  5.104         3.2259         2.1157
 82  5.204         3.2600         2.1385
 83  5.304         3.2931         2.1592
 84  5.404         3.3252         2.1783
 85  5.504         3.3563         2.1956
 86  5.604         3.3865         2.2125
 87  5.704         3.4158         2.2305
 88  5.804         3.4443         2.2474
 89  5.904         3.4719         2.2615
 90  6.004         3.4987         2.2757
 91  6.104         3.5247         2.2900
 92  6.204         3.5500         2.3027
 93  6.304         3.5747         2.3169
 94  6.404         3.5988         2.3306
 95  6.504         3.6221         2.3406
 96  6.604         3.6448         2.3511
 97  6.704         3.6668         2.3617
 98  6.804         3.6884         2.3742
 99  6.904         3.7095         2.3850
100  7.004         3.7302         2.3986
101  7.104         3.7506         2.4123
102  7.204         3.7706         2.4242
103  7.304         3.7905         2.4415
104  7.404         3.8104         2.4607
105  7.504         3.8299         2.4718
106  7.604         3.8491         2.4850
107  7.704         3.8693         2.5267
108  7.804         3.8898         2.5537
109  7.904         3.9107         2.5827
110  8.004         3.9327         2.6278
111  8.104         3.9553         2.6600
112  8.204         3.9782         2.6892
113  8.304         4.0016         2.7214
114  8.404         4.0260         2.7626
115  8.504         4.0514         2.8066
116  8.604         4.0775         2.8425
117  8.704         4.1052         2.8960
118  8.804         4.1365         2.9790
119  8.904         4.1713         3.0571
120  9.004         4.2114         3.1571
121  9.104         4.2479         3.1544
122  9.204         4.2838         3.1830
123  9.304         4.3182         3.2000
124  9.404         4.3519         3.2250
125  9.504         4.3849         3.2493
126  9.604         4.4175         3.2771
127  9.704         4.4481         3.2801
128  9.804         4.4760         3.2705
129  9.904         4.5054         3.3210
130 10.004         4.5346         3.3476
131 10.104         4.5626         3.3579
132 10.204         4.5898         3.3743
133 10.304         4.6164         3.3903
134 10.404         4.6424         3.4066
135 10.504         4.6678         3.4210
136 10.604         4.6923         3.4321
137 10.704         4.7161         3.4422
138 10.804         4.7391         3.4520
139 10.904         4.7612         3.4567
140 11.004         4.7823         3.4586
141 11.104         4.8025         3.4607
142 11.204         4.8219         3.4608
143 11.304         4.8403         3.4580
144 11.404         4.8579         3.4568
145 11.504         4.8749         3.4602
146 11.604         4.8916         3.4670
147 11.704         4.9077         3.4693
148 11.804         4.9234         3.4746
149 11.904         4.9390         3.4852
150 12.004         4.9544         3.4985
151 12.104         4.9697         3.5081
152 12.204         4.9849         3.5200
153 12.304         5.0000         3.5350


#AGE=11.000 BINS=151 Power-law IMF: x=-2.350
# N  sdss_r       Log10(N)       Log10(dN)
  1 -2.910        -0.8847        -0.8847
  2 -2.810        -0.5660        -0.8500
  3 -2.710        -0.3777        -0.8316
  4 -2.610        -0.2409        -0.8092
  5 -2.510        -0.1367        -0.8077
  6 -2.410        -0.0409        -0.7440
  7 -2.310         0.0392        -0.7345
  8 -2.210         0.1099        -0.7132
  9 -2.110         0.1784        -0.6579
 10 -2.010         0.2374        -0.6583
 11 -1.910         0.2953        -0.6090
 12 -1.810         0.3487        -0.5874
 13 -1.710         0.3989        -0.5632
 14 -1.610         0.4463        -0.5390
 15 -1.510         0.4928        -0.5003
 16 -1.410         0.5381        -0.4669
 17 -1.310         0.5806        -0.4493
 18 -1.210         0.6240        -0.3975
 19 -1.110         0.6710        -0.3179
 20 -1.010         0.7139        -0.3129
 21 -0.910         0.7529        -0.3140
 22 -0.810         0.7953        -0.2352
 23 -0.710         0.8762         0.1065
 24 -0.610         0.9151        -0.1520
 25 -0.510         0.9505        -0.1568
 26 -0.410         0.9846        -0.1362
 27 -0.310         1.0186        -0.1049
 28 -0.210         1.0518        -0.0812
 29 -0.110         1.0851        -0.0471
 30 -0.010         1.1185        -0.0119
 31  0.090         1.1523         0.0264
 32  0.190         1.1855         0.0523
 33  0.290         1.2185         0.0830
 34  0.390         1.2518         0.1197
 35  0.490         1.2850         0.1520
 36  0.590         1.3182         0.1844
 37  0.690         1.3515         0.2202
 38  0.790         1.3847         0.2509
 39  0.890         1.4177         0.2832
 40  0.990         1.4512         0.3217
 41  1.090         1.4845         0.3524
 42  1.190         1.5182         0.3916
 43  1.290         1.5517         0.4212
 44  1.390         1.5852         0.4568
 45  1.490         1.6193         0.4970
 46  1.590         1.6541         0.5412
 47  1.690         1.6895         0.5830
 48  1.790         1.7260         0.6317
 49  1.890         1.7635         0.6811
 50  1.990         1.7998         0.7042
 51  2.090         1.8344         0.7186
 52  2.190         1.8675         0.7330
 53  2.290         1.8986         0.7386
 54  2.390         1.9286         0.7525
 55  2.490         1.9582         0.7772
 56  2.590         1.9891         0.8256
 57  2.690         2.0257         0.9332
 58  2.790         2.0739         1.0957
 59  2.890         2.1249         1.1695
 60  2.990         2.1769         1.2295
 61  3.090         2.2311         1.2998
 62  3.190         2.2868         1.3679
 63  3.290         2.3470         1.4591
 64  3.390         2.4083         1.5271
 65  3.490         2.4692         1.5861
 66  3.590         2.5292         1.6397
 67  3.690         2.5877         1.6887
 68  3.790         2.6453         1.7391
 69  3.890         2.7010         1.7819
 70  3.990         2.7549         1.8219
 71  4.090         2.8051         1.8428
 72  4.190         2.8525         1.8672
 73  4.290         2.8977         1.8925
 74  4.390         2.9414         1.9228
 75  4.490         2.9840         1.9541
 76  4.590         3.0253         1.9837
 77  4.690         3.0658         2.0148
 78  4.790         3.1057         2.0490
 79  4.890         3.1450         2.0825
 80  4.990         3.1830         2.1065
 81  5.090         3.2198         2.1289
 82  5.190         3.2555         2.1534
 83  5.290         3.2903         2.1765
 84  5.390         3.3240         2.1964
 85  5.490         3.3565         2.2147
 86  5.590         3.3880         2.2335
 87  5.690         3.4187         2.2521
 88  5.790         3.4485         2.2699
 89  5.890         3.4773         2.2844
 90  5.990         3.5052         2.2992
 91  6.090         3.5322         2.3135
 92  6.190         3.5586         2.3280
 93  6.290         3.5842         2.3422
 94  6.390         3.6091         2.3557
 95  6.490         3.6333         2.3672
 96  6.590         3.6568         2.3779
 97  6.690         3.6796         2.3896
 98  6.790         3.7020         2.4025
 99  6.890         3.7238         2.4135
100  6.990         3.7451         2.4256
101  7.090         3.7661         2.4401
102  7.190         3.7868         2.4540
103  7.290         3.8073         2.4708
104  7.390         3.8276         2.4875
105  7.490         3.8475         2.4980
106  7.590         3.8675         2.5218
107  7.690         3.8880         2.5526
108  7.790         3.9090         2.5810
109  7.890         3.9303         2.6109
110  7.990         3.9526         2.6529
111  8.090         3.9758         2.6919
112  8.190         3.9991         2.7160
113  8.290         4.0228         2.7489
114  8.390         4.0476         2.7922
115  8.490         4.0737         2.8394
116  8.590         4.1010         2.8863
117  8.690         4.1299         2.9379
118  8.790         4.1606         2.9947
119  8.890         4.1936         3.0581
120  8.990         4.2339         3.1817
121  9.090         4.2709         3.1829
122  9.190         4.3068         3.2064
123  9.290         4.3423         3.2364
124  9.390         4.3774         3.2682
125  9.490         4.4102         3.2711
126  9.590         4.4422         3.2939
127  9.690         4.4736         3.3177
128  9.790         4.5041         3.3354
129  9.890         4.5337         3.3525
130  9.990         4.5627         3.3723
131 10.090         4.5910         3.3917
132 10.190         4.6187         3.4083
133 10.290         4.6456         3.4246
134 10.390         4.6718         3.4400
135 10.490         4.6972         3.4515
136 10.590         4.7218         3.4624
137 10.690         4.7456         3.4726
138 10.790         4.7686         3.4812
139 10.890         4.7908         3.4881
140 10.990         4.8121         3.4925
141 11.090         4.8323         3.4906
142 11.190         4.8516         3.4886
143 11.290         4.8701         3.4895
144 11.390         4.8879         3.4927
145 11.490         4.9050         3.4927
146 11.590         4.9216         3.4953
147 11.690         4.9379         3.5024
148 11.790         4.9538         3.5106
149 11.890         4.9693         3.5149
150 11.990         4.9847         3.5246
151 12.090         5.0000         3.5405


#AGE=12.000 BINS=152 Power-law IMF: x=-2.350
# N  sdss_r       Log10(N)       Log10(dN)
  1 -2.865        -0.9019        -0.9019
  2 -2.765        -0.5974        -0.8950
  3 -2.665        -0.4175        -0.8870
  4 -2.565        -0.2828        -0.8568
  5 -2.465        -0.1660        -0.7936
  6 -2.365        -0.0791        -0.8204
  7 -2.265         0.0027        -0.7626
  8 -2.165         0.0745        -0.7427
  9 -2.065         0.1390        -0.7209
 10 -1.965         0.1985        -0.6944
 11 -1.865         0.2569        -0.6430
 12 -1.765         0.3105        -0.6245
 13 -1.665         0.3616        -0.5938
 14 -1.565         0.4103        -0.5635
 15 -1.465         0.4569        -0.5362
 16 -1.365         0.5006        -0.5178
 17 -1.265         0.5441        -0.4766
 18 -1.165         0.5878        -0.4313
 19 -1.065         0.6346        -0.3563
 20 -0.965         0.6772        -0.3524
 21 -0.865         0.7170        -0.3407
 22 -0.765         0.7565        -0.3045
 23 -0.665         0.8374         0.0681
 24 -0.565         0.8780        -0.1720
 25 -0.465         0.9134        -0.1925
 26 -0.365         0.9477        -0.1719
 27 -0.265         0.9819        -0.1390
 28 -0.165         1.0157        -0.1106
 29 -0.065         1.0492        -0.0802
 30  0.035         1.0825        -0.0484
 31  0.135         1.1160        -0.0136
 32  0.235         1.1496         0.0216
 33  0.335         1.1831         0.0534
 34  0.435         1.2164         0.0840
 35  0.535         1.2498         0.1202
 36  0.635         1.2830         0.1491
 37  0.735         1.3164         0.1856
 38  0.835         1.3500         0.2217
 39  0.935         1.3834         0.2528
 40  1.035         1.4171         0.2903
 41  1.135         1.4506         0.3220
 42  1.235         1.4841         0.3547
 43  1.335         1.5181         0.3938
 44  1.435         1.5520         0.4282
 45  1.535         1.5862         0.4657
 46  1.635         1.6211         0.5090
 47  1.735         1.6567         0.5518
 48  1.835         1.6928         0.5951
 49  1.935         1.7306         0.6513
 50  2.035         1.7681         0.6856
 51  2.135         1.8038         0.7007
 52  2.235         1.8378         0.7156
 53  2.335         1.8699         0.7219
 54  2.435         1.9004         0.7316
 55  2.535         1.9300         0.7493
 56  2.635         1.9599         0.7823
 57  2.735         1.9923         0.8488
 58  2.835         2.0319         0.9722
 59  2.935         2.0803         1.1034
 60  3.035         2.1292         1.1568
 61  3.135         2.1809         1.2311
 62  3.235         2.2354         1.3072
 63  3.335         2.2905         1.3666
 64  3.435         2.3494         1.4522
 65  3.535         2.4094         1.5201
 66  3.635         2.4688         1.5756
 67  3.735         2.5273         1.6279
 68  3.835         2.5847         1.6772
 69  3.935         2.6413         1.7285
 70  4.035         2.6965         1.7734
 71  4.135         2.7491         1.8064
 72  4.235         2.7990         1.8346
 73  4.335         2.8468         1.8644
 74  4.435         2.8928         1.8955
 75  4.535         2.9372         1.9243
 76  4.635         2.9802         1.9550
 77  4.735         3.0225         1.9901
 78  4.835         3.0641         2.0241
 79  4.935         3.1043         2.0510
 80  5.035         3.1431         2.0750
 81  5.135         3.1809         2.1023
 82  5.235         3.2178         2.1279
 83  5.335         3.2535         2.1505
 84  5.435         3.2880         2.1714
 85  5.535         3.3214         2.1911
 86  5.635         3.3539         2.2110
 87  5.735         3.3854         2.2305
 88  5.835         3.4158         2.2461
 89  5.935         3.4452         2.2612
 90  6.035         3.4737         2.2769
 91  6.135         3.5014         2.2914
 92  6.235         3.5283         2.3071
 93  6.335         3.5544         2.3211
 94  6.435         3.5798         2.3338
 95  6.535         3.6044         2.3453
 96  6.635         3.6283         2.3574
 97  6.735         3.6517         2.3699
 98  6.835         3.6744         2.3824
 99  6.935         3.6966         2.3939
100  7.035         3.7183         2.4067
101  7.135         3.7397         2.4208
102  7.235         3.7608         2.4381
103  7.335         3.7818         2.4559
104  7.435         3.8026         2.4716
105  7.535         3.8227         2.4777
106  7.635         3.8435         2.5129
107  7.735         3.8649         2.5487
108  7.835         3.8864         2.5697
109  7.935         3.9089         2.6121
110  8.035         3.9320         2.6468
111  8.135         3.9555         2.6774
112  8.235         3.9794         2.7081
113  8.335         4.0041         2.7461
114  8.435         4.0302         2.7951
115  8.535         4.0575         2.8433
116  8.635         4.0863         2.8929
117  8.735         4.1161         2.9381
118  8.835         4.1459         2.9673
119  8.935         4.1837         3.1046
120  9.035         4.2235         3.1657
121  9.135         4.2614         3.1840
122  9.235         4.2980         3.2049
123  9.335         4.3332         3.2251
124  9.435         4.3676         3.2489
125  9.535         4.4013         3.2752
126  9.635         4.4343         3.2978
127  9.735         4.4647         3.2944
128  9.835         4.4932         3.2972
129  9.935         4.5233         3.3488
130 10.035         4.5529         3.3708
131 10.135         4.5812         3.3814
132 10.235         4.6087         3.3976
133 10.335         4.6355         3.4119
134 10.435         4.6614         3.4246
135 10.535         4.6866         3.4373
136 10.635         4.7108         3.4447
137 10.735         4.7341         3.4528
138 10.835         4.7567         3.4619
139 10.935         4.7784         3.4654
140 11.035         4.7992         3.4683
141 11.135         4.8190         3.4695
142 11.235         4.8379         3.4676
143 11.335         4.8560         3.4655
144 11.435         4.8734         3.4679
145 11.535         4.8904         3.4740
146 11.635         4.9068         3.4762
147 11.735         4.9228         3.4811
148 11.835         4.9386         3.4909
149 11.935         4.9542         3.5024
150 12.035         4.9696         3.5105
151 12.135         4.9848         3.5219
152 12.235         5.0000         3.5371


#AGE=13.000 BINS=154 Power-law IMF: x=-2.350
# N  sdss_r       Log10(N)       Log10(dN)
  1 -2.929            NaN         3.5371
  2 -2.829        -1.2663        -1.0064
  3 -2.729        -0.7652        -0.9298
  4 -2.629        -0.5350        -0.9207
  5 -2.529        -0.3735        -0.8814
  6 -2.429        -0.2592        -0.8948
  7 -2.329        -0.1526        -0.8148
  8 -2.229        -0.0722        -0.8446
  9 -2.129         0.0092        -0.7580
 10 -2.029         0.0756        -0.7726
 11 -1.929         0.1381        -0.7344
 12 -1.829         0.1952        -0.7145
 13 -1.729         0.2520        -0.6593
 14 -1.629         0.3039        -0.6445
 15 -1.529         0.3572        -0.5801
 16 -1.429         0.4057        -0.5702
 17 -1.329         0.4506        -0.5577
 18 -1.229         0.4956        -0.5107
 19 -1.129         0.5384        -0.4893
 20 -1.029         0.5848        -0.4101
 21 -0.929         0.6293        -0.3816
 22 -0.829         0.6679        -0.4021
 23 -0.729         0.7102        -0.3225
 24 -0.629         0.7879         0.0025
 25 -0.529         0.8296        -0.2097
 26 -0.429         0.8653        -0.2375
 27 -0.329         0.8998        -0.2174
 28 -0.229         0.9347        -0.1775
 29 -0.129         0.9686        -0.1559
 30 -0.029         1.0022        -0.1253
 31  0.071         1.0360        -0.0894
 32  0.171         1.0700        -0.0541
 33  0.271         1.1035        -0.0251
 34  0.371         1.1372         0.0098
 35  0.471         1.1709         0.0445
 36  0.571         1.2045         0.0763
 37  0.671         1.2382         0.1114
 38  0.771         1.2719         0.1443
 39  0.871         1.3053         0.1754
 40  0.971         1.3392         0.2139
 41  1.071         1.3729         0.2470
 42  1.171         1.4071         0.2856
 43  1.271         1.4411         0.3188
 44  1.371         1.4751         0.3512
 45  1.471         1.5093         0.3888
 46  1.571         1.5439         0.4279
 47  1.671         1.5790         0.4688
 48  1.771         1.6147         0.5120
 49  1.871         1.6510         0.5555
 50  1.971         1.6887         0.6083
 51  2.071         1.7275         0.6594
 52  2.171         1.7643         0.6743
 53  2.271         1.7996         0.6913
 54  2.371         1.8326         0.6974
 55  2.471         1.8640         0.7071
 56  2.571         1.8941         0.7211
 57  2.671         1.9239         0.7448
 58  2.771         1.9546         0.7887
 59  2.871         1.9894         0.8765
 60  2.971         2.0324         1.0067
 61  3.071         2.0801         1.0972
 62  3.171         2.1292         1.1581
 63  3.271         2.1817         1.2383
 64  3.371         2.2374         1.3174
 65  3.471         2.2940         1.3809
 66  3.571         2.3522         1.4510
 67  3.671         2.4117         1.5188
 68  3.771         2.4709         1.5761
 69  3.871         2.5290         1.6270
 70  3.971         2.5866         1.6810
 71  4.071         2.6435         1.7326
 72  4.171         2.6991         1.7784
 73  4.271         2.7514         1.8065
 74  4.371         2.8009         1.8329
 75  4.471         2.8482         1.8621
 76  4.571         2.8939         1.8935
 77  4.671         2.9386         1.9288
 78  4.771         2.9823         1.9639
 79  4.871         3.0246         1.9919
 80  4.971         3.0655         2.0193
 81  5.071         3.1053         2.0470
 82  5.171         3.1440         2.0751
 83  5.271         3.1817         2.1011
 84  5.371         3.2182         2.1246
 85  5.471         3.2535         2.1466
 86  5.571         3.2878         2.1675
 87  5.671         3.3210         2.1886
 88  5.771         3.3532         2.2070
 89  5.871         3.3842         2.2224
 90  5.971         3.4142         2.2387
 91  6.071         3.4433         2.2547
 92  6.171         3.4715         2.2700
 93  6.271         3.4989         2.2860
 94  6.371         3.5256         2.2997
 95  6.471         3.5513         2.3119
 96  6.571         3.5763         2.3242
 97  6.671         3.6007         2.3374
 98  6.771         3.6245         2.3505
 99  6.871         3.6476         2.3628
100  6.971         3.6701         2.3736
101  7.071         3.6923         2.3896
102  7.171         3.7140         2.4020
103  7.271         3.7356         2.4208
104  7.371         3.7570         2.4393
105  7.471         3.7776         2.4445
106  7.571         3.7987         2.4743
107  7.671         3.8203         2.5051
108  7.771         3.8422         2.5342
109  7.871         3.8643         2.5612
110  7.971         3.8878         2.6093
111  8.071         3.9115         2.6359
112  8.171         3.9353         2.6618
113  8.271         3.9599         2.7020
114  8.371         3.9855         2.7421
115  8.471         4.0127         2.7970
116  8.571         4.0416         2.8492
117  8.671         4.0714         2.8935
118  8.771         4.0997         2.8995
119  8.871         4.1332         3.0046
120  8.971         4.1732         3.1171
121  9.071         4.2117         3.1408
122  9.171         4.2491         3.1651
123  9.271         4.2858         3.1945
124  9.371         4.3223         3.2289
125  9.471         4.3574         3.2472
126  9.571         4.3911         3.2640
127  9.671         4.4227         3.2693
128  9.771         4.4524         3.2729
129  9.871         4.4830         3.3147
130  9.971         4.5128         3.3355
131 10.071         4.5418         3.3517
132 10.171         4.5700         3.3688
133 10.271         4.5974         3.3840
134 10.371         4.6241         3.3980
135 10.471         4.6499         3.4118
136 10.571         4.6747         3.4193
137 10.671         4.6986         3.4270
138 10.771         4.7216         3.4343
139 10.871         4.7438         3.4415
140 10.971         4.7652         3.4466
141 11.071         4.7855         3.4453
142 11.171         4.8049         3.4447
143 11.271         4.8235         3.4461
144 11.371         4.8414         3.4470
145 11.471         4.8585         3.4471
146 11.571         4.8752         3.4517
147 11.671         4.8916         3.4598
148 11.771         4.9075         3.4637
149 11.871         4.9231         3.4709
150 11.971         4.9386         3.4834
151 12.071         4.9541         3.4984
152 12.171         4.9695         3.5103
153 12.271         4.9847         3.5234
154 12.371         5.0000         3.5381
