#NUMBER OF AGES=15
#----------------------------------------------------       
#MIX-LEN  Y      Z          Zeff        [Fe/H] [a/Fe]       
# 1.9380  0.2696 1.6115E-02 1.6115E-02   0.00   0.00        
#----------------------------------------------------       
#**PHOTOMETRIC SYSTEM**: SDSS (AB)                          
#----------------------------------------------------       
#AGE= 0.010 BINS=145 Power-law IMF: x=-2.350
# N  sdss_r       Log10(N)       Log10(dN)
  1 -2.720         1.1060         1.1060
  2 -2.620         1.4069         1.1058
  3 -2.520         1.5829         1.1056
  4 -2.420         1.7078         1.1055
  5 -2.320         1.8046         1.1055
  6 -2.220         1.8838         1.1057
  7 -2.120         1.9508         1.1060
  8 -2.020         2.0089         1.1065
  9 -1.920         2.0602         1.1071
 10 -1.820         2.1774         1.5514
 11 -1.720         2.2766         1.5866
 12 -1.620         2.3586         1.5942
 13 -1.520         2.4288         1.6024
 14 -1.420         2.4901         1.6096
 15 -1.320         2.5436         1.6080
 16 -1.220         2.5916         1.6111
 17 -1.120         2.6345         1.6075
 18 -1.020         2.6728         1.6000
 19 -0.920         2.7074         1.5910
 20 -0.820         2.7387         1.5811
 21 -0.720         2.7673         1.5723
 22 -0.620         2.7918         1.5296
 23 -0.520         2.8153         1.5381
 24 -0.420         2.8567         1.8156
 25 -0.320         2.8973         1.8471
 26 -0.220         2.9398         1.9102
 27 -0.120         2.9794         1.9191
 28 -0.020         3.0171         1.9374
 29  0.080         3.0512         1.9287
 30  0.180         3.0848         1.9566
 31  0.280         3.1179         1.9839
 32  0.380         3.1502         2.0055
 33  0.480         3.1821         2.0328
 34  0.580         3.2148         2.0752
 35  0.680         3.2505         2.1468
 36  0.780         3.2908         2.2381
 37  0.880         3.3351         2.3221
 38  0.980         3.3715         2.2767
 39  1.080         3.4057         2.2847
 40  1.180         3.4427         2.3547
 41  1.280         3.4708         2.2685
 42  1.380         3.4881         2.0806
 43  1.480         3.5054         2.0958
 44  1.580         3.5224         2.1065
 45  1.680         3.5394         2.1248
 46  1.780         3.5565         2.1428
 47  1.880         3.5736         2.1599
 48  1.980         3.5907         2.1762
 49  2.080         3.6077         2.1917
 50  2.180         3.6246         2.2065
 51  2.280         3.6414         2.2205
 52  2.380         3.6580         2.2338
 53  2.480         3.6745         2.2463
 54  2.580         3.6909         2.2582
 55  2.680         3.7070         2.2693
 56  2.780         3.7230         2.2797
 57  2.880         3.7387         2.2894
 58  2.980         3.7542         2.2983
 59  3.080         3.7694         2.3065
 60  3.180         3.7843         2.3139
 61  3.280         3.7990         2.3205
 62  3.380         3.8134         2.3263
 63  3.480         3.8275         2.3313
 64  3.580         3.8412         2.3334
 65  3.680         3.8543         2.3289
 66  3.780         3.8693         2.3983
 67  3.880         3.8891         2.5387
 68  3.980         3.9080         2.5368
 69  4.080         3.9265         2.5460
 70  4.180         3.9443         2.5493
 71  4.280         3.9604         2.5200
 72  4.380         3.9740         2.4648
 73  4.480         3.9876         2.4772
 74  4.580         4.0012         2.4890
 75  4.680         4.0098         2.3000
 76  4.780         4.0184         2.3108
 77  4.880         4.0270         2.3217
 78  4.980         4.0357         2.3328
 79  5.080         4.0444         2.3440
 80  5.180         4.0532         2.3553
 81  5.280         4.0621         2.3669
 82  5.380         4.0710         2.3785
 83  5.480         4.0800         2.3903
 84  5.580         4.0890         2.4023
 85  5.680         4.0981         2.4161
 86  5.780         4.1074         2.4325
 87  5.880         4.1168         2.4476
 88  5.980         4.1263         2.4614
 89  6.080         4.1359         2.4738
 90  6.180         4.1455         2.4850
 91  6.280         4.1551         2.4948
 92  6.380         4.1646         2.5034
 93  6.480         4.1723         2.4168
 94  6.580         4.1793         2.3834
 95  6.680         4.1866         2.4074
 96  6.780         4.1942         2.4328
 97  6.880         4.2021         2.4594
 98  6.980         4.2104         2.4870
 99  7.080         4.2191         2.5152
100  7.180         4.2275         2.5092
101  7.280         4.2359         2.5208
102  7.380         4.2440         2.5093
103  7.480         4.2515         2.4830
104  7.580         4.2587         2.4746
105  7.680         4.2660         2.4880
106  7.780         4.2737         2.5206
107  7.880         4.2842         2.6609
108  7.980         4.2948         2.6772
109  8.080         4.3050         2.6699
110  8.180         4.3144         2.6473
111  8.280         4.3227         2.6007
112  8.380         4.3286         2.4538
113  8.480         4.3238         2.4538
114  8.580         4.3332         2.6657
115  8.680         4.3667         3.2368
116  8.780         4.4078         3.3635
117  8.880         4.4452         3.3624
118  8.980         4.4774         3.3309
119  9.080         4.5052         3.2981
120  9.180         4.5300         3.2747
121  9.280         4.5526         3.2563
122  9.380         4.5734         3.2432
123  9.480         4.5929         3.2357
124  9.580         4.6115         3.2337
125  9.680         4.6294         3.2370
126  9.780         4.6470         3.2451
127  9.880         4.6643         3.2574
128  9.980         4.6816         3.2733
129 10.080         4.6990         3.2920
130 10.180         4.7165         3.3137
131 10.280         4.7347         3.3477
132 10.380         4.7539         3.3888
133 10.480         4.7727         3.4006
134 10.580         4.7908         3.4012
135 10.680         4.8072         3.3758
136 10.780         4.8262         3.4591
137 10.880         4.8454         3.4816
138 10.980         4.8648         3.5034
139 11.080         4.8842         3.5245
140 11.180         4.9036         3.5447
141 11.280         4.9230         3.5642
142 11.380         4.9424         3.5827
143 11.480         4.9618         3.6003
144 11.580         4.9810         3.6169
145 11.680         5.0000         3.6325


#AGE= 0.100 BINS=138 Power-law IMF: x=-2.350
# N  sdss_r       Log10(N)       Log10(dN)
  1 -1.911         1.1385         1.1385
  2 -1.811         1.4397         1.1388
  3 -1.711         1.6160         1.1393
  4 -1.611         1.7447         1.1538
  5 -1.511         1.8466         1.1673
  6 -1.411         1.9917         1.4448
  7 -1.311         2.1436         1.6136
  8 -1.211         2.2584         1.6244
  9 -1.111         2.3500         1.6292
 10 -1.011         2.4259         1.6310
 11 -0.911         2.4904         1.6300
 12 -0.811         2.5461         1.6272
 13 -0.711         2.5949         1.6211
 14 -0.611         2.6383         1.6163
 15 -0.511         2.6775         1.6141
 16 -0.411         2.7119         1.5928
 17 -0.311         2.7709         1.8750
 18 -0.211         2.8238         1.8834
 19 -0.111         2.8751         1.9225
 20 -0.011         2.9220         1.9322
 21  0.089         2.9633         1.9200
 22  0.189         3.0006         1.9165
 23  0.289         3.0365         1.9364
 24  0.389         3.0716         1.9613
 25  0.489         3.1056         1.9817
 26  0.589         3.1392         2.0119
 27  0.689         3.1738         2.0572
 28  0.789         3.2117         2.1336
 29  0.889         3.2540         2.2225
 30  0.989         3.2998         2.3002
 31  1.089         3.3395         2.2799
 32  1.189         3.3773         2.2993
 33  1.289         3.4173         2.3609
 34  1.389         3.4467         2.2631
 35  1.489         3.4648         2.0760
 36  1.589         3.4826         2.0859
 37  1.689         3.5002         2.0997
 38  1.789         3.5177         2.1142
 39  1.889         3.5352         2.1311
 40  1.989         3.5526         2.1476
 41  2.089         3.5700         2.1635
 42  2.189         3.5873         2.1788
 43  2.289         3.6045         2.1934
 44  2.389         3.6216         2.2075
 45  2.489         3.6385         2.2209
 46  2.589         3.6553         2.2338
 47  2.689         3.6719         2.2461
 48  2.789         3.6883         2.2577
 49  2.889         3.7045         2.2688
 50  2.989         3.7205         2.2793
 51  3.089         3.7363         2.2891
 52  3.189         3.7519         2.2983
 53  3.289         3.7672         2.3068
 54  3.389         3.7822         2.3147
 55  3.489         3.7970         2.3219
 56  3.589         3.8116         2.3283
 57  3.689         3.8256         2.3274
 58  3.789         3.8393         2.3325
 59  3.889         3.8549         2.4015
 60  3.989         3.8766         2.5642
 61  4.089         3.8955         2.5249
 62  4.189         3.9142         2.5404
 63  4.289         3.9315         2.5237
 64  4.389         3.9473         2.4993
 65  4.489         3.9599         2.4153
 66  4.589         3.9742         2.4867
 67  4.689         3.9860         2.4139
 68  4.789         3.9947         2.2928
 69  4.889         4.0035         2.3034
 70  4.989         4.0123         2.3143
 71  5.089         4.0211         2.3252
 72  5.189         4.0300         2.3363
 73  5.289         4.0389         2.3476
 74  5.389         4.0479         2.3590
 75  5.489         4.0570         2.3706
 76  5.589         4.0661         2.3824
 77  5.689         4.0752         2.3943
 78  5.789         4.0844         2.4064
 79  5.889         4.0938         2.4217
 80  5.989         4.1032         2.4379
 81  6.089         4.1128         2.4525
 82  6.189         4.1225         2.4656
 83  6.289         4.1322         2.4773
 84  6.389         4.1420         2.4875
 85  6.489         4.1517         2.4963
 86  6.589         4.1613         2.5037
 87  6.689         4.1709         2.5096
 88  6.789         4.1785         2.4174
 89  6.889         4.1855         2.3874
 90  6.989         4.1928         2.4143
 91  7.089         4.2004         2.4432
 92  7.189         4.2085         2.4737
 93  7.289         4.2164         2.4697
 94  7.389         4.2246         2.5008
 95  7.489         4.2328         2.5015
 96  7.589         4.2406         2.4924
 97  7.689         4.2485         2.5047
 98  7.789         4.2569         2.5384
 99  7.889         4.2678         2.6603
100  7.989         4.2801         2.7263
101  8.089         4.2924         2.7404
102  8.189         4.3045         2.7442
103  8.289         4.3161         2.7370
104  8.389         4.3263         2.6918
105  8.489         4.3325         2.4826
106  8.589         4.3290         2.4826
107  8.689         4.3068         2.4826
108  8.789         4.3285         3.0159
109  8.889         4.3686         3.3139
110  8.989         4.4086         3.3535
111  9.089         4.4462         3.3654
112  9.189         4.4798         3.3513
113  9.289         4.5090         3.3219
114  9.389         4.5351         3.3015
115  9.489         4.5589         3.2853
116  9.589         4.5808         3.2736
117  9.689         4.6014         3.2666
118  9.789         4.6209         3.2642
119  9.889         4.6397         3.2662
120  9.989         4.6580         3.2721
121 10.089         4.6758         3.2813
122 10.189         4.6935         3.2931
123 10.289         4.7111         3.3122
124 10.389         4.7295         3.3461
125 10.489         4.7478         3.3638
126 10.589         4.7656         3.3702
127 10.689         4.7821         3.3536
128 10.789         4.8015         3.4403
129 10.889         4.8210         3.4647
130 10.989         4.8408         3.4883
131 11.089         4.8606         3.5111
132 11.189         4.8806         3.5331
133 11.289         4.9006         3.5543
134 11.389         4.9206         3.5746
135 11.489         4.9406         3.5939
136 11.589         4.9606         3.6122
137 11.689         4.9804         3.6295
138 11.789         5.0000         3.6456


#AGE= 1.000 BINS=138 Power-law IMF: x=-2.350
# N  sdss_r       Log10(N)       Log10(dN)
  1 -0.828        -0.1844        -0.1844
  2 -0.728         0.1117        -0.1944
  3 -0.628         0.2878        -0.1891
  4 -0.528         0.4128        -0.1892
  5 -0.428         0.5110        -0.1826
  6 -0.328         0.5916        -0.1797
  7 -0.228         0.6603        -0.1744
  8 -0.128         0.7199        -0.1720
  9 -0.028         0.7728        -0.1680
 10  0.072         0.8196        -0.1712
 11  0.172         0.8618        -0.1715
 12  0.272         0.9004        -0.1692
 13  0.372         0.9359        -0.1700
 14  0.472         0.9678        -0.1820
 15  0.572         1.0168         0.0446
 16  0.672         1.2530         0.8758
 17  0.772         1.3599         0.6986
 18  0.872         1.5759         1.1691
 19  0.972         1.8966         1.6145
 20  1.072         2.1269         1.7414
 21  1.172         2.2825         1.7611
 22  1.272         2.4006         1.7774
 23  1.372         2.4955         1.7885
 24  1.472         2.5748         1.7969
 25  1.572         2.6445         1.8158
 26  1.672         2.7068         1.8331
 27  1.772         2.7637         1.8522
 28  1.872         2.8176         1.8850
 29  1.972         2.8680         1.9076
 30  2.072         2.9152         1.9280
 31  2.172         2.9593         1.9444
 32  2.272         3.0005         1.9567
 33  2.372         3.0396         1.9750
 34  2.472         3.0766         1.9883
 35  2.572         3.1115         1.9997
 36  2.672         3.1441         2.0025
 37  2.772         3.1762         2.0293
 38  2.872         3.2072         2.0458
 39  2.972         3.2355         2.0358
 40  3.072         3.2626         2.0444
 41  3.172         3.2890         2.0593
 42  3.272         3.3146         2.0721
 43  3.372         3.3394         2.0835
 44  3.472         3.3634         2.0935
 45  3.572         3.3865         2.1021
 46  3.672         3.4089         2.1092
 47  3.772         3.4304         2.1148
 48  3.872         3.4513         2.1229
 49  3.972         3.4716         2.1319
 50  4.072         3.4913         2.1381
 51  4.172         3.5103         2.1415
 52  4.272         3.5296         2.1677
 53  4.372         3.5437         2.0483
 54  4.472         3.5636         2.2138
 55  4.572         3.5815         2.1893
 56  4.672         3.5991         2.1981
 57  4.772         3.6165         2.2097
 58  4.872         3.6335         2.2187
 59  4.972         3.6506         2.2356
 60  5.072         3.6666         2.2269
 61  5.172         3.6814         2.2041
 62  5.272         3.6955         2.2017
 63  5.372         3.7096         2.2132
 64  5.472         3.7239         2.2343
 65  5.572         3.7381         2.2446
 66  5.672         3.7521         2.2533
 67  5.772         3.7659         2.2633
 68  5.872         3.7797         2.2728
 69  5.972         3.7933         2.2819
 70  6.072         3.8067         2.2906
 71  6.172         3.8200         2.2989
 72  6.272         3.8331         2.3068
 73  6.372         3.8460         2.3142
 74  6.472         3.8588         2.3212
 75  6.572         3.8714         2.3279
 76  6.672         3.8839         2.3341
 77  6.772         3.8961         2.3398
 78  6.872         3.9081         2.3451
 79  6.972         3.9200         2.3500
 80  7.072         3.9316         2.3544
 81  7.172         3.9431         2.3584
 82  7.272         3.9543         2.3619
 83  7.372         3.9654         2.3649
 84  7.472         3.9762         2.3674
 85  7.572         3.9868         2.3693
 86  7.672         3.9972         2.3710
 87  7.772         4.0074         2.3752
 88  7.872         4.0176         2.3826
 89  7.972         4.0287         2.4317
 90  8.072         4.0416         2.5071
 91  8.172         4.0497         2.3179
 92  8.272         4.0533         1.9667
 93  8.372         4.0661         2.5286
 94  8.472         4.0782         2.5154
 95  8.572         4.0890         2.4799
 96  8.672         4.1001         2.5034
 97  8.772         4.1116         2.5279
 98  8.872         4.1234         2.5519
 99  8.972         4.1355         2.5741
100  9.072         4.1479         2.5965
101  9.172         4.1606         2.6227
102  9.272         4.1739         2.6537
103  9.372         4.1878         2.6848
104  9.472         4.2021         2.7127
105  9.572         4.2171         2.7481
106  9.672         4.2328         2.7821
107  9.772         4.2491         2.8154
108  9.872         4.2659         2.8457
109  9.972         4.2835         2.8813
110 10.072         4.3024         2.9322
111 10.172         4.3227         2.9822
112 10.272         4.3440         3.0254
113 10.372         4.3662         3.0620
114 10.472         4.3887         3.0917
115 10.572         4.4111         3.1136
116 10.672         4.4332         3.1291
117 10.772         4.4537         3.1168
118 10.872         4.4757         3.1686
119 10.972         4.5006         3.2474
120 11.072         4.5261         3.2817
121 11.172         4.5521         3.3159
122 11.272         4.5785         3.3498
123 11.372         4.6052         3.3806
124 11.472         4.6319         3.4080
125 11.572         4.6585         3.4318
126 11.672         4.6847         3.4516
127 11.772         4.7104         3.4710
128 11.872         4.7360         3.4927
129 11.972         4.7614         3.5164
130 12.072         4.7869         3.5421
131 12.172         4.8125         3.5701
132 12.272         4.8383         3.6005
133 12.372         4.8646         3.6333
134 12.472         4.8913         3.6674
135 12.572         4.9184         3.6997
136 12.672         4.9457         3.7296
137 12.772         4.9729         3.7569
138 12.872         5.0000         3.7815


#AGE= 2.000 BINS=149 Power-law IMF: x=-2.350
# N  sdss_r       Log10(N)       Log10(dN)
  1 -1.619        -0.1162        -0.1162
  2 -1.519         0.1622        -0.1627
  3 -1.419         0.3347        -0.1498
  4 -1.319         0.4602        -0.1401
  5 -1.219         0.5585        -0.1348
  6 -1.119         0.6414        -0.1189
  7 -1.019         0.7143        -0.0968
  8 -0.919         0.7800        -0.0725
  9 -0.819         0.8402        -0.0477
 10 -0.719         0.8962        -0.0211
 11 -0.619         0.9492         0.0091
 12 -0.519         0.9980         0.0250
 13 -0.419         1.0439         0.0453
 14 -0.319         1.0884         0.0767
 15 -0.219         1.1310         0.1020
 16 -0.119         1.1716         0.1223
 17 -0.019         1.2102         0.1397
 18  0.081         1.3149         0.6458
 19  0.181         1.3956         0.6249
 20  0.281         1.4638         0.6263
 21  0.381         1.5366         0.7251
 22  0.481         1.5561         0.1971
 23  0.581         1.5745         0.1930
 24  0.681         1.5920         0.1891
 25  0.781         1.6090         0.1934
 26  0.881         1.6253         0.1922
 27  0.981         1.6411         0.1929
 28  1.081         1.6563         0.1931
 29  1.181         1.6708         0.1857
 30  1.281         1.6847         0.1856
 31  1.381         1.6980         0.1753
 32  1.481         1.7108         0.1742
 33  1.581         1.7231         0.1688
 34  1.681         1.8158         1.0997
 35  1.781         1.8592         0.8368
 36  1.881         1.9086         0.9402
 37  1.981         2.0398         1.4561
 38  2.081         2.2482         1.8293
 39  2.181         2.4089         1.8992
 40  2.281         2.5229         1.8863
 41  2.381         2.6067         1.8509
 42  2.481         2.6744         1.8335
 43  2.581         2.7378         1.8706
 44  2.681         2.7934         1.8737
 45  2.781         2.8493         1.9309
 46  2.881         2.8995         1.9378
 47  2.981         2.9459         1.9520
 48  3.081         2.9865         1.9371
 49  3.181         3.0247         1.9497
 50  3.281         3.0627         1.9864
 51  3.381         3.0998         2.0124
 52  3.481         3.1350         2.0268
 53  3.581         3.1678         2.0293
 54  3.681         3.1976         2.0194
 55  3.781         3.2255         2.0196
 56  3.881         3.2523         2.0288
 57  3.981         3.2780         2.0373
 58  4.081         3.3027         2.0453
 59  4.181         3.3265         2.0535
 60  4.281         3.3481         2.0336
 61  4.381         3.3699         2.0598
 62  4.481         3.3891         2.0260
 63  4.581         3.4100         2.0813
 64  4.681         3.4308         2.1016
 65  4.781         3.4514         2.1164
 66  4.881         3.4715         2.1267
 67  4.981         3.4911         2.1356
 68  5.081         3.5103         2.1469
 69  5.181         3.5293         2.1595
 70  5.281         3.5468         2.1447
 71  5.381         3.5634         2.1379
 72  5.481         3.5796         2.1435
 73  5.581         3.5955         2.1511
 74  5.681         3.6111         2.1568
 75  5.781         3.6264         2.1659
 76  5.881         3.6416         2.1795
 77  5.981         3.6568         2.1922
 78  6.081         3.6718         2.2039
 79  6.181         3.6867         2.2145
 80  6.281         3.7014         2.2240
 81  6.381         3.7159         2.2325
 82  6.481         3.7302         2.2400
 83  6.581         3.7442         2.2463
 84  6.681         3.7580         2.2517
 85  6.781         3.7715         2.2559
 86  6.881         3.7846         2.2590
 87  6.981         3.7974         2.2610
 88  7.081         3.8099         2.2617
 89  7.181         3.8220         2.2612
 90  7.281         3.8337         2.2594
 91  7.381         3.8451         2.2567
 92  7.481         3.8562         2.2578
 93  7.581         3.8671         2.2640
 94  7.681         3.8781         2.2754
 95  7.781         3.8897         2.3103
 96  7.881         3.9017         2.3367
 97  7.981         3.9121         2.2885
 98  8.081         3.9200         2.1708
 99  8.181         3.9305         2.3094
100  8.281         3.9435         2.4123
101  8.381         3.9551         2.3785
102  8.481         3.9667         2.3863
103  8.581         3.9784         2.4024
104  8.681         3.9902         2.4208
105  8.781         4.0026         2.4510
106  8.881         4.0153         2.4733
107  8.981         4.0281         2.4935
108  9.081         4.0413         2.5179
109  9.181         4.0550         2.5446
110  9.281         4.0692         2.5773
111  9.381         4.0840         2.6085
112  9.481         4.0994         2.6413
113  9.581         4.1154         2.6752
114  9.681         4.1321         2.7083
115  9.781         4.1495         2.7442
116  9.881         4.1681         2.7906
117  9.981         4.1880         2.8378
118 10.081         4.2089         2.8816
119 10.181         4.2308         2.9222
120 10.281         4.2534         2.9597
121 10.381         4.2767         2.9940
122 10.481         4.3004         3.0249
123 10.581         4.3242         3.0518
124 10.681         4.3481         3.0764
125 10.781         4.3670         2.9958
126 10.881         4.3887         3.0772
127 10.981         4.4134         3.1560
128 11.081         4.4396         3.2072
129 11.181         4.4662         3.2398
130 11.281         4.4926         3.2632
131 11.381         4.5191         3.2923
132 11.481         4.5458         3.3199
133 11.581         4.5723         3.3457
134 11.681         4.5988         3.3698
135 11.781         4.6249         3.3918
136 11.881         4.6508         3.4136
137 11.981         4.6766         3.4374
138 12.081         4.7024         3.4632
139 12.181         4.7283         3.4913
140 12.281         4.7545         3.5218
141 12.381         4.7811         3.5547
142 12.481         4.8081         3.5884
143 12.581         4.8354         3.6203
144 12.681         4.8629         3.6504
145 12.781         4.8904         3.6784
146 12.881         4.9178         3.7043
147 12.981         4.9452         3.7316
148 13.081         4.9726         3.7593
149 13.181         5.0000         3.7858


#AGE= 3.000 BINS=146 Power-law IMF: x=-2.350
# N  sdss_r       Log10(N)       Log10(dN)
  1 -1.396        -0.0702        -0.0702
  2 -1.296         0.1851        -0.1671
  3 -1.196         0.3456        -0.1644
  4 -1.096         0.4645        -0.1563
  5 -0.996         0.5576        -0.1569
  6 -0.896         0.6362        -0.1448
  7 -0.796         0.7066        -0.1183
  8 -0.696         0.7704        -0.0942
  9 -0.596         0.8295        -0.0663
 10 -0.496         0.8835        -0.0483
 11 -0.396         0.9351        -0.0154
 12 -0.296         0.9843         0.0140
 13 -0.196         1.1059         0.4936
 14 -0.096         1.1457         0.0881
 15  0.004         1.1831         0.0995
 16  0.104         1.2208         0.1408
 17  0.204         1.2613         0.2110
 18  0.304         1.3031         0.2657
 19  0.404         1.3400         0.2509
 20  0.504         1.3737         0.2467
 21  0.604         1.4920         0.8696
 22  0.704         1.5411         0.5698
 23  0.804         1.5724         0.4144
 24  0.904         1.6042         0.4534
 25  1.004         1.6378         0.5095
 26  1.104         1.6722         0.5534
 27  1.204         1.7039         0.5525
 28  1.304         1.7343         0.5631
 29  1.404         1.7632         0.5726
 30  1.504         1.7909         0.5819
 31  1.604         1.8172         0.5855
 32  1.704         1.8419         0.5858
 33  1.804         1.8654         0.5864
 34  1.904         1.8876         0.5862
 35  2.004         1.9087         0.5845
 36  2.104         1.9286         0.5798
 37  2.204         1.9493         0.6170
 38  2.304         2.1316         1.6665
 39  2.404         2.1806         1.2088
 40  2.504         2.2356         1.3115
 41  2.604         2.3248         1.5936
 42  2.704         2.4699         1.9232
 43  2.804         2.6007         2.0157
 44  2.904         2.6906         1.9622
 45  3.004         2.7627         1.9473
 46  3.104         2.8294         1.9829
 47  3.204         2.8907         2.0104
 48  3.304         2.9449         2.0143
 49  3.404         2.9932         2.0151
 50  3.504         3.0401         2.0503
 51  3.604         3.0836         2.0630
 52  3.704         3.1225         2.0553
 53  3.804         3.1580         2.0526
 54  3.904         3.1910         2.0551
 55  4.004         3.2222         2.0627
 56  4.104         3.2493         2.0324
 57  4.204         3.2737         2.0098
 58  4.304         3.2996         2.0621
 59  4.404         3.3212         2.0082
 60  4.504         3.3461         2.0916
 61  4.604         3.3700         2.0998
 62  4.704         3.3934         2.1122
 63  4.804         3.4164         2.1290
 64  4.904         3.4388         2.1393
 65  5.004         3.4605         2.1497
 66  5.104         3.4817         2.1600
 67  5.204         3.5024         2.1702
 68  5.304         3.5225         2.1771
 69  5.404         3.5417         2.1774
 70  5.504         3.5600         2.1758
 71  5.604         3.5776         2.1760
 72  5.704         3.5947         2.1825
 73  5.804         3.6117         2.1963
 74  5.904         3.6287         2.2118
 75  6.004         3.6453         2.2201
 76  6.104         3.6615         2.2261
 77  6.204         3.6774         2.2327
 78  6.304         3.6930         2.2388
 79  6.404         3.7082         2.2444
 80  6.504         3.7230         2.2494
 81  6.604         3.7375         2.2539
 82  6.704         3.7517         2.2579
 83  6.804         3.7655         2.2614
 84  6.904         3.7790         2.2642
 85  7.004         3.7921         2.2666
 86  7.104         3.8049         2.2684
 87  7.204         3.8174         2.2696
 88  7.304         3.8295         2.2682
 89  7.404         3.8413         2.2684
 90  7.504         3.8529         2.2747
 91  7.604         3.8646         2.2875
 92  7.704         3.8766         2.3144
 93  7.804         3.8887         2.3264
 94  7.904         3.8998         2.3025
 95  8.004         3.9096         2.2560
 96  8.104         3.9212         2.3419
 97  8.204         3.9340         2.3998
 98  8.304         3.9464         2.3935
 99  8.404         3.9586         2.4040
100  8.504         3.9708         2.4120
101  8.604         3.9830         2.4244
102  8.704         3.9956         2.4539
103  8.804         4.0087         2.4793
104  8.904         4.0219         2.5007
105  9.004         4.0354         2.5212
106  9.104         4.0493         2.5465
107  9.204         4.0637         2.5770
108  9.304         4.0787         2.6092
109  9.404         4.0943         2.6422
110  9.504         4.1105         2.6742
111  9.604         4.1274         2.7097
112  9.704         4.1454         2.7537
113  9.804         4.1645         2.7979
114  9.904         4.1846         2.8402
115 10.004         4.2057         2.8807
116 10.104         4.2276         2.9197
117 10.204         4.2503         2.9570
118 10.304         4.2736         2.9928
119 10.404         4.2976         3.0269
120 10.504         4.3219         3.0590
121 10.604         4.3467         3.0900
122 10.704         4.3692         3.0719
123 10.804         4.3898         3.0556
124 10.904         4.4130         3.1297
125 11.004         4.4380         3.1864
126 11.104         4.4644         3.2346
127 11.204         4.4915         3.2729
128 11.304         4.5181         3.2928
129 11.404         4.5447         3.3172
130 11.504         4.5711         3.3424
131 11.604         4.5975         3.3676
132 11.704         4.6237         3.3921
133 11.804         4.6498         3.4156
134 11.904         4.6758         3.4405
135 12.004         4.7019         3.4672
136 12.104         4.7281         3.4956
137 12.204         4.7545         3.5260
138 12.304         4.7812         3.5563
139 12.404         4.8081         3.5860
140 12.504         4.8351         3.6155
141 12.604         4.8623         3.6449
142 12.704         4.8895         3.6741
143 12.804         4.9170         3.7036
144 12.904         4.9446         3.7348
145 13.004         4.9724         3.7639
146 13.104         5.0000         3.7901


#AGE= 4.000 BINS=145 Power-law IMF: x=-2.350
# N  sdss_r       Log10(N)       Log10(dN)
  1 -1.221        -0.1469        -0.1469
  2 -1.121         0.1219        -0.2138
  3 -1.021         0.2917        -0.1984
  4 -0.921         0.4138        -0.1968
  5 -0.821         0.5086        -0.1988
  6 -0.721         0.5899        -0.1779
  7 -0.621         0.6619        -0.1543
  8 -0.521         0.7278        -0.1235
  9 -0.421         0.7874        -0.1046
 10 -0.321         0.8421        -0.0847
 11 -0.221         0.8953        -0.0431
 12 -0.121         0.9460        -0.0121
 13 -0.021         0.9950         0.0239
 14  0.079         1.0421         0.0532
 15  0.179         1.0913         0.1212
 16  0.279         1.1414         0.1786
 17  0.379         1.1871         0.1868
 18  0.479         1.2283         0.1849
 19  0.579         1.2681         0.2110
 20  0.679         1.3038         0.2010
 21  0.779         1.4539         0.9194
 22  0.879         1.4838         0.3071
 23  0.979         1.5138         0.3383
 24  1.079         1.5433         0.3616
 25  1.179         1.5732         0.3959
 26  1.279         1.6032         0.4273
 27  1.379         1.6335         0.4627
 28  1.479         1.6637         0.4907
 29  1.579         1.6949         0.5356
 30  1.679         1.7264         0.5716
 31  1.779         1.7585         0.6111
 32  1.879         1.7909         0.6467
 33  1.979         1.8235         0.6836
 34  2.079         1.8572         0.7300
 35  2.179         1.8914         0.7710
 36  2.279         1.9264         0.8151
 37  2.379         1.9621         0.8589
 38  2.479         1.9985         0.9039
 39  2.579         2.0358         0.9507
 40  2.679         2.0739         0.9992
 41  2.779         2.3873         2.0983
 42  2.879         2.5313         1.9818
 43  2.979         2.6499         2.0281
 44  3.079         2.7475         2.0512
 45  3.179         2.7630         1.3096
 46  3.279         2.7769         1.2758
 47  3.379         2.8018         1.5470
 48  3.479         2.8456         1.8280
 49  3.579         2.9041         2.0040
 50  3.679         2.9675         2.1009
 51  3.779         3.0272         2.1355
 52  3.879         3.0761         2.1033
 53  3.979         3.1089         1.9705
 54  4.079         3.1384         1.9567
 55  4.179         3.1689         2.0004
 56  4.279         3.1978         2.0057
 57  4.379         3.2235         1.9836
 58  4.479         3.2515         2.0470
 59  4.579         3.2787         2.0611
 60  4.679         3.3054         2.0814
 61  4.779         3.3313         2.0942
 62  4.879         3.3564         2.1051
 63  4.979         3.3807         2.1165
 64  5.079         3.4043         2.1286
 65  5.179         3.4272         2.1380
 66  5.279         3.4494         2.1470
 67  5.379         3.4708         2.1526
 68  5.479         3.4913         2.1550
 69  5.579         3.5112         2.1619
 70  5.679         3.5306         2.1718
 71  5.779         3.5497         2.1825
 72  5.879         3.5684         2.1930
 73  5.979         3.5867         2.2024
 74  6.079         3.6048         2.2150
 75  6.179         3.6223         2.2200
 76  6.279         3.6391         2.2174
 77  6.379         3.6552         2.2169
 78  6.479         3.6708         2.2171
 79  6.579         3.6858         2.2179
 80  6.679         3.7004         2.2195
 81  6.779         3.7146         2.2218
 82  6.879         3.7284         2.2248
 83  6.979         3.7419         2.2273
 84  7.079         3.7550         2.2278
 85  7.179         3.7678         2.2307
 86  7.279         3.7804         2.2363
 87  7.379         3.7928         2.2428
 88  7.479         3.8050         2.2475
 89  7.579         3.8171         2.2550
 90  7.679         3.8291         2.2637
 91  7.779         3.8410         2.2739
 92  7.879         3.8531         2.2923
 93  7.979         3.8654         2.3113
 94  8.079         3.8781         2.3379
 95  8.179         3.8911         2.3615
 96  8.279         3.9040         2.3697
 97  8.379         3.9168         2.3799
 98  8.479         3.9295         2.3901
 99  8.579         3.9422         2.4001
100  8.679         3.9553         2.4276
101  8.779         3.9688         2.4555
102  8.879         3.9825         2.4762
103  8.979         3.9965         2.4979
104  9.079         4.0109         2.5216
105  9.179         4.0256         2.5505
106  9.279         4.0411         2.5836
107  9.379         4.0570         2.6151
108  9.479         4.0737         2.6485
109  9.579         4.0910         2.6833
110  9.679         4.1092         2.7228
111  9.779         4.1285         2.7668
112  9.879         4.1489         2.8094
113  9.979         4.1702         2.8504
114 10.079         4.1924         2.8901
115 10.179         4.2154         2.9287
116 10.279         4.2392         2.9660
117 10.379         4.2637         3.0022
118 10.479         4.2887         3.0371
119 10.579         4.3142         3.0706
120 10.679         4.3392         3.0859
121 10.779         4.3605         3.0400
122 10.879         4.3841         3.1088
123 10.979         4.4092         3.1583
124 11.079         4.4356         3.2059
125 11.179         4.4625         3.2415
126 11.279         4.4894         3.2676
127 11.379         4.5163         3.2947
128 11.479         4.5429         3.3171
129 11.579         4.5692         3.3387
130 11.679         4.5954         3.3624
131 11.779         4.6215         3.3882
132 11.879         4.6477         3.4139
133 11.979         4.6737         3.4378
134 12.079         4.6996         3.4636
135 12.179         4.7257         3.4917
136 12.279         4.7521         3.5222
137 12.379         4.7789         3.5552
138 12.479         4.8061         3.5898
139 12.579         4.8337         3.6227
140 12.679         4.8614         3.6534
141 12.779         4.8892         3.6817
142 12.879         4.9169         3.7076
143 12.979         4.9446         3.7357
144 13.079         4.9724         3.7636
145 13.179         5.0000         3.7901


#AGE= 5.000 BINS=144 Power-law IMF: x=-2.350
# N  sdss_r       Log10(N)       Log10(dN)
  1 -1.133        -0.0857        -0.0857
  2 -1.033         0.1725        -0.1761
  3 -0.933         0.3360        -0.1673
  4 -0.833         0.4569        -0.1575
  5 -0.733         0.5513        -0.1579
  6 -0.633         0.6311        -0.1438
  7 -0.533         0.7023        -0.1185
  8 -0.433         0.7671        -0.0908
  9 -0.333         0.8257        -0.0731
 10 -0.233         0.8798        -0.0518
 11 -0.133         0.9320        -0.0142
 12 -0.033         0.9823         0.0215
 13  0.067         1.0305         0.0522
 14  0.167         1.0770         0.0835
 15  0.267         1.1316         0.2040
 16  0.367         1.1802         0.2047
 17  0.467         1.2254         0.2204
 18  0.567         1.2657         0.2135
 19  0.667         1.3044         0.2345
 20  0.767         1.3759         0.5572
 21  0.867         1.4892         0.8502
 22  0.967         1.5142         0.2627
 23  1.067         1.5412         0.3211
 24  1.167         1.5690         0.3620
 25  1.267         1.5969         0.3906
 26  1.367         1.6249         0.4203
 27  1.467         1.6533         0.4543
 28  1.567         1.6819         0.4860
 29  1.667         1.7110         0.5227
 30  1.767         1.7403         0.5545
 31  1.867         1.7699         0.5890
 32  1.967         1.8004         0.6317
 33  2.067         1.8312         0.6666
 34  2.167         1.8623         0.7025
 35  2.267         1.8936         0.7359
 36  2.367         1.9256         0.7764
 37  2.467         1.9578         0.8120
 38  2.567         1.9901         0.8455
 39  2.667         2.0222         0.8755
 40  2.767         2.0545         0.9089
 41  2.867         2.0869         0.9443
 42  2.967         2.2074         1.5919
 43  3.067         2.4232         2.0160
 44  3.167         2.5514         1.9589
 45  3.267         2.6423         1.9185
 46  3.367         2.7053         1.8355
 47  3.467         2.7578         1.8147
 48  3.567         2.8087         1.8521
 49  3.667         2.8629         1.9322
 50  3.767         2.9164         1.9802
 51  3.867         2.9585         1.9249
 52  3.967         3.0017         1.9778
 53  4.067         3.0439         2.0107
 54  4.167         3.0802         1.9841
 55  4.267         3.1113         1.9501
 56  4.367         3.1445         2.0119
 57  4.467         3.1763         2.0245
 58  4.567         3.2082         2.0582
 59  4.667         3.2389         2.0731
 60  4.767         3.2683         2.0841
 61  4.867         3.2966         2.0969
 62  4.967         3.3239         2.1093
 63  5.067         3.3504         2.1216
 64  5.167         3.3758         2.1318
 65  5.267         3.4004         2.1400
 66  5.367         3.4239         2.1459
 67  5.467         3.4465         2.1521
 68  5.567         3.4686         2.1630
 69  5.667         3.4902         2.1766
 70  5.767         3.5116         2.1928
 71  5.867         3.5323         2.2011
 72  5.967         3.5523         2.2061
 73  6.067         3.5716         2.2090
 74  6.167         3.5899         2.2061
 75  6.267         3.6075         2.2057
 76  6.367         3.6245         2.2096
 77  6.467         3.6410         2.2127
 78  6.567         3.6570         2.2147
 79  6.667         3.6725         2.2160
 80  6.767         3.6874         2.2168
 81  6.867         3.7019         2.2186
 82  6.967         3.7161         2.2217
 83  7.067         3.7298         2.2239
 84  7.167         3.7433         2.2271
 85  7.267         3.7564         2.2318
 86  7.367         3.7692         2.2314
 87  7.467         3.7819         2.2406
 88  7.567         3.7949         2.2661
 89  7.667         3.8083         2.2890
 90  7.767         3.8213         2.2927
 91  7.867         3.8341         2.2953
 92  7.967         3.8470         2.3151
 93  8.067         3.8603         2.3387
 94  8.167         3.8737         2.3567
 95  8.267         3.8873         2.3762
 96  8.367         3.9008         2.3854
 97  8.467         3.9138         2.3857
 98  8.567         3.9270         2.4032
 99  8.667         3.9407         2.4310
100  8.767         3.9546         2.4552
101  8.867         3.9689         2.4796
102  8.967         3.9835         2.5003
103  9.067         3.9983         2.5237
104  9.167         4.0136         2.5541
105  9.267         4.0295         2.5858
106  9.367         4.0460         2.6172
107  9.467         4.0631         2.6502
108  9.567         4.0810         2.6851
109  9.667         4.0997         2.7247
110  9.767         4.1193         2.7652
111  9.867         4.1399         2.8049
112  9.967         4.1613         2.8440
113 10.067         4.1836         2.8827
114 10.167         4.2067         2.9211
115 10.267         4.2306         2.9594
116 10.367         4.2553         2.9976
117 10.467         4.2807         3.0352
118 10.567         4.3071         3.0771
119 10.667         4.3346         3.1230
120 10.767         4.3575         3.0678
121 10.867         4.3819         3.1202
122 10.967         4.4074         3.1628
123 11.067         4.4341         3.2099
124 11.167         4.4613         3.2444
125 11.267         4.4886         3.2736
126 11.367         4.5153         3.2912
127 11.467         4.5418         3.3129
128 11.567         4.5681         3.3382
129 11.667         4.5944         3.3630
130 11.767         4.6206         3.3884
131 11.867         4.6468         3.4143
132 11.967         4.6729         3.4381
133 12.067         4.6989         3.4634
134 12.167         4.7250         3.4912
135 12.267         4.7514         3.5217
136 12.367         4.7782         3.5550
137 12.467         4.8054         3.5900
138 12.567         4.8331         3.6232
139 12.667         4.8609         3.6541
140 12.767         4.8888         3.6824
141 12.867         4.9166         3.7086
142 12.967         4.9444         3.7372
143 13.067         4.9722         3.7653
144 13.167         5.0000         3.7917


#AGE= 6.000 BINS=143 Power-law IMF: x=-2.350
# N  sdss_r       Log10(N)       Log10(dN)
  1 -1.102        -0.1896        -0.1896
  2 -1.002         0.0586        -0.3025
  3 -0.902         0.2174        -0.2967
  4 -0.802         0.3362        -0.2848
  5 -0.702         0.4300        -0.2813
  6 -0.602         0.5096        -0.2664
  7 -0.502         0.5795        -0.2487
  8 -0.402         0.6437        -0.2178
  9 -0.302         0.7030        -0.1918
 10 -0.202         0.7571        -0.1738
 11 -0.102         0.8088        -0.1415
 12 -0.002         0.8590        -0.1024
 13  0.098         0.9072        -0.0712
 14  0.198         0.9539        -0.0383
 15  0.298         1.0014         0.0165
 16  0.398         1.0517         0.0905
 17  0.498         1.0994         0.1173
 18  0.598         1.1412         0.1030
 19  0.698         1.1803         0.1152
 20  0.798         1.2171         0.1269
 21  0.898         1.3489         0.7670
 22  0.998         1.3922         0.3688
 23  1.098         1.4198         0.2103
 24  1.198         1.4485         0.2531
 25  1.298         1.4774         0.2860
 26  1.398         1.5063         0.3154
 27  1.498         1.5355         0.3495
 28  1.598         1.5651         0.3840
 29  1.698         1.5951         0.4193
 30  1.798         1.6254         0.4541
 31  1.898         1.6559         0.4870
 32  1.998         1.6869         0.5243
 33  2.098         1.7182         0.5604
 34  2.198         1.7502         0.6025
 35  2.298         1.7829         0.6434
 36  2.398         1.8157         0.6776
 37  2.498         1.8491         0.7182
 38  2.598         1.8825         0.7513
 39  2.698         1.9158         0.7838
 40  2.798         1.9493         0.8211
 41  2.898         1.9832         0.8582
 42  2.998         2.0176         0.8995
 43  3.098         2.0531         0.9483
 44  3.198         2.3576         2.0600
 45  3.298         2.5288         2.0417
 46  3.398         2.6025         1.7961
 47  3.498         2.6690         1.8207
 48  3.598         2.7299         1.8469
 49  3.698         2.7867         1.8755
 50  3.798         2.8419         1.9185
 51  3.898         2.8958         1.9626
 52  3.998         2.9466         1.9899
 53  4.098         2.9952         2.0194
 54  4.198         3.0396         2.0274
 55  4.298         3.0740         1.9558
 56  4.398         3.1124         2.0398
 57  4.498         3.1490         2.0561
 58  4.598         3.1838         2.0704
 59  4.698         3.2169         2.0825
 60  4.798         3.2486         2.0966
 61  4.898         3.2791         2.1100
 62  4.998         3.3084         2.1228
 63  5.098         3.3366         2.1347
 64  5.198         3.3636         2.1441
 65  5.298         3.3894         2.1511
 66  5.398         3.4142         2.1581
 67  5.498         3.4382         2.1690
 68  5.598         3.4618         2.1844
 69  5.698         3.4850         2.2026
 70  5.798         3.5078         2.2152
 71  5.898         3.5296         2.2196
 72  5.998         3.5503         2.2187
 73  6.098         3.5700         2.2172
 74  6.198         3.5888         2.2160
 75  6.298         3.6069         2.2180
 76  6.398         3.6245         2.2217
 77  6.498         3.6415         2.2254
 78  6.598         3.6580         2.2294
 79  6.698         3.6739         2.2301
 80  6.798         3.6892         2.2293
 81  6.898         3.7041         2.2315
 82  6.998         3.7186         2.2348
 83  7.098         3.7327         2.2382
 84  7.198         3.7466         2.2440
 85  7.298         3.7601         2.2479
 86  7.398         3.7737         2.2620
 87  7.498         3.7875         2.2820
 88  7.598         3.8012         2.2944
 89  7.698         3.8148         2.3014
 90  7.798         3.8282         2.3113
 91  7.898         3.8415         2.3217
 92  7.998         3.8548         2.3343
 93  8.098         3.8686         2.3639
 94  8.198         3.8828         2.3894
 95  8.298         3.8966         2.3934
 96  8.398         3.9103         2.4003
 97  8.498         3.9239         2.4149
 98  8.598         3.9376         2.4296
 99  8.698         3.9518         2.4582
100  8.798         3.9664         2.4853
101  8.898         3.9812         2.5055
102  8.998         3.9962         2.5273
103  9.098         4.0116         2.5541
104  9.198         4.0276         2.5852
105  9.298         4.0441         2.6179
106  9.398         4.0623         2.6744
107  9.498         4.0770         2.5981
108  9.598         4.0901         2.5644
109  9.698         4.1061         2.6631
110  9.798         4.1245         2.7442
111  9.898         4.1453         2.8148
112  9.998         4.1681         2.8775
113 10.098         4.1927         2.9338
114 10.198         4.2188         2.9843
115 10.298         4.2460         3.0292
116 10.398         4.2739         3.0679
117 10.498         4.3020         3.0992
118 10.598         4.3307         3.1356
119 10.698         4.3577         3.1388
120 10.798         4.3818         3.1139
121 10.898         4.4073         3.1622
122 10.998         4.4336         3.2041
123 11.098         4.4609         3.2451
124 11.198         4.4883         3.2741
125 11.298         4.5156         3.3016
126 11.398         4.5424         3.3182
127 11.498         4.5686         3.3367
128 11.598         4.5949         3.3632
129 11.698         4.6211         3.3892
130 11.798         4.6473         3.4150
131 11.898         4.6734         3.4393
132 11.998         4.6994         3.4640
133 12.098         4.7255         3.4914
134 12.198         4.7519         3.5217
135 12.298         4.7786         3.5546
136 12.398         4.8057         3.5870
137 12.498         4.8330         3.6185
138 12.598         4.8606         3.6490
139 12.698         4.8882         3.6784
140 12.798         4.9160         3.7077
141 12.898         4.9440         3.7394
142 12.998         4.9720         3.7687
143 13.098         5.0000         3.7947


#AGE= 7.000 BINS=145 Power-law IMF: x=-2.350
# N  sdss_r       Log10(N)       Log10(dN)
  1 -1.087        -0.1998        -0.1998
  2 -0.987         0.0288        -0.3593
  3 -0.887         0.1668        -0.3981
  4 -0.787         0.2764        -0.3752
  5 -0.687         0.3653        -0.3673
  6 -0.587         0.4408        -0.3562
  7 -0.487         0.5070        -0.3424
  8 -0.387         0.5676        -0.3178
  9 -0.287         0.6242        -0.2889
 10 -0.187         0.6768        -0.2657
 11 -0.087         0.7264        -0.2407
 12  0.013         0.7745        -0.2052
 13  0.113         0.8209        -0.1730
 14  0.213         0.8664        -0.1363
 15  0.313         0.9122        -0.0875
 16  0.413         0.9641         0.0161
 17  0.513         1.0083        -0.0056
 18  0.613         1.0528         0.0411
 19  0.713         1.0920         0.0275
 20  0.813         1.1291         0.0431
 21  0.913         1.2301         0.5468
 22  1.013         1.3106         0.5388
 23  1.113         1.3350         0.0725
 24  1.213         1.3627         0.1545
 25  1.313         1.3905         0.1829
 26  1.413         1.4187         0.2163
 27  1.513         1.4470         0.2475
 28  1.613         1.4756         0.2808
 29  1.713         1.5045         0.3118
 30  1.813         1.5341         0.3537
 31  1.913         1.5639         0.3848
 32  2.013         1.5945         0.4278
 33  2.113         1.6253         0.4602
 34  2.213         1.6570         0.5051
 35  2.313         1.6890         0.5401
 36  2.413         1.7220         0.5865
 37  2.513         1.7564         0.6388
 38  2.613         1.7925         0.6938
 39  2.713         1.8321         0.7719
 40  2.813         1.8749         0.8472
 41  2.913         1.9173         0.8862
 42  3.013         1.9575         0.9038
 43  3.113         1.9954         0.9178
 44  3.213         2.0325         0.9455
 45  3.313         2.2638         1.8796
 46  3.413         2.4517         1.9972
 47  3.513         2.5290         1.7415
 48  3.613         2.5975         1.7615
 49  3.713         2.6599         1.7865
 50  3.813         2.7175         1.8119
 51  3.913         2.7713         1.8377
 52  4.013         2.8265         1.9033
 53  4.113         2.8774         1.9209
 54  4.213         2.9233         1.9244
 55  4.313         2.9693         1.9715
 56  4.413         3.0113         1.9759
 57  4.513         3.0504         1.9852
 58  4.613         3.0872         1.9975
 59  4.713         3.1223         2.0129
 60  4.813         3.1560         2.0282
 61  4.913         3.1882         2.0431
 62  5.013         3.2191         2.0560
 63  5.113         3.2487         2.0668
 64  5.213         3.2769         2.0754
 65  5.313         3.3038         2.0827
 66  5.413         3.3298         2.0936
 67  5.513         3.3551         2.1083
 68  5.613         3.3800         2.1264
 69  5.713         3.4045         2.1428
 70  5.813         3.4280         2.1507
 71  5.913         3.4505         2.1531
 72  6.013         3.4718         2.1508
 73  6.113         3.4920         2.1496
 74  6.213         3.5113         2.1495
 75  6.313         3.5299         2.1534
 76  6.413         3.5480         2.1589
 77  6.513         3.5655         2.1625
 78  6.613         3.5824         2.1634
 79  6.713         3.5987         2.1645
 80  6.813         3.6144         2.1655
 81  6.913         3.6297         2.1696
 82  7.013         3.6447         2.1736
 83  7.113         3.6593         2.1789
 84  7.213         3.6736         2.1841
 85  7.313         3.6878         2.1948
 86  7.413         3.7018         2.2054
 87  7.513         3.7159         2.2199
 88  7.613         3.7301         2.2368
 89  7.713         3.7441         2.2450
 90  7.813         3.7577         2.2469
 91  7.913         3.7713         2.2619
 92  8.013         3.7853         2.2841
 93  8.113         3.7994         2.3045
 94  8.213         3.8139         2.3297
 95  8.313         3.8282         2.3407
 96  8.413         3.8421         2.3387
 97  8.513         3.8560         2.3533
 98  8.613         3.8702         2.3775
 99  8.713         3.8847         2.4021
100  8.813         3.8997         2.4299
101  8.913         3.9148         2.4500
102  9.013         3.9303         2.4733
103  9.113         3.9461         2.5011
104  9.213         3.9626         2.5321
105  9.313         3.9796         2.5642
106  9.413         3.9976         2.6071
107  9.513         4.0156         2.6230
108  9.613         4.0303         2.5522
109  9.713         4.0466         2.6146
110  9.813         4.0651         2.6846
111  9.913         4.0855         2.7482
112 10.013         4.1078         2.8070
113 10.113         4.1318         2.8623
114 10.213         4.1574         2.9146
115 10.313         4.1844         2.9645
116 10.413         4.2127         3.0123
117 10.513         4.2421         3.0581
118 10.613         4.2723         3.1003
119 10.713         4.2992         3.0771
120 10.813         4.3245         3.0776
121 10.913         4.3506         3.1166
122 11.013         4.3776         3.1574
123 11.113         4.4051         3.1936
124 11.213         4.4326         3.2205
125 11.313         4.4600         3.2464
126 11.413         4.4867         3.2625
127 11.513         4.5130         3.2807
128 11.613         4.5392         3.3067
129 11.713         4.5653         3.3319
130 11.813         4.5915         3.3584
131 11.913         4.6176         3.3845
132 12.013         4.6439         3.4117
133 12.113         4.6702         3.4402
134 12.213         4.6967         3.4679
135 12.313         4.7232         3.4959
136 12.413         4.7499         3.5255
137 12.513         4.7769         3.5568
138 12.613         4.8042         3.5898
139 12.713         4.8321         3.6261
140 12.813         4.8604         3.6598
141 12.913         4.8887         3.6887
142 13.013         4.9167         3.7126
143 13.113         4.9446         3.7376
144 13.213         4.9723         3.7640
145 13.313         5.0000         3.7905


#AGE= 8.000 BINS=143 Power-law IMF: x=-2.350
# N  sdss_r       Log10(N)       Log10(dN)
  1 -1.024        -0.1580        -0.1580
  2 -0.924         0.0655        -0.3301
  3 -0.824         0.2052        -0.3551
  4 -0.724         0.3159        -0.3322
  5 -0.624         0.4048        -0.3275
  6 -0.524         0.4803        -0.3166
  7 -0.424         0.5469        -0.3008
  8 -0.324         0.6078        -0.2753
  9 -0.224         0.6644        -0.2486
 10 -0.124         0.7176        -0.2208
 11 -0.024         0.7676        -0.1957
 12  0.076         0.8157        -0.1642
 13  0.176         0.8628        -0.1248
 14  0.276         0.9083        -0.0940
 15  0.376         0.9538        -0.0490
 16  0.476         1.0018         0.0220
 17  0.576         1.0491         0.0623
 18  0.676         1.0925         0.0710
 19  0.776         1.1324         0.0759
 20  0.876         1.1691         0.0779
 21  0.976         1.2653         0.5636
 22  1.076         1.3552         0.6269
 23  1.176         1.3822         0.1628
 24  1.276         1.4102         0.2053
 25  1.376         1.4381         0.2312
 26  1.476         1.4663         0.2659
 27  1.576         1.4947         0.2964
 28  1.676         1.5233         0.3274
 29  1.776         1.5523         0.3625
 30  1.876         1.5818         0.3983
 31  1.976         1.6116         0.4337
 32  2.076         1.6420         0.4720
 33  2.176         1.6728         0.5080
 34  2.276         1.7044         0.5500
 35  2.376         1.7365         0.5895
 36  2.476         1.7694         0.6323
 37  2.576         1.8037         0.6850
 38  2.676         1.8401         0.7455
 39  2.776         1.8808         0.8317
 40  2.876         1.9240         0.9003
 41  2.976         1.9651         0.9214
 42  3.076         2.0037         0.9334
 43  3.176         2.0404         0.9482
 44  3.276         2.0759         0.9706
 45  3.376         2.1125         1.0209
 46  3.476         2.3844         2.0521
 47  3.576         2.5195         1.9465
 48  3.676         2.5949         1.7972
 49  3.776         2.6618         1.8170
 50  3.876         2.7235         1.8453
 51  3.976         2.7805         1.8706
 52  4.076         2.8331         1.8899
 53  4.176         2.8846         1.9328
 54  4.276         2.9361         1.9851
 55  4.376         2.9846         2.0080
 56  4.476         3.0281         2.0077
 57  4.576         3.0686         2.0181
 58  4.676         3.1068         2.0324
 59  4.776         3.1433         2.0491
 60  4.876         3.1781         2.0648
 61  4.976         3.2114         2.0789
 62  5.076         3.2431         2.0905
 63  5.176         3.2732         2.0995
 64  5.276         3.3020         2.1087
 65  5.376         3.3297         2.1210
 66  5.476         3.3567         2.1368
 67  5.576         3.3833         2.1566
 68  5.676         3.4092         2.1718
 69  5.776         3.4340         2.1797
 70  5.876         3.4577         2.1816
 71  5.976         3.4800         2.1799
 72  6.076         3.5012         2.1800
 73  6.176         3.5215         2.1808
 74  6.276         3.5411         2.1853
 75  6.376         3.5601         2.1911
 76  6.476         3.5784         2.1944
 77  6.576         3.5960         2.1959
 78  6.676         3.6131         2.1979
 79  6.776         3.6295         2.2003
 80  6.876         3.6455         2.2042
 81  6.976         3.6611         2.2084
 82  7.076         3.6763         2.2125
 83  7.176         3.6912         2.2187
 84  7.276         3.7058         2.2249
 85  7.376         3.7203         2.2373
 86  7.476         3.7349         2.2536
 87  7.576         3.7494         2.2651
 88  7.676         3.7637         2.2754
 89  7.776         3.7779         2.2848
 90  7.876         3.7918         2.2894
 91  7.976         3.8059         2.3096
 92  8.076         3.8205         2.3407
 93  8.176         3.8352         2.3572
 94  8.276         3.8498         2.3700
 95  8.376         3.8643         2.3799
 96  8.476         3.8785         2.3851
 97  8.576         3.8929         2.4061
 98  8.676         3.9077         2.4330
 99  8.776         3.9228         2.4573
100  8.876         3.9382         2.4812
101  8.976         3.9539         2.5036
102  9.076         3.9699         2.5295
103  9.176         3.9866         2.5611
104  9.276         4.0037         2.5920
105  9.376         4.0214         2.6229
106  9.476         4.0403         2.6682
107  9.576         4.0584         2.6699
108  9.676         4.0746         2.6382
109  9.776         4.0926         2.7024
110  9.876         4.1126         2.7642
111  9.976         4.1343         2.8218
112 10.076         4.1576         2.8762
113 10.176         4.1825         2.9283
114 10.276         4.2088         2.9785
115 10.376         4.2365         3.0272
116 10.476         4.2654         3.0747
117 10.576         4.2957         3.1232
118 10.676         4.3252         3.1432
119 10.776         4.3510         3.1121
120 10.876         4.3774         3.1471
121 10.976         4.4046         3.1881
122 11.076         4.4322         3.2226
123 11.176         4.4599         3.2511
124 11.276         4.4876         3.2776
125 11.376         4.5147         3.2961
126 11.476         4.5411         3.3117
127 11.576         4.5673         3.3354
128 11.676         4.5934         3.3598
129 11.776         4.6197         3.3878
130 11.876         4.6460         3.4155
131 11.976         4.6723         3.4412
132 12.076         4.6984         3.4637
133 12.176         4.7243         3.4879
134 12.276         4.7504         3.5164
135 12.376         4.7769         3.5495
136 12.476         4.8041         3.5870
137 12.576         4.8319         3.6235
138 12.676         4.8599         3.6563
139 12.776         4.8880         3.6853
140 12.876         4.9160         3.7110
141 12.976         4.9440         3.7399
142 13.076         4.9721         3.7680
143 13.176         5.0000         3.7943


#AGE= 9.000 BINS=144 Power-law IMF: x=-2.350
# N  sdss_r       Log10(N)       Log10(dN)
  1 -0.957        -0.2485        -0.2485
  2 -0.857        -0.0176        -0.4023
  3 -0.757         0.1332        -0.3996
  4 -0.657         0.2477        -0.3871
  5 -0.557         0.3385        -0.3860
  6 -0.457         0.4147        -0.3783
  7 -0.357         0.4832        -0.3532
  8 -0.257         0.5455        -0.3285
  9 -0.157         0.6037        -0.2974
 10 -0.057         0.6575        -0.2768
 11  0.043         0.7079        -0.2517
 12  0.143         0.7569        -0.2155
 13  0.243         0.8045        -0.1789
 14  0.343         0.8505        -0.1477
 15  0.443         0.9014        -0.0548
 16  0.543         0.9488        -0.0363
 17  0.643         0.9936        -0.0154
 18  0.743         1.0383         0.0285
 19  0.843         1.0777         0.0165
 20  0.943         1.1151         0.0317
 21  1.043         1.2228         0.5642
 22  1.143         1.3025         0.5271
 23  1.243         1.3292         0.1044
 24  1.343         1.3573         0.1548
 25  1.443         1.3853         0.1807
 26  1.543         1.4134         0.2103
 27  1.643         1.4419         0.2439
 28  1.743         1.4705         0.2751
 29  1.843         1.4996         0.3120
 30  1.943         1.5292         0.3476
 31  2.043         1.5592         0.3832
 32  2.143         1.5895         0.4186
 33  2.243         1.6205         0.4587
 34  2.343         1.6520         0.4972
 35  2.443         1.6843         0.5390
 36  2.543         1.7174         0.5830
 37  2.643         1.7521         0.6378
 38  2.743         1.7903         0.7154
 39  2.843         1.8314         0.7870
 40  2.943         1.8737         0.8411
 41  3.043         1.9140         0.8622
 42  3.143         1.9522         0.8769
 43  3.243         1.9882         0.8896
 44  3.343         2.0231         0.9108
 45  3.443         2.0588         0.9553
 46  3.543         2.1834         1.5803
 47  3.643         2.4267         2.0590
 48  3.743         2.5105         1.7549
 49  3.843         2.5827         1.7676
 50  3.943         2.6479         1.7921
 51  4.043         2.7078         1.8185
 52  4.143         2.7632         1.8415
 53  4.243         2.8168         1.8812
 54  4.343         2.8688         1.9212
 55  4.443         2.9189         1.9567
 56  4.543         2.9643         1.9611
 57  4.643         3.0062         1.9699
 58  4.743         3.0458         1.9852
 59  4.843         3.0833         2.0015
 60  4.943         3.1191         2.0171
 61  5.043         3.1530         2.0294
 62  5.143         3.1852         2.0390
 63  5.243         3.2160         2.0505
 64  5.343         3.2456         2.0651
 65  5.443         3.2744         2.0820
 66  5.543         3.3027         2.1022
 67  5.643         3.3301         2.1168
 68  5.743         3.3563         2.1236
 69  5.843         3.3811         2.1252
 70  5.943         3.4045         2.1247
 71  6.043         3.4268         2.1256
 72  6.143         3.4481         2.1280
 73  6.243         3.4686         2.1325
 74  6.343         3.4885         2.1388
 75  6.443         3.5076         2.1427
 76  6.543         3.5260         2.1445
 77  6.643         3.5438         2.1478
 78  6.743         3.5610         2.1503
 79  6.843         3.5778         2.1546
 80  6.943         3.5940         2.1583
 81  7.043         3.6097         2.1618
 82  7.143         3.6251         2.1661
 83  7.243         3.6402         2.1732
 84  7.343         3.6551         2.1846
 85  7.443         3.6700         2.1980
 86  7.543         3.6850         2.2155
 87  7.643         3.6998         2.2249
 88  7.743         3.7143         2.2301
 89  7.843         3.7287         2.2417
 90  7.943         3.7430         2.2529
 91  8.043         3.7577         2.2803
 92  8.143         3.7730         2.3113
 93  8.243         3.7880         2.3189
 94  8.343         3.8027         2.3264
 95  8.443         3.8174         2.3384
 96  8.543         3.8320         2.3513
 97  8.643         3.8470         2.3787
 98  8.743         3.8624         2.4045
 99  8.843         3.8781         2.4271
100  8.943         3.8940         2.4498
101  9.043         3.9102         2.4759
102  9.143         3.9270         2.5057
103  9.243         3.9444         2.5379
104  9.343         3.9623         2.5676
105  9.443         3.9808         2.6020
106  9.543         4.0003         2.6423
107  9.643         4.0183         2.6283
108  9.743         4.0361         2.6392
109  9.843         4.0557         2.6996
110  9.943         4.0768         2.7538
111 10.043         4.0995         2.8063
112 10.143         4.1237         2.8576
113 10.243         4.1494         2.9085
114 10.343         4.1766         2.9597
115 10.443         4.2053         3.0118
116 10.543         4.2358         3.0670
117 10.643         4.2667         3.1034
118 10.743         4.2935         3.0711
119 10.843         4.3207         3.1030
120 10.943         4.3480         3.1327
121 11.043         4.3759         3.1697
122 11.143         4.4039         3.2001
123 11.243         4.4318         3.2251
124 11.343         4.4592         3.2451
125 11.443         4.4859         3.2619
126 11.543         4.5123         3.2828
127 11.643         4.5384         3.3050
128 11.743         4.5647         3.3334
129 11.843         4.5910         3.3599
130 11.943         4.6171         3.3826
131 12.043         4.6430         3.4053
132 12.143         4.6690         3.4332
133 12.243         4.6953         3.4659
134 12.343         4.7221         3.4979
135 12.443         4.7491         3.5294
136 12.543         4.7764         3.5608
137 12.643         4.8039         3.5922
138 12.743         4.8318         3.6267
139 12.843         4.8601         3.6601
140 12.943         4.8885         3.6889
141 13.043         4.9165         3.7130
142 13.143         4.9444         3.7385
143 13.243         4.9723         3.7650
144 13.343         5.0000         3.7914


#AGE=10.000 BINS=142 Power-law IMF: x=-2.350
# N  sdss_r       Log10(N)       Log10(dN)
  1 -0.937        -0.0762        -0.0762
  2 -0.837         0.1213        -0.3158
  3 -0.737         0.2415        -0.3752
  4 -0.637         0.3394        -0.3559
  5 -0.537         0.4212        -0.3438
  6 -0.437         0.4911        -0.3368
  7 -0.337         0.5542        -0.3147
  8 -0.237         0.6120        -0.2921
  9 -0.137         0.6653        -0.2721
 10 -0.037         0.7167        -0.2355
 11  0.063         0.7647        -0.2158
 12  0.163         0.8111        -0.1836
 13  0.263         0.8561        -0.1507
 14  0.363         0.9001        -0.1159
 15  0.463         0.9577         0.0521
 16  0.563         1.0043         0.0112
 17  0.663         1.0453         0.0008
 18  0.763         1.0895         0.0750
 19  0.863         1.1281         0.0571
 20  0.963         1.1649         0.0751
 21  1.063         1.2305         0.3770
 22  1.163         1.3522         0.7403
 23  1.263         1.3768         0.1183
 24  1.363         1.4033         0.1761
 25  1.463         1.4307         0.2165
 26  1.563         1.4582         0.2452
 27  1.663         1.4858         0.2765
 28  1.763         1.5139         0.3102
 29  1.863         1.5423         0.3436
 30  1.963         1.5713         0.3809
 31  2.063         1.6005         0.4146
 32  2.163         1.6302         0.4503
 33  2.263         1.6605         0.4895
 34  2.363         1.6912         0.5251
 35  2.463         1.7229         0.5702
 36  2.563         1.7554         0.6130
 37  2.663         1.7895         0.6674
 38  2.763         1.8260         0.7325
 39  2.863         1.8657         0.8074
 40  2.963         1.9078         0.8735
 41  3.063         1.9480         0.8948
 42  3.163         1.9863         0.9122
 43  3.263         2.0223         0.9231
 44  3.363         2.0567         0.9381
 45  3.463         2.0907         0.9676
 46  3.563         2.1268         1.0281
 47  3.663         2.3055         1.8335
 48  3.763         2.4872         2.0213
 49  3.863         2.5703         1.8112
 50  3.963         2.6426         1.8281
 51  4.063         2.7083         1.8556
 52  4.163         2.7683         1.8789
 53  4.263         2.8238         1.9027
 54  4.363         2.8773         1.9416
 55  4.463         2.9299         1.9870
 56  4.563         2.9791         2.0091
 57  4.663         3.0238         2.0145
 58  4.763         3.0655         2.0267
 59  4.863         3.1048         2.0424
 60  4.963         3.1421         2.0573
 61  5.063         3.1773         2.0688
 62  5.163         3.2109         2.0818
 63  5.263         3.2430         2.0968
 64  5.363         3.2742         2.1148
 65  5.463         3.3046         2.1348
 66  5.563         3.3342         2.1520
 67  5.663         3.3624         2.1616
 68  5.763         3.3891         2.1642
 69  5.863         3.4142         2.1645
 70  5.963         3.4381         2.1669
 71  6.063         3.4609         2.1683
 72  6.163         3.4827         2.1741
 73  6.263         3.5038         2.1797
 74  6.363         3.5242         2.1851
 75  6.463         3.5438         2.1887
 76  6.563         3.5627         2.1914
 77  6.663         3.5809         2.1946
 78  6.763         3.5986         2.1994
 79  6.863         3.6157         2.2041
 80  6.963         3.6323         2.2042
 81  7.063         3.6483         2.2081
 82  7.163         3.6640         2.2143
 83  7.263         3.6795         2.2225
 84  7.363         3.6948         2.2361
 85  7.463         3.7102         2.2504
 86  7.563         3.7255         2.2650
 87  7.663         3.7406         2.2764
 88  7.763         3.7553         2.2775
 89  7.863         3.7700         2.2904
 90  7.963         3.7848         2.3112
 91  8.063         3.8000         2.3347
 92  8.163         3.8156         2.3630
 93  8.263         3.8309         2.3706
 94  8.363         3.8458         2.3752
 95  8.463         3.8608         2.3904
 96  8.563         3.8758         2.4065
 97  8.663         3.8912         2.4346
 98  8.763         3.9070         2.4603
 99  8.863         3.9230         2.4810
100  8.963         3.9393         2.5053
101  9.063         3.9560         2.5329
102  9.163         3.9733         2.5635
103  9.263         3.9911         2.5957
104  9.363         4.0094         2.6250
105  9.463         4.0283         2.6584
106  9.563         4.0480         2.6942
107  9.663         4.0682         2.7261
108  9.763         4.0890         2.7591
109  9.863         4.1105         2.7948
110  9.963         4.1325         2.8249
111 10.063         4.1549         2.8575
112 10.163         4.1782         2.8960
113 10.263         4.2027         2.9415
114 10.363         4.2289         2.9957
115 10.463         4.2574         3.0600
116 10.563         4.2888         3.1324
117 10.663         4.3193         3.1517
118 10.763         4.3468         3.1335
119 10.863         4.3745         3.1666
120 10.963         4.4023         3.1935
121 11.063         4.4306         3.2314
122 11.163         4.4588         3.2575
123 11.263         4.4868         3.2819
124 11.363         4.5141         3.2994
125 11.463         4.5410         3.3186
126 11.563         4.5673         3.3376
127 11.663         4.5936         3.3624
128 11.763         4.6199         3.3880
129 11.863         4.6461         3.4134
130 11.963         4.6722         3.4389
131 12.063         4.6984         3.4650
132 12.163         4.7244         3.4886
133 12.263         4.7504         3.5149
134 12.363         4.7767         3.5466
135 12.463         4.8037         3.5836
136 12.563         4.8314         3.6218
137 12.663         4.8594         3.6560
138 12.763         4.8876         3.6857
139 12.863         4.9157         3.7118
140 12.963         4.9438         3.7413
141 13.063         4.9720         3.7698
142 13.163         5.0000         3.7959


#AGE=11.000 BINS=143 Power-law IMF: x=-2.350
# N  sdss_r       Log10(N)       Log10(dN)
  1 -0.900        -0.0435        -0.0435
  2 -0.800         0.1245        -0.3694
  3 -0.700         0.2309        -0.4320
  4 -0.600         0.3223        -0.3992
  5 -0.500         0.3993        -0.3898
  6 -0.400         0.4644        -0.3921
  7 -0.300         0.5246        -0.3634
  8 -0.200         0.5807        -0.3359
  9 -0.100         0.6321        -0.3204
 10  0.000         0.6812        -0.2894
 11  0.100         0.7279        -0.2644
 12  0.200         0.7728        -0.2341
 13  0.300         0.8168        -0.1994
 14  0.400         0.8595        -0.1695
 15  0.500         0.9086        -0.0624
 16  0.600         0.9542        -0.0475
 17  0.700         0.9960        -0.0405
 18  0.800         1.0390         0.0128
 19  0.900         1.0786         0.0189
 20  1.000         1.1153         0.0240
 21  1.100         1.1480         0.0086
 22  1.200         1.2838         0.7129
 23  1.300         1.3302         0.3357
 24  1.400         1.3551         0.1004
 25  1.500         1.3823         0.1656
 26  1.600         1.4099         0.1992
 27  1.700         1.4376         0.2282
 28  1.800         1.4658         0.2642
 29  1.900         1.4943         0.2972
 30  2.000         1.5233         0.3344
 31  2.100         1.5525         0.3651
 32  2.200         1.5823         0.4044
 33  2.300         1.6124         0.4382
 34  2.400         1.6432         0.4791
 35  2.500         1.6745         0.5166
 36  2.600         1.7072         0.5672
 37  2.700         1.7409         0.6137
 38  2.800         1.7776         0.6865
 39  2.900         1.8180         0.7669
 40  3.000         1.8597         0.8211
 41  3.100         1.8990         0.8366
 42  3.200         1.9368         0.8576
 43  3.300         1.9723         0.8670
 44  3.400         2.0060         0.8794
 45  3.500         2.0393         0.9066
 46  3.600         2.0738         0.9568
 47  3.700         2.1145         1.0662
 48  3.800         2.3855         2.0521
 49  3.900         2.4829         1.7860
 50  4.000         2.5620         1.7833
 51  4.100         2.6322         1.8062
 52  4.200         2.6960         1.8319
 53  4.300         2.7542         1.8521
 54  4.400         2.8096         1.8878
 55  4.500         2.8631         1.9273
 56  4.600         2.9151         1.9678
 57  4.700         2.9622         1.9737
 58  4.800         3.0056         1.9838
 59  4.900         3.0461         1.9959
 60  5.000         3.0843         2.0100
 61  5.100         3.1206         2.0250
 62  5.200         3.1555         2.0423
 63  5.300         3.1891         2.0609
 64  5.400         3.2217         2.0819
 65  5.500         3.2533         2.0996
 66  5.600         3.2836         2.1115
 67  5.700         3.3121         2.1153
 68  5.800         3.3389         2.1149
 69  5.900         3.3642         2.1181
 70  6.000         3.3884         2.1218
 71  6.100         3.4115         2.1266
 72  6.200         3.4338         2.1328
 73  6.300         3.4553         2.1401
 74  6.400         3.4760         2.1435
 75  6.500         3.4959         2.1469
 76  6.600         3.5151         2.1507
 77  6.700         3.5337         2.1554
 78  6.800         3.5517         2.1600
 79  6.900         3.5690         2.1624
 80  7.000         3.5858         2.1637
 81  7.100         3.6021         2.1683
 82  7.200         3.6181         2.1763
 83  7.300         3.6339         2.1866
 84  7.400         3.6496         2.2010
 85  7.500         3.6654         2.2179
 86  7.600         3.6810         2.2275
 87  7.700         3.6963         2.2367
 88  7.800         3.7112         2.2405
 89  7.900         3.7262         2.2569
 90  8.000         3.7417         2.2844
 91  8.100         3.7573         2.3065
 92  8.200         3.7732         2.3287
 93  8.300         3.7887         2.3335
 94  8.400         3.8039         2.3396
 95  8.500         3.8191         2.3574
 96  8.600         3.8346         2.3772
 97  8.700         3.8505         2.4075
 98  8.800         3.8667         2.4312
 99  8.900         3.8832         2.4530
100  9.000         3.8999         2.4767
101  9.100         3.9171         2.5063
102  9.200         3.9349         2.5387
103  9.300         3.9533         2.5703
104  9.400         3.9721         2.6002
105  9.500         3.9916         2.6346
106  9.600         4.0118         2.6692
107  9.700         4.0326         2.7013
108  9.800         4.0540         2.7357
109  9.900         4.0760         2.7713
110 10.000         4.0987         2.8045
111 10.100         4.1220         2.8407
112 10.200         4.1463         2.8811
113 10.300         4.1717         2.9266
114 10.400         4.1986         2.9781
115 10.500         4.2275         3.0358
116 10.600         4.2596         3.1121
117 10.700         4.2888         3.1026
118 10.800         4.3170         3.1153
119 10.900         4.3452         3.1427
120 11.000         4.3736         3.1752
121 11.100         4.4021         3.2046
122 11.200         4.4305         3.2318
123 11.300         4.4583         3.2518
124 11.400         4.4857         3.2715
125 11.500         4.5124         3.2879
126 11.600         4.5388         3.3103
127 11.700         4.5652         3.3345
128 11.800         4.5915         3.3615
129 11.900         4.6178         3.3872
130 12.000         4.6438         3.4079
131 12.100         4.6696         3.4297
132 12.200         4.6955         3.4594
133 12.300         4.7220         3.4934
134 12.400         4.7488         3.5253
135 12.500         4.7758         3.5575
136 12.600         4.8033         3.5899
137 12.700         4.8312         3.6259
138 12.800         4.8596         3.6603
139 12.900         4.8880         3.6895
140 13.000         4.9161         3.7138
141 13.100         4.9442         3.7401
142 13.200         4.9721         3.7671
143 13.300         5.0000         3.7935


#AGE=12.000 BINS=140 Power-law IMF: x=-2.350
# N  sdss_r       Log10(N)       Log10(dN)
  1 -0.810        -0.2386        -0.2386
  2 -0.710         0.0042        -0.3640
  3 -0.610         0.1582        -0.3667
  4 -0.510         0.2758        -0.3491
  5 -0.410         0.3707        -0.3368
  6 -0.310         0.4488        -0.3345
  7 -0.210         0.5194        -0.3045
  8 -0.110         0.5827        -0.2847
  9 -0.010         0.6427        -0.2466
 10  0.090         0.6971        -0.2327
 11  0.190         0.7489        -0.1996
 12  0.290         0.7990        -0.1642
 13  0.390         0.8471        -0.1322
 14  0.490         0.9095         0.0358
 15  0.590         0.9637         0.0333
 16  0.690         1.0057        -0.0294
 17  0.790         1.0505         0.0412
 18  0.890         1.0932         0.0653
 19  0.990         1.1324         0.0677
 20  1.090         1.1696         0.0840
 21  1.190         1.2631         0.5501
 22  1.290         1.3511         0.6148
 23  1.390         1.3861         0.2749
 24  1.490         1.4119         0.1726
 25  1.590         1.4396         0.2303
 26  1.690         1.4677         0.2653
 27  1.790         1.4960         0.2964
 28  1.890         1.5248         0.3314
 29  1.990         1.5539         0.3658
 30  2.090         1.5832         0.3975
 31  2.190         1.6132         0.4371
 32  2.290         1.6433         0.4700
 33  2.390         1.6740         0.5079
 34  2.490         1.7055         0.5503
 35  2.590         1.7376         0.5901
 36  2.690         1.7710         0.6409
 37  2.790         1.8064         0.6991
 38  2.890         1.8457         0.7835
 39  2.990         1.8878         0.8531
 40  3.090         1.9284         0.8795
 41  3.190         1.9668         0.8944
 42  3.290         2.0035         0.9119
 43  3.390         2.0382         0.9227
 44  3.490         2.0715         0.9407
 45  3.590         2.1049         0.9734
 46  3.690         2.1401         1.0318
 47  3.790         2.1847         1.1740
 48  3.890         2.4423         2.0929
 49  3.990         2.5411         1.8496
 50  4.090         2.6211         1.8470
 51  4.190         2.6920         1.8704
 52  4.290         2.7566         1.8966
 53  4.390         2.8150         1.9152
 54  4.490         2.8709         1.9529
 55  4.590         2.9248         1.9913
 56  4.690         2.9767         2.0289
 57  4.790         3.0235         2.0322
 58  4.890         3.0665         2.0411
 59  4.990         3.1069         2.0556
 60  5.090         3.1453         2.0732
 61  5.190         3.1822         2.0927
 62  5.290         3.2179         2.1146
 63  5.390         3.2524         2.1359
 64  5.490         3.2855         2.1504
 65  5.590         3.3168         2.1602
 66  5.690         3.3463         2.1625
 67  5.790         3.3739         2.1640
 68  5.890         3.4001         2.1682
 69  5.990         3.4252         2.1733
 70  6.090         3.4491         2.1793
 71  6.190         3.4723         2.1872
 72  6.290         3.4945         2.1930
 73  6.390         3.5159         2.1976
 74  6.490         3.5365         2.2013
 75  6.590         3.5563         2.2052
 76  6.690         3.5754         2.2098
 77  6.790         3.5939         2.2154
 78  6.890         3.6118         2.2164
 79  6.990         3.6290         2.2185
 80  7.090         3.6457         2.2231
 81  7.190         3.6621         2.2310
 82  7.290         3.6784         2.2428
 83  7.390         3.6945         2.2562
 84  7.490         3.7106         2.2721
 85  7.590         3.7266         2.2840
 86  7.690         3.7422         2.2900
 87  7.790         3.7576         2.2993
 88  7.890         3.7728         2.3105
 89  7.990         3.7886         2.3405
 90  8.090         3.8046         2.3644
 91  8.190         3.8208         2.3841
 92  8.290         3.8367         2.3929
 93  8.390         3.8521         2.3943
 94  8.490         3.8677         2.4134
 95  8.590         3.8834         2.4350
 96  8.690         3.8996         2.4628
 97  8.790         3.9161         2.4879
 98  8.890         3.9328         2.5106
 99  8.990         3.9499         2.5347
100  9.090         3.9673         2.5625
101  9.190         3.9853         2.5940
102  9.290         4.0039         2.6265
103  9.390         4.0231         2.6575
104  9.490         4.0428         2.6917
105  9.590         4.0633         2.7267
106  9.690         4.0843         2.7580
107  9.790         4.1059         2.7910
108  9.890         4.1280         2.8249
109  9.990         4.1507         2.8575
110 10.090         4.1742         2.8944
111 10.190         4.1986         2.9369
112 10.290         4.2244         2.9853
113 10.390         4.2515         3.0330
114 10.490         4.2803         3.0877
115 10.590         4.3119         3.1583
116 10.690         4.3420         3.1672
117 10.790         4.3709         3.1807
118 10.890         4.3995         3.2038
119 10.990         4.4283         3.2348
120 11.090         4.4570         3.2637
121 11.190         4.4855         3.2883
122 11.290         4.5137         3.3120
123 11.390         4.5413         3.3296
124 11.490         4.5682         3.3470
125 11.590         4.5947         3.3674
126 11.690         4.6211         3.3915
127 11.790         4.6475         3.4180
128 11.890         4.6737         3.4413
129 11.990         4.6997         3.4647
130 12.090         4.7257         3.4905
131 12.190         4.7517         3.5143
132 12.290         4.7777         3.5427
133 12.390         4.8043         3.5779
134 12.490         4.8316         3.6161
135 12.590         4.8593         3.6511
136 12.690         4.8873         3.6822
137 12.790         4.9153         3.7106
138 12.890         4.9435         3.7426
139 12.990         4.9718         3.7720
140 13.090         5.0000         3.7979


#AGE=13.000 BINS=141 Power-law IMF: x=-2.350
# N  sdss_r       Log10(N)       Log10(dN)
  1 -0.793        -0.2122        -0.2122
  2 -0.693         0.0110        -0.3849
  3 -0.593         0.1520        -0.4050
  4 -0.493         0.2608        -0.3937
  5 -0.393         0.3506        -0.3780
  6 -0.293         0.4236        -0.3868
  7 -0.193         0.4915        -0.3483
  8 -0.093         0.5540        -0.3185
  9  0.007         0.6109        -0.2998
 10  0.107         0.6639        -0.2764
 11  0.207         0.7138        -0.2499
 12  0.307         0.7622        -0.2154
 13  0.407         0.8094        -0.1780
 14  0.507         0.8572        -0.1247
 15  0.607         0.9119        -0.0147
 16  0.707         0.9558        -0.0615
 17  0.807         0.9991        -0.0236
 18  0.907         1.0435         0.0313
 19  1.007         1.0834         0.0263
 20  1.107         1.1215         0.0459
 21  1.207         1.1559         0.0371
 22  1.307         1.2864         0.7006
 23  1.407         1.3432         0.4320
 24  1.507         1.3675         0.1031
 25  1.607         1.3948         0.1790
 26  1.707         1.4231         0.2232
 27  1.807         1.4514         0.2521
 28  1.907         1.4802         0.2871
 29  2.007         1.5093         0.3208
 30  2.107         1.5386         0.3532
 31  2.207         1.5685         0.3916
 32  2.307         1.5985         0.4235
 33  2.407         1.6293         0.4635
 34  2.507         1.6607         0.5049
 35  2.607         1.6926         0.5426
 36  2.707         1.7256         0.5896
 37  2.807         1.7607         0.6510
 38  2.907         1.7992         0.7279
 39  3.007         1.8408         0.8016
 40  3.107         1.8818         0.8364
 41  3.207         1.9209         0.8552
 42  3.307         1.9579         0.8706
 43  3.407         1.9932         0.8849
 44  3.507         2.0267         0.8980
 45  3.607         2.0597         0.9237
 46  3.707         2.0934         0.9667
 47  3.807         2.1313         1.0539
 48  3.907         2.2028         1.3839
 49  4.007         2.4479         2.0827
 50  4.107         2.5389         1.8153
 51  4.207         2.6158         1.8260
 52  4.307         2.6847         1.8514
 53  4.407         2.7474         1.8756
 54  4.507         2.8048         1.8979
 55  4.607         2.8599         1.9360
 56  4.707         2.9134         1.9770
 57  4.807         2.9628         1.9942
 58  4.907         3.0078         2.0014
 59  5.007         3.0500         2.0169
 60  5.107         3.0902         2.0364
 61  5.207         3.1289         2.0594
 62  5.307         3.1663         2.0826
 63  5.407         3.2020         2.0997
 64  5.507         3.2359         2.1110
 65  5.607         3.2677         2.1173
 66  5.707         3.2975         2.1180
 67  5.807         3.3255         2.1223
 68  5.907         3.3523         2.1289
 69  6.007         3.3779         2.1352
 70  6.107         3.4025         2.1434
 71  6.207         3.4262         2.1511
 72  6.307         3.4489         2.1562
 73  6.407         3.4707         2.1606
 74  6.507         3.4917         2.1646
 75  6.607         3.5119         2.1699
 76  6.707         3.5314         2.1753
 77  6.807         3.5503         2.1779
 78  6.907         3.5684         2.1790
 79  7.007         3.5858         2.1816
 80  7.107         3.6029         2.1887
 81  7.207         3.6196         2.1975
 82  7.307         3.6362         2.2101
 83  7.407         3.6528         2.2249
 84  7.507         3.6692         2.2404
 85  7.607         3.6855         2.2500
 86  7.707         3.7013         2.2547
 87  7.807         3.7169         2.2660
 88  7.907         3.7325         2.2799
 89  8.007         3.7487         2.3117
 90  8.107         3.7652         2.3370
 91  8.207         3.7816         2.3512
 92  8.307         3.7978         2.3599
 93  8.407         3.8135         2.3636
 94  8.507         3.8293         2.3838
 95  8.607         3.8454         2.4063
 96  8.707         3.8620         2.4350
 97  8.807         3.8788         2.4594
 98  8.907         3.8960         2.4828
 99  9.007         3.9134         2.5086
100  9.107         3.9313         2.5369
101  9.207         3.9496         2.5669
102  9.307         3.9686         2.5982
103  9.407         3.9881         2.6308
104  9.507         4.0083         2.6665
105  9.607         4.0292         2.7012
106  9.707         4.0506         2.7320
107  9.807         4.0726         2.7659
108  9.907         4.0953         2.8025
109 10.007         4.1188         2.8399
110 10.107         4.1431         2.8789
111 10.207         4.1680         2.9149
112 10.307         4.1935         2.9500
113 10.407         4.2205         2.9993
114 10.507         4.2499         3.0660
115 10.607         4.2820         3.1353
116 10.707         4.3118         3.1326
117 10.807         4.3414         3.1603
118 10.907         4.3702         3.1787
119 11.007         4.3994         3.2112
120 11.107         4.4283         3.2384
121 11.207         4.4571         3.2634
122 11.307         4.4852         3.2831
123 11.407         4.5128         3.3010
124 11.507         4.5397         3.3194
125 11.607         4.5663         3.3403
126 11.707         4.5928         3.3640
127 11.807         4.6192         3.3901
128 11.907         4.6456         3.4158
129 12.007         4.6715         3.4356
130 12.107         4.6972         3.4566
131 12.207         4.7232         3.4873
132 12.307         4.7495         3.5188
133 12.407         4.7762         3.5503
134 12.507         4.8032         3.5841
135 12.607         4.8309         3.6217
136 12.707         4.8591         3.6577
137 12.807         4.8875         3.6881
138 12.907         4.9156         3.7135
139 13.007         4.9438         3.7419
140 13.107         4.9720         3.7698
141 13.207         5.0000         3.7960
