#NUMBER OF AGES=15
#----------------------------------------------------       
#MIX-LEN  Y      Z          Zeff        [Fe/H] [a/Fe]       
# 1.9380  0.2846 2.4865E-02 2.4865E-02   0.20   0.00        
#----------------------------------------------------       
#**PHOTOMETRIC SYSTEM**: SDSS (AB)                          
#----------------------------------------------------       
#AGE= 0.010 BINS=139 Power-law IMF: x=-2.350
# N  sdss_r       Log10(N)       Log10(dN)
  1 -2.137            NaN         0.0000
  2 -2.037        -0.5075        -0.3607
  3 -1.937        -0.1738        -0.4444
  4 -1.837         0.1915        -0.0536
  5 -1.737         0.4115         0.0108
  6 -1.637         0.5465        -0.0269
  7 -1.537         0.6637         0.0375
  8 -1.437         0.7619         0.0681
  9 -1.337         0.8245        -0.0474
 10 -1.237         0.8591        -0.2568
 11 -1.137         0.8734        -0.6148
 12 -1.037         0.8654        -0.6148
 13 -0.937         0.8410        -0.6148
 14 -0.837         0.8183        -0.6148
 15 -0.737         0.8238        -1.0791
 16 -0.637         0.7847        -1.0791
 17 -0.537         1.1962         0.9832
 18 -0.437         1.7625         1.6250
 19 -0.337         2.0921         1.8179
 20 -0.237         2.2799         1.8253
 21 -0.137         2.4155         1.8439
 22 -0.037         2.5221         1.8597
 23  0.063         2.6087         1.8663
 24  0.163         2.6804         1.8628
 25  0.263         2.7426         1.8678
 26  0.363         2.8004         1.8957
 27  0.463         2.8544         1.9227
 28  0.563         2.9138         2.0200
 29  0.663         2.9995         2.2524
 30  0.763         3.1423         2.5898
 31  0.863         3.2422         2.5552
 32  0.963         3.3027         2.4168
 33  1.063         3.3493         2.3568
 34  1.163         3.3900         2.3416
 35  1.263         3.4274         2.3431
 36  1.363         3.4614         2.3386
 37  1.463         3.4936         2.3474
 38  1.563         3.5248         2.3654
 39  1.663         3.5549         2.3810
 40  1.763         3.5839         2.3942
 41  1.863         3.6105         2.3845
 42  1.963         3.6348         2.3715
 43  2.063         3.6590         2.3928
 44  2.163         3.6807         2.3669
 45  2.263         3.7004         2.3486
 46  2.363         3.7192         2.3460
 47  2.463         3.7371         2.3440
 48  2.563         3.7543         2.3425
 49  2.663         3.7708         2.3416
 50  2.763         3.7866         2.3413
 51  2.863         3.8019         2.3417
 52  2.963         3.8168         2.3428
 53  3.063         3.8312         2.3447
 54  3.163         3.8471         2.4038
 55  3.263         3.8626         2.4081
 56  3.363         3.8774         2.3997
 57  3.463         3.8913         2.3902
 58  3.563         3.9047         2.3871
 59  3.663         3.9178         2.3918
 60  3.763         3.9309         2.4051
 61  3.863         3.9443         2.4273
 62  3.963         3.9577         2.4397
 63  4.063         3.9705         2.4321
 64  4.163         3.9842         2.4762
 65  4.263         3.9994         2.5377
 66  4.363         4.0139         2.5293
 67  4.463         4.0266         2.4868
 68  4.563         4.0439         2.6352
 69  4.663         4.0580         2.5627
 70  4.763         4.0659         2.3179
 71  4.863         4.0738         2.3303
 72  4.963         4.0818         2.3438
 73  5.063         4.0899         2.3584
 74  5.163         4.0982         2.3741
 75  5.263         4.1066         2.3909
 76  5.363         4.1142         2.3548
 77  5.463         4.1215         2.3406
 78  5.563         4.1287         2.3464
 79  5.663         4.1359         2.3522
 80  5.763         4.1431         2.3580
 81  5.863         4.1503         2.3638
 82  5.963         4.1574         2.3696
 83  6.063         4.1645         2.3754
 84  6.163         4.1716         2.3812
 85  6.263         4.1787         2.3870
 86  6.363         4.1858         2.3928
 87  6.463         4.1928         2.3986
 88  6.563         4.1998         2.4044
 89  6.663         4.2068         2.4103
 90  6.763         4.2138         2.4161
 91  6.863         4.2207         2.4219
 92  6.963         4.2274         2.4109
 93  7.063         4.2338         2.4000
 94  7.163         4.2401         2.4004
 95  7.263         4.2464         2.4049
 96  7.363         4.2528         2.4141
 97  7.463         4.2592         2.4280
 98  7.563         4.2662         2.4659
 99  7.663         4.2712         2.3313
100  7.763         4.2758         2.3032
101  7.863         4.2809         2.3435
102  7.963         4.2866         2.3999
103  8.063         4.2929         2.4539
104  8.163         4.2999         2.5019
105  8.263         4.3074         2.5451
106  8.363         4.3155         2.5790
107  8.463         4.3238         2.6040
108  8.563         4.3331         2.6596
109  8.663         4.3541         3.0281
110  8.763         4.3755         3.0570
111  8.863         4.4158         3.3637
112  8.963         4.4536         3.3737
113  9.063         4.4882         3.3731
114  9.163         4.5195         3.3613
115  9.263         4.5472         3.3385
116  9.363         4.5719         3.3144
117  9.463         4.5942         3.2925
118  9.563         4.6144         3.2728
119  9.663         4.6330         3.2556
120  9.763         4.6503         3.2414
121  9.863         4.6665         3.2312
122  9.963         4.6820         3.2248
123 10.063         4.6969         3.2264
124 10.163         4.7122         3.2500
125 10.263         4.7286         3.2990
126 10.363         4.7467         3.3583
127 10.463         4.7672         3.4301
128 10.563         4.7919         3.5341
129 10.663         4.8107         3.4387
130 10.763         4.8296         3.4593
131 10.863         4.8486         3.4795
132 10.963         4.8676         3.4993
133 11.063         4.8867         3.5187
134 11.163         4.9057         3.5376
135 11.263         4.9247         3.5561
136 11.363         4.9436         3.5740
137 11.463         4.9625         3.5914
138 11.563         4.9813         3.6083
139 11.663         5.0000         3.6246


#AGE= 0.100 BINS=139 Power-law IMF: x=-2.350
# N  sdss_r       Log10(N)       Log10(dN)
  1 -2.015            NaN         3.6246
  2 -1.915        -0.4345        -0.3477
  3 -1.815        -0.1478        -0.4636
  4 -1.715         0.0357        -0.4270
  5 -1.615         0.2810        -0.0841
  6 -1.515         0.5055         0.1116
  7 -1.415         0.6285         0.0205
  8 -1.315         0.7490         0.1335
  9 -1.215         0.8340         0.0837
 10 -1.115         0.8864        -0.0583
 11 -1.015         0.9123        -0.3237
 12 -0.915         0.9136        -1.6373
 13 -0.815         0.8995        -1.6373
 14 -0.715         0.8752        -1.6373
 15 -0.615         0.8911        -0.5544
 16 -0.515         0.8582        -0.5544
 17 -0.415         1.1919         0.9212
 18 -0.315         1.7455         1.6032
 19 -0.215         2.0807         1.8114
 20 -0.115         2.2715         1.8223
 21 -0.015         2.4085         1.8410
 22  0.085         2.5159         1.8562
 23  0.185         2.6027         1.8610
 24  0.285         2.6748         1.8594
 25  0.385         2.7376         1.8666
 26  0.485         2.7957         1.8939
 27  0.585         2.8503         1.9225
 28  0.685         2.9027         1.9579
 29  0.785         2.9567         2.0247
 30  0.885         3.0138         2.1047
 31  0.985         3.1391         2.5383
 32  1.085         3.2041         2.3472
 33  1.185         3.2571         2.3168
 34  1.285         3.3063         2.3368
 35  1.385         3.3492         2.3221
 36  1.485         3.3886         2.3270
 37  1.585         3.4278         2.3639
 38  1.685         3.4663         2.3941
 39  1.785         3.5028         2.4097
 40  1.885         3.5371         2.4180
 41  1.985         3.5654         2.3642
 42  2.085         3.5906         2.3422
 43  2.185         3.6185         2.4122
 44  2.285         3.6434         2.3895
 45  2.385         3.6657         2.3651
 46  2.485         3.6867         2.3611
 47  2.585         3.7066         2.3577
 48  2.685         3.7255         2.3548
 49  2.785         3.7435         2.3525
 50  2.885         3.7608         2.3509
 51  2.985         3.7773         2.3500
 52  3.085         3.7932         2.3499
 53  3.185         3.8086         2.3507
 54  3.285         3.8255         2.4054
 55  3.385         3.8419         2.4104
 56  3.485         3.8573         2.3992
 57  3.585         3.8718         2.3891
 58  3.685         3.8858         2.3869
 59  3.785         3.8996         2.3940
 60  3.885         3.9134         2.4112
 61  3.985         3.9273         2.4258
 62  4.085         3.9407         2.4218
 63  4.185         3.9541         2.4371
 64  4.285         3.9693         2.5067
 65  4.385         3.9840         2.5061
 66  4.485         3.9978         2.4933
 67  4.585         4.0128         2.5434
 68  4.685         4.0286         2.5803
 69  4.785         4.0393         2.4241
 70  4.885         4.0473         2.3085
 71  4.985         4.0553         2.3213
 72  5.085         4.0635         2.3355
 73  5.185         4.0719         2.3511
 74  5.285         4.0804         2.3680
 75  5.385         4.0891         2.3863
 76  5.485         4.0968         2.3454
 77  5.585         4.1043         2.3371
 78  5.685         4.1118         2.3430
 79  5.785         4.1192         2.3490
 80  5.885         4.1266         2.3550
 81  5.985         4.1340         2.3609
 82  6.085         4.1414         2.3669
 83  6.185         4.1487         2.3729
 84  6.285         4.1560         2.3789
 85  6.385         4.1633         2.3848
 86  6.485         4.1706         2.3908
 87  6.585         4.1779         2.3968
 88  6.685         4.1851         2.4027
 89  6.785         4.1923         2.4087
 90  6.885         4.1995         2.4147
 91  6.985         4.2066         2.4207
 92  7.085         4.2136         2.4172
 93  7.185         4.2203         2.4040
 94  7.285         4.2269         2.4040
 95  7.385         4.2335         2.4085
 96  7.485         4.2400         2.4180
 97  7.585         4.2468         2.4325
 98  7.685         4.2544         2.4945
 99  7.785         4.2625         2.5333
100  7.885         4.2679         2.3519
101  7.985         4.2729         2.3380
102  8.085         4.2784         2.3782
103  8.185         4.2846         2.4340
104  8.285         4.2914         2.4853
105  8.385         4.2989         2.5300
106  8.485         4.3067         2.5570
107  8.585         4.3152         2.6055
108  8.685         4.3254         2.6900
109  8.785         4.3305         2.3977
110  8.885         4.3326         2.0168
111  8.985         4.3737         3.3287
112  9.085         4.4184         3.4087
113  9.185         4.4597         3.4178
114  9.285         4.4968         3.4096
115  9.385         4.5290         3.3835
116  9.485         4.5567         3.3475
117  9.585         4.5809         3.3142
118  9.685         4.6023         3.2843
119  9.785         4.6215         3.2583
120  9.885         4.6391         3.2370
121  9.985         4.6554         3.2217
122 10.085         4.6707         3.2120
123 10.185         4.6860         3.2240
124 10.285         4.7022         3.2657
125 10.385         4.7202         3.3289
126 10.485         4.7407         3.4038
127 10.585         4.7657         3.5140
128 10.685         4.7850         3.4233
129 10.785         4.8044         3.4452
130 10.885         4.8239         3.4667
131 10.985         4.8435         3.4878
132 11.085         4.8631         3.5085
133 11.185         4.8828         3.5287
134 11.285         4.9025         3.5484
135 11.385         4.9221         3.5677
136 11.485         4.9417         3.5863
137 11.585         4.9612         3.6045
138 11.685         4.9807         3.6220
139 11.785         5.0000         3.6389


#AGE= 1.000 BINS=139 Power-law IMF: x=-2.350
# N  sdss_r       Log10(N)       Log10(dN)
  1 -0.795        -0.2750        -0.2750
  2 -0.695         0.0347        -0.2578
  3 -0.595         0.2196        -0.2404
  4 -0.495         0.3484        -0.2424
  5 -0.395         0.4482        -0.2395
  6 -0.295         0.5298        -0.2364
  7 -0.195         0.5990        -0.2326
  8 -0.095         0.6593        -0.2281
  9  0.005         0.7128        -0.2230
 10  0.105         0.7600        -0.2269
 11  0.205         0.8031        -0.2221
 12  0.305         0.8420        -0.2251
 13  0.405         0.8779        -0.2223
 14  0.505         0.9107        -0.2278
 15  0.605         1.0962         0.6372
 16  0.705         1.2311         0.6576
 17  0.805         1.3546         0.7483
 18  0.905         1.6005         1.2362
 19  1.005         1.9328         1.6609
 20  1.105         2.1600         1.7700
 21  1.205         2.3117         1.7813
 22  1.305         2.4270         1.7948
 23  1.405         2.5196         1.8028
 24  1.505         2.5959         1.8033
 25  1.605         2.6629         1.8176
 26  1.705         2.7237         1.8399
 27  1.805         2.7804         1.8680
 28  1.905         2.8330         1.8907
 29  2.005         2.8821         1.9107
 30  2.105         2.9278         1.9277
 31  2.205         2.9704         1.9406
 32  2.305         3.0103         1.9538
 33  2.405         3.0479         1.9664
 34  2.505         3.0837         1.9822
 35  2.605         3.1183         2.0028
 36  2.705         3.1508         2.0080
 37  2.805         3.1809         2.0071
 38  2.905         3.2106         2.0313
 39  3.005         3.2393         2.0441
 40  3.105         3.2667         2.0527
 41  3.205         3.2927         2.0576
 42  3.305         3.3175         2.0626
 43  3.405         3.3413         2.0667
 44  3.505         3.3638         2.0682
 45  3.605         3.3850         2.0638
 46  3.705         3.4050         2.0570
 47  3.805         3.4248         2.0744
 48  3.905         3.4454         2.1119
 49  4.005         3.4660         2.1312
 50  4.105         3.4864         2.1477
 51  4.205         3.5063         2.1578
 52  4.305         3.5254         2.1596
 53  4.405         3.5435         2.1543
 54  4.505         3.5616         2.1718
 55  4.605         3.5788         2.1683
 56  4.705         3.5957         2.1767
 57  4.805         3.6125         2.1917
 58  4.905         3.6290         2.1999
 59  5.005         3.6452         2.2089
 60  5.105         3.6610         2.2154
 61  5.205         3.6767         2.2264
 62  5.305         3.6923         2.2398
 63  5.405         3.7074         2.2424
 64  5.505         3.7222         2.2453
 65  5.605         3.7363         2.2415
 66  5.705         3.7497         2.2323
 67  5.805         3.7625         2.2248
 68  5.905         3.7747         2.2190
 69  6.005         3.7865         2.2151
 70  6.105         3.7980         2.2129
 71  6.205         3.8091         2.2124
 72  6.305         3.8200         2.2137
 73  6.405         3.8307         2.2166
 74  6.505         3.8412         2.2210
 75  6.605         3.8516         2.2243
 76  6.705         3.8617         2.2246
 77  6.805         3.8719         2.2382
 78  6.905         3.8822         2.2522
 79  7.005         3.8926         2.2644
 80  7.105         3.9030         2.2775
 81  7.205         3.9135         2.2906
 82  7.305         3.9240         2.3036
 83  7.405         3.9346         2.3164
 84  7.505         3.9452         2.3290
 85  7.605         3.9559         2.3415
 86  7.705         3.9666         2.3538
 87  7.805         3.9774         2.3659
 88  7.905         3.9882         2.3779
 89  8.005         3.9990         2.3896
 90  8.105         4.0098         2.4011
 91  8.205         4.0207         2.4125
 92  8.305         4.0315         2.4236
 93  8.405         4.0424         2.4347
 94  8.505         4.0531         2.4410
 95  8.605         4.0630         2.4174
 96  8.706         4.0728         2.4183
 97  8.805         4.0831         2.4530
 98  8.905         4.0939         2.4864
 99  9.005         4.1052         2.5124
100  9.105         4.1168         2.5382
101  9.205         4.1292         2.5802
102  9.305         4.1418         2.5991
103  9.405         4.1548         2.6220
104  9.505         4.1684         2.6577
105  9.605         4.1825         2.6871
106  9.705         4.1972         2.7203
107  9.805         4.2126         2.7550
108  9.905         4.2287         2.7898
109 10.005         4.2458         2.8316
110 10.105         4.2639         2.8754
111 10.205         4.2827         2.9095
112 10.305         4.3023         2.9459
113 10.405         4.3226         2.9830
114 10.505         4.3437         3.0205
115 10.605         4.3657         3.0584
116 10.705         4.3885         3.0977
117 10.805         4.4127         3.1461
118 10.905         4.4367         3.1684
119 11.005         4.4602         3.1812
120 11.105         4.4845         3.2196
121 11.205         4.5096         3.2603
122 11.305         4.5358         3.3027
123 11.405         4.5628         3.3424
124 11.505         4.5901         3.3758
125 11.605         4.6175         3.4024
126 11.705         4.6443         3.4228
127 11.805         4.6711         3.4472
128 11.905         4.6978         3.4733
129 12.005         4.7245         3.5002
130 12.105         4.7513         3.5279
131 12.205         4.7782         3.5566
132 12.306         4.8052         3.5861
133 12.405         4.8325         3.6166
134 12.505         4.8600         3.6484
135 12.605         4.8878         3.6808
136 12.705         4.9159         3.7118
137 12.806         4.9440         3.7411
138 12.905         4.9721         3.7687
139 13.005         5.0000         3.7944


#AGE= 2.000 BINS=146 Power-law IMF: x=-2.350
# N  sdss_r       Log10(N)       Log10(dN)
  1 -1.145        -0.0398        -0.0398
  2 -1.045         0.2427        -0.0777
  3 -0.945         0.4105        -0.0836
  4 -0.845         0.5332        -0.0755
  5 -0.745         0.6319        -0.0599
  6 -0.645         0.7154        -0.0421
  7 -0.545         0.7893        -0.0163
  8 -0.445         0.8555         0.0057
  9 -0.345         0.9155         0.0268
 10 -0.245         0.9704         0.0447
 11 -0.145         1.0215         0.0673
 12 -0.045         1.0694         0.0882
 13  0.055         1.1155         0.1183
 14  0.155         1.2419         0.6443
 15  0.255         1.3183         0.5256
 16  0.355         1.3758         0.4691
 17  0.455         1.4381         0.5643
 18  0.555         1.4802         0.4457
 19  0.655         1.4981         0.1046
 20  0.755         1.5153         0.1041
 21  0.855         1.5319         0.1062
 22  0.955         1.5479         0.1071
 23  1.055         1.5634         0.1078
 24  1.155         1.5784         0.1084
 25  1.255         1.5926         0.1017
 26  1.355         1.6064         0.0996
 27  1.455         1.6194         0.0893
 28  1.555         1.6320         0.0877
 29  1.655         1.6489         0.2304
 30  1.755         1.7678         1.1473
 31  1.855         1.8142         0.8194
 32  1.955         1.8837         1.0541
 33  2.055         2.0416         1.5257
 34  2.155         2.2644         1.8677
 35  2.255         2.4245         1.9135
 36  2.355         2.5321         1.8734
 37  2.455         2.6180         1.8719
 38  2.555         2.6914         1.8831
 39  2.655         2.7552         1.8913
 40  2.755         2.8112         1.8935
 41  2.855         2.8612         1.8977
 42  2.955         2.9071         1.9086
 43  3.055         2.9490         1.9121
 44  3.155         2.9876         1.9177
 45  3.255         3.0261         1.9546
 46  3.355         3.0635         1.9799
 47  3.455         3.0926         1.9042
 48  3.555         3.1209         1.9217
 49  3.655         3.1511         1.9780
 50  3.755         3.1792         1.9759
 51  3.855         3.2077         2.0108
 52  3.955         3.2360         2.0350
 53  4.055         3.2630         2.0437
 54  4.155         3.2889         2.0516
 55  4.255         3.3134         2.0522
 56  4.355         3.3362         2.0453
 57  4.455         3.3574         2.0349
 58  4.555         3.3786         2.0563
 59  4.655         3.3996         2.0745
 60  4.755         3.4200         2.0809
 61  4.855         3.4396         2.0846
 62  4.955         3.4588         2.0946
 63  5.055         3.4776         2.1045
 64  5.155         3.4959         2.1120
 65  5.255         3.5138         2.1190
 66  5.355         3.5313         2.1285
 67  5.455         3.5485         2.1391
 68  5.555         3.5653         2.1426
 69  5.655         3.5815         2.1462
 70  5.755         3.5971         2.1436
 71  5.855         3.6119         2.1380
 72  5.955         3.6261         2.1336
 73  6.055         3.6397         2.1300
 74  6.155         3.6529         2.1274
 75  6.255         3.6656         2.1258
 76  6.355         3.6779         2.1250
 77  6.455         3.6899         2.1250
 78  6.555         3.7015         2.1212
 79  6.655         3.7127         2.1194
 80  6.755         3.7241         2.1350
 81  6.855         3.7356         2.1527
 82  6.955         3.7471         2.1641
 83  7.055         3.7584         2.1710
 84  7.155         3.7697         2.1780
 85  7.255         3.7809         2.1860
 86  7.355         3.7920         2.1953
 87  7.455         3.8031         2.2058
 88  7.555         3.8143         2.2177
 89  7.655         3.8255         2.2310
 90  7.755         3.8367         2.2457
 91  7.855         3.8481         2.2620
 92  7.955         3.8597         2.2798
 93  8.055         3.8715         2.2991
 94  8.155         3.8835         2.3201
 95  8.255         3.8959         2.3443
 96  8.355         3.9075         2.3298
 97  8.455         3.9178         2.2848
 98  8.555         3.9277         2.2826
 99  8.655         3.9383         2.3204
100  8.755         3.9493         2.3484
101  8.855         3.9607         2.3730
102  8.955         3.9725         2.4002
103  9.055         3.9848         2.4300
104  9.155         3.9977         2.4642
105  9.255         4.0110         2.4893
106  9.355         4.0243         2.5063
107  9.455         4.0384         2.5412
108  9.555         4.0531         2.5756
109  9.655         4.0685         2.6096
110  9.755         4.0845         2.6449
111  9.855         4.1014         2.6827
112  9.955         4.1191         2.7197
113 10.055         4.1376         2.7586
114 10.155         4.1571         2.7984
115 10.255         4.1774         2.8376
116 10.355         4.1986         2.8764
117 10.455         4.2206         2.9149
118 10.555         4.2436         2.9557
119 10.655         4.2674         2.9953
120 10.755         4.2919         3.0310
121 10.855         4.3159         3.0457
122 10.955         4.3396         3.0641
123 11.055         4.3672         3.1576
124 11.155         4.3916         3.1289
125 11.255         4.4177         3.1830
126 11.355         4.4444         3.2192
127 11.455         4.4715         3.2536
128 11.555         4.4991         3.2890
129 11.655         4.5269         3.3193
130 11.755         4.5545         3.3441
131 11.855         4.5817         3.3647
132 11.955         4.6086         3.3875
133 12.055         4.6354         3.4121
134 12.155         4.6622         3.4385
135 12.255         4.6890         3.4668
136 12.355         4.7161         3.4972
137 12.455         4.7435         3.5298
138 12.555         4.7712         3.5629
139 12.655         4.7992         3.5947
140 12.755         4.8274         3.6261
141 12.855         4.8558         3.6572
142 12.955         4.8844         3.6878
143 13.055         4.9131         3.7187
144 13.155         4.9420         3.7513
145 13.255         4.9710         3.7818
146 13.355         5.0000         3.8095


#AGE= 3.000 BINS=143 Power-law IMF: x=-2.350
# N  sdss_r       Log10(N)       Log10(dN)
  1 -0.929         0.0519         0.0519
  2 -0.829         0.3101        -0.0384
  3 -0.729         0.4673        -0.0505
  4 -0.629         0.5834        -0.0463
  5 -0.529         0.6774        -0.0335
  6 -0.429         0.7571        -0.0184
  7 -0.329         0.8275         0.0026
  8 -0.229         0.8911         0.0255
  9 -0.129         0.9498         0.0512
 10 -0.029         1.0045         0.0780
 11  0.071         1.0564         0.1081
 12  0.171         1.1059         0.1377
 13  0.271         1.1527         0.1621
 14  0.371         1.1965         0.1782
 15  0.471         1.2372         0.1890
 16  0.571         1.2766         0.2148
 17  0.671         1.3126         0.2135
 18  0.771         1.4940         1.0274
 19  0.871         1.5296         0.4252
 20  0.971         1.5625         0.4255
 21  1.071         1.5938         0.4367
 22  1.171         1.6230         0.4352
 23  1.271         1.6505         0.4382
 24  1.371         1.6764         0.4401
 25  1.471         1.7011         0.4429
 26  1.571         1.7244         0.4426
 27  1.671         1.7463         0.4390
 28  1.771         1.7670         0.4344
 29  1.871         1.7866         0.4313
 30  1.971         1.8051         0.4245
 31  2.071         1.8226         0.4187
 32  2.171         1.8391         0.4109
 33  2.271         1.9345         1.2297
 34  2.371         1.9861         1.0351
 35  2.471         2.0278         0.9898
 36  2.571         2.1036         1.3082
 37  2.671         2.3018         1.8656
 38  2.771         2.4794         2.0053
 39  2.871         2.5903         1.9431
 40  2.971         2.6835         1.9697
 41  3.071         2.7613         1.9763
 42  3.171         2.8253         1.9621
 43  3.271         2.8861         2.0016
 44  3.371         2.9326         1.9396
 45  3.471         2.9751         1.9440
 46  3.571         3.0189         2.0016
 47  3.671         3.0587         2.0005
 48  3.771         3.0964         2.0161
 49  3.871         3.1325         2.0349
 50  3.971         3.1668         2.0466
 51  4.071         3.1997         2.0639
 52  4.171         3.2317         2.0820
 53  4.271         3.2606         2.0705
 54  4.371         3.2860         2.0404
 55  4.471         3.3116         2.0697
 56  4.571         3.3359         2.0710
 57  4.671         3.3597         2.0863
 58  4.771         3.3827         2.0960
 59  4.871         3.4047         2.0982
 60  4.971         3.4263         2.1118
 61  5.071         3.4473         2.1220
 62  5.171         3.4677         2.1294
 63  5.271         3.4876         2.1374
 64  5.371         3.5069         2.1448
 65  5.471         3.5257         2.1526
 66  5.571         3.5439         2.1581
 67  5.671         3.5617         2.1651
 68  5.771         3.5792         2.1764
 69  5.871         3.5964         2.1861
 70  5.971         3.6127         2.1778
 71  6.071         3.6280         2.1676
 72  6.171         3.6425         2.1600
 73  6.271         3.6564         2.1551
 74  6.371         3.6699         2.1527
 75  6.471         3.6829         2.1529
 76  6.571         3.6955         2.1544
 77  6.671         3.7077         2.1490
 78  6.771         3.7198         2.1584
 79  6.871         3.7322         2.1804
 80  6.971         3.7446         2.1939
 81  7.071         3.7567         2.1974
 82  7.171         3.7685         2.1961
 83  7.271         3.7800         2.1972
 84  7.371         3.7913         2.2014
 85  7.471         3.8025         2.2090
 86  7.571         3.8137         2.2204
 87  7.671         3.8251         2.2357
 88  7.771         3.8366         2.2553
 89  7.871         3.8485         2.2791
 90  7.971         3.8608         2.3073
 91  8.071         3.8737         2.3397
 92  8.171         3.8873         2.3781
 93  8.271         3.9002         2.3658
 94  8.371         3.9110         2.3019
 95  8.471         3.9213         2.2918
 96  8.571         3.9323         2.3297
 97  8.671         3.9436         2.3526
 98  8.771         3.9552         2.3753
 99  8.871         3.9672         2.4045
100  8.971         3.9797         2.4331
101  9.071         3.9929         2.4666
102  9.171         4.0064         2.4946
103  9.271         4.0202         2.5131
104  9.371         4.0343         2.5387
105  9.471         4.0490         2.5735
106  9.571         4.0645         2.6088
107  9.671         4.0807         2.6437
108  9.771         4.0977         2.6813
109  9.871         4.1156         2.7227
110  9.971         4.1345         2.7633
111 10.071         4.1543         2.8026
112 10.171         4.1749         2.8408
113 10.271         4.1963         2.8781
114 10.371         4.2184         2.9155
115 10.471         4.2413         2.9516
116 10.571         4.2648         2.9864
117 10.671         4.2888         3.0193
118 10.771         4.3132         3.0495
119 10.871         4.3392         3.1037
120 10.971         4.3666         3.1532
121 11.071         4.3910         3.1290
122 11.171         4.4176         3.1908
123 11.271         4.4443         3.2207
124 11.371         4.4718         3.2589
125 11.471         4.4992         3.2864
126 11.571         4.5268         3.3150
127 11.671         4.5543         3.3427
128 11.771         4.5817         3.3680
129 11.871         4.6089         3.3917
130 11.971         4.6359         3.4164
131 12.071         4.6629         3.4426
132 12.171         4.6899         3.4706
133 12.271         4.7171         3.5003
134 12.371         4.7445         3.5308
135 12.471         4.7720         3.5595
136 12.571         4.7996         3.5889
137 12.671         4.8273         3.6194
138 12.771         4.8554         3.6510
139 12.871         4.8837         3.6839
140 12.971         4.9124         3.7187
141 13.071         4.9416         3.7539
142 13.171         4.9708         3.7852
143 13.271         5.0000         3.8124


#AGE= 4.000 BINS=143 Power-law IMF: x=-2.350
# N  sdss_r       Log10(N)       Log10(dN)
  1 -0.847         0.3774         0.3774
  2 -0.747         0.5417         0.0399
  3 -0.647         0.6499        -0.0067
  4 -0.547         0.7364        -0.0068
  5 -0.447         0.8101         0.0034
  6 -0.347         0.8749         0.0170
  7 -0.247         0.9341         0.0395
  8 -0.147         0.9888         0.0615
  9 -0.047         1.0397         0.0832
 10  0.053         1.0879         0.1092
 11  0.153         1.1346         0.1436
 12  0.253         1.1795         0.1719
 13  0.353         1.2230         0.2020
 14  0.453         1.2657         0.2373
 15  0.553         1.3081         0.2769
 16  0.653         1.3506         0.3197
 17  0.753         1.3868         0.2894
 18  0.853         1.4251         0.3521
 19  0.953         1.5871         1.0803
 20  1.053         1.6171         0.4415
 21  1.153         1.6451         0.4412
 22  1.253         1.6724         0.4569
 23  1.353         1.6997         0.4836
 24  1.453         1.7263         0.5005
 25  1.553         1.7532         0.5314
 26  1.653         1.7812         0.5778
 27  1.753         1.8086         0.5942
 28  1.853         1.8354         0.6120
 29  1.953         1.8623         0.6408
 30  2.053         1.8894         0.6716
 31  2.153         1.9164         0.6960
 32  2.253         1.9429         0.7153
 33  2.353         1.9690         0.7354
 34  2.453         1.9949         0.7570
 35  2.553         2.0204         0.7772
 36  2.653         2.0455         0.7953
 37  2.753         2.3041         1.9559
 38  2.853         2.3962         1.6777
 39  2.953         2.4722         1.6776
 40  3.053         2.5215         1.5518
 41  3.153         2.5461         1.2874
 42  3.253         2.6138         1.7734
 43  3.353         2.7065         1.9902
 44  3.453         2.7779         1.9583
 45  3.553         2.8465         2.0112
 46  3.653         2.9069         2.0207
 47  3.753         2.9593         2.0144
 48  3.853         3.0067         2.0219
 49  3.953         3.0500         2.0266
 50  4.053         3.0916         2.0526
 51  4.153         3.1299         2.0568
 52  4.253         3.1611         2.0020
 53  4.353         3.1923         2.0334
 54  4.453         3.2212         2.0294
 55  4.553         3.2494         2.0474
 56  4.653         3.2763         2.0549
 57  4.753         3.3014         2.0505
 58  4.853         3.3258         2.0634
 59  4.953         3.3497         2.0780
 60  5.053         3.3728         2.0872
 61  5.153         3.3951         2.0960
 62  5.253         3.4168         2.1044
 63  5.353         3.4378         2.1118
 64  5.453         3.4582         2.1193
 65  5.553         3.4779         2.1250
 66  5.653         3.4971         2.1327
 67  5.753         3.5160         2.1446
 68  5.853         3.5345         2.1563
 69  5.953         3.5526         2.1632
 70  6.053         3.5701         2.1668
 71  6.153         3.5864         2.1519
 72  6.253         3.6016         2.1384
 73  6.353         3.6161         2.1325
 74  6.453         3.6302         2.1340
 75  6.553         3.6439         2.1344
 76  6.653         3.6571         2.1354
 77  6.753         3.6705         2.1524
 78  6.853         3.6840         2.1699
 79  6.953         3.6974         2.1786
 80  7.053         3.7105         2.1846
 81  7.153         3.7235         2.1944
 82  7.253         3.7364         2.2027
 83  7.353         3.7491         2.2093
 84  7.453         3.7616         2.2144
 85  7.553         3.7739         2.2178
 86  7.653         3.7858         2.2196
 87  7.753         3.7975         2.2197
 88  7.853         3.8088         2.2181
 89  7.953         3.8191         2.1912
 90  8.053         3.8289         2.1780
 91  8.153         3.8405         2.2612
 92  8.253         3.8557         2.3921
 93  8.353         3.8679         2.3102
 94  8.453         3.8785         2.2608
 95  8.553         3.8896         2.2911
 96  8.653         3.9013         2.3267
 97  8.753         3.9133         2.3481
 98  8.853         3.9258         2.3783
 99  8.953         3.9388         2.4081
100  9.053         3.9524         2.4415
101  9.153         3.9664         2.4677
102  9.253         3.9805         2.4866
103  9.353         3.9950         2.5103
104  9.453         4.0102         2.5454
105  9.553         4.0260         2.5798
106  9.653         4.0426         2.6164
107  9.753         4.0599         2.6530
108  9.853         4.0781         2.6902
109  9.953         4.0971         2.7286
110 10.053         4.1170         2.7672
111 10.153         4.1377         2.8062
112 10.253         4.1593         2.8462
113 10.353         4.1821         2.8905
114 10.453         4.2059         2.9319
115 10.553         4.2306         2.9734
116 10.653         4.2565         3.0198
117 10.753         4.2830         3.0558
118 10.853         4.3094         3.0803
119 10.953         4.3368         3.1221
120 11.053         4.3614         3.1021
121 11.153         4.3879         3.1610
122 11.253         4.4152         3.1997
123 11.353         4.4427         3.2302
124 11.453         4.4702         3.2582
125 11.553         4.4977         3.2863
126 11.653         4.5251         3.3114
127 11.753         4.5524         3.3361
128 11.853         4.5795         3.3617
129 11.953         4.6066         3.3880
130 12.053         4.6335         3.4123
131 12.153         4.6603         3.4367
132 12.253         4.6870         3.4637
133 12.353         4.7140         3.4935
134 12.453         4.7413         3.5263
135 12.553         4.7691         3.5614
136 12.653         4.7973         3.5957
137 12.753         4.8258         3.6288
138 12.853         4.8545         3.6607
139 12.953         4.8834         3.6914
140 13.053         4.9123         3.7217
141 13.153         4.9415         3.7546
142 13.253         4.9708         3.7852
143 13.353         5.0000         3.8128


#AGE= 5.000 BINS=141 Power-law IMF: x=-2.350
# N  sdss_r       Log10(N)       Log10(dN)
  1 -0.659        -0.0260        -0.0260
  2 -0.559         0.2397        -0.0998
  3 -0.460         0.4012        -0.1065
  4 -0.360         0.5209        -0.0973
  5 -0.260         0.6164        -0.0882
  6 -0.159         0.6985        -0.0656
  7 -0.059         0.7707        -0.0442
  8  0.040         0.8356        -0.0217
  9  0.140         0.8948         0.0002
 10  0.240         0.9506         0.0316
 11  0.341         1.0035         0.0627
 12  0.441         1.0540         0.0945
 13  0.540         1.1027         0.1282
 14  0.640         1.1501         0.1646
 15  0.740         1.2049         0.2791
 16  0.841         1.2425         0.1609
 17  0.941         1.2907         0.3121
 18  1.040         1.4485         0.9325
 19  1.140         1.4843         0.3822
 20  1.240         1.5134         0.3250
 21  1.341         1.5417         0.3422
 22  1.441         1.5698         0.3659
 23  1.540         1.5978         0.3938
 24  1.640         1.6261         0.4258
 25  1.740         1.6544         0.4551
 26  1.841         1.6829         0.4857
 27  1.941         1.7118         0.5197
 28  2.040         1.7406         0.5482
 29  2.140         1.7694         0.5766
 30  2.240         1.7982         0.6054
 31  2.341         1.8269         0.6331
 32  2.441         1.8564         0.6741
 33  2.540         1.8848         0.6863
 34  2.640         1.9125         0.7029
 35  2.740         1.9399         0.7259
 36  2.841         1.9678         0.7625
 37  2.941         1.9949         0.7768
 38  3.040         2.2743         1.9505
 39  3.140         2.4185         1.8694
 40  3.240         2.5148         1.8135
 41  3.341         2.5663         1.6152
 42  3.441         2.6159         1.6490
 43  3.540         2.6625         1.6695
 44  3.640         2.7218         1.8281
 45  3.740         2.7945         1.9822
 46  3.841         2.8647         2.0391
 47  3.941         2.9285         2.0635
 48  4.040         2.9871         2.0886
 49  4.140         3.0353         2.0567
 50  4.241         3.0760         2.0277
 51  4.341         3.1140         2.0368
 52  4.441         3.1493         2.0418
 53  4.540         3.1821         2.0442
 54  4.640         3.2118         2.0323
 55  4.741         3.2402         2.0414
 56  4.841         3.2680         2.0600
 57  4.941         3.2948         2.0712
 58  5.040         3.3205         2.0807
 59  5.140         3.3453         2.0901
 60  5.241         3.3693         2.0990
 61  5.341         3.3924         2.1067
 62  5.441         3.4147         2.1136
 63  5.540         3.4363         2.1224
 64  5.641         3.4572         2.1305
 65  5.740         3.4778         2.1430
 66  5.841         3.4979         2.1541
 67  5.941         3.5174         2.1595
 68  6.040         3.5361         2.1599
 69  6.141         3.5538         2.1548
 70  6.240         3.5707         2.1526
 71  6.341         3.5869         2.1509
 72  6.441         3.6026         2.1528
 73  6.540         3.6178         2.1545
 74  6.641         3.6327         2.1609
 75  6.740         3.6473         2.1671
 76  6.841         3.6617         2.1748
 77  6.941         3.6760         2.1866
 78  7.040         3.6902         2.1958
 79  7.141         3.7039         2.1978
 80  7.240         3.7171         2.1939
 81  7.341         3.7299         2.1913
 82  7.441         3.7422         2.1906
 83  7.540         3.7543         2.1917
 84  7.641         3.7661         2.1944
 85  7.740         3.7777         2.1989
 86  7.841         3.7891         2.2019
 87  7.941         3.7995         2.1736
 88  8.040         3.8106         2.2111
 89  8.140         3.8254         2.3521
 90  8.241         3.8394         2.3396
 91  8.341         3.8509         2.2684
 92  8.441         3.8622         2.2734
 93  8.540         3.8742         2.3086
 94  8.640         3.8863         2.3234
 95  8.741         3.8987         2.3516
 96  8.841         3.9117         2.3814
 97  8.941         3.9253         2.4125
 98  9.041         3.9395         2.4458
 99  9.140         3.9539         2.4690
100  9.241         3.9685         2.4866
101  9.341         3.9835         2.5143
102  9.441         4.0000         2.5734
103  9.540         4.0136         2.5022
104  9.640         4.1678         3.6432
105  9.741         4.2116         3.1935
106  9.841         4.0504         3.1935
107  9.941         4.0738         2.7933
108 10.040         4.0982         2.8358
109 10.140         4.1230         2.8681
110 10.241         4.1480         2.8958
111 10.341         4.1731         2.9221
112 10.441         4.1983         2.9490
113 10.540         4.2237         2.9780
114 10.640         4.2495         3.0103
115 10.741         4.2759         3.0472
116 10.841         4.3033         3.0889
117 10.941         4.3330         3.1535
118 11.040         4.3598         3.1367
119 11.140         4.3864         3.1610
120 11.241         4.4140         3.2037
121 11.341         4.4419         3.2347
122 11.441         4.4696         3.2611
123 11.540         4.4971         3.2857
124 11.640         4.5245         3.3103
125 11.741         4.5518         3.3361
126 11.841         4.5790         3.3621
127 11.941         4.6061         3.3882
128 12.040         4.6331         3.4140
129 12.140         4.6600         3.4375
130 12.241         4.6867         3.4633
131 12.341         4.7136         3.4924
132 12.441         4.7409         3.5248
133 12.540         4.7686         3.5604
134 12.641         4.7968         3.5952
135 12.741         4.8254         3.6288
136 12.841         4.8541         3.6610
137 12.941         4.8830         3.6919
138 13.040         4.9121         3.7225
139 13.141         4.9414         3.7557
140 13.241         4.9707         3.7865
141 13.341         5.0000         3.8139


#AGE= 6.000 BINS=140 Power-law IMF: x=-2.350
# N  sdss_r       Log10(N)       Log10(dN)
  1 -0.633         0.1005         0.1005
  2 -0.533         0.3196        -0.0826
  3 -0.433         0.4554        -0.1154
  4 -0.333         0.5598        -0.1104
  5 -0.233         0.6454        -0.1023
  6 -0.133         0.7201        -0.0809
  7 -0.033         0.7869        -0.0595
  8  0.067         0.8476        -0.0370
  9  0.167         0.9035        -0.0141
 10  0.267         0.9562         0.0140
 11  0.367         1.0073         0.0526
 12  0.467         1.0558         0.0794
 13  0.567         1.1019         0.1055
 14  0.667         1.1469         0.1404
 15  0.767         1.1923         0.1886
 16  0.867         1.2358         0.2150
 17  0.967         1.2748         0.2090
 18  1.067         1.3728         0.6780
 19  1.167         1.4805         0.8223
 20  1.267         1.5074         0.2848
 21  1.367         1.5352         0.3278
 22  1.467         1.5627         0.3509
 23  1.567         1.5904         0.3820
 24  1.667         1.6184         0.4130
 25  1.767         1.6465         0.4447
 26  1.867         1.6752         0.4809
 27  1.967         1.7041         0.5128
 28  2.067         1.7335         0.5484
 29  2.167         1.7634         0.5865
 30  2.267         1.7935         0.6195
 31  2.367         1.8246         0.6636
 32  2.467         1.8557         0.6958
 33  2.567         1.8873         0.7332
 34  2.667         1.9190         0.7670
 35  2.767         1.9510         0.8030
 36  2.867         1.9833         0.8384
 37  2.967         2.0159         0.8754
 38  3.067         2.0489         0.9131
 39  3.167         2.0823         0.9514
 40  3.267         2.3491         2.0110
 41  3.367         2.5139         2.0132
 42  3.467         2.6343         2.0183
 43  3.567         2.6956         1.8154
 44  3.667         2.7533         1.8476
 45  3.767         2.7864         1.6522
 46  3.867         2.8241         1.7438
 47  3.967         2.8718         1.8893
 48  4.067         2.9269         2.0030
 49  4.167         2.9826         2.0627
 50  4.267         3.0374         2.1118
 51  4.367         3.0841         2.0918
 52  4.467         3.1218         2.0422
 53  4.567         3.1552         2.0249
 54  4.667         3.1876         2.0433
 55  4.767         3.2190         2.0638
 56  4.867         3.2492         2.0756
 57  4.967         3.2781         2.0865
 58  5.067         3.3057         2.0963
 59  5.167         3.3323         2.1057
 60  5.267         3.3578         2.1143
 61  5.367         3.3824         2.1225
 62  5.467         3.4061         2.1309
 63  5.567         3.4290         2.1401
 64  5.667         3.4513         2.1517
 65  5.767         3.4732         2.1637
 66  5.867         3.4943         2.1706
 67  5.967         3.5146         2.1737
 68  6.067         3.5339         2.1730
 69  6.167         3.5524         2.1733
 70  6.267         3.5703         2.1756
 71  6.367         3.5876         2.1797
 72  6.467         3.6045         2.1857
 73  6.567         3.6209         2.1883
 74  6.667         3.6367         2.1909
 75  6.767         3.6521         2.1946
 76  6.867         3.6671         2.1978
 77  6.967         3.6816         2.1969
 78  7.067         3.6955         2.1942
 79  7.167         3.7090         2.1939
 80  7.267         3.7221         2.1965
 81  7.367         3.7350         2.2002
 82  7.467         3.7475         2.1997
 83  7.567         3.7597         2.2044
 84  7.667         3.7719         2.2156
 85  7.767         3.7842         2.2279
 86  7.867         3.7965         2.2445
 87  7.967         3.8097         2.2853
 88  8.067         3.8229         2.2991
 89  8.167         3.8355         2.2909
 90  8.267         3.8478         2.2946
 91  8.367         3.8601         2.3066
 92  8.467         3.8723         2.3148
 93  8.567         3.8847         2.3329
 94  8.667         3.8974         2.3566
 95  8.767         3.9104         2.3803
 96  8.867         3.9241         2.4152
 97  8.967         3.9383         2.4478
 98  9.067         3.9530         2.4749
 99  9.167         3.9679         2.4940
100  9.267         3.9829         2.5164
101  9.367         3.9986         2.5473
102  9.467         4.0084         2.3593
103  9.567         4.0310         2.7353
104  9.667         4.0528         2.7433
105  9.767         4.0742         2.7548
106  9.867         4.0952         2.7704
107  9.967         4.1162         2.7903
108 10.067         4.1374         2.8149
109 10.167         4.1590         2.8443
110 10.267         4.1812         2.8786
111 10.367         4.2041         2.9150
112 10.467         4.2260         2.9174
113 10.567         4.2473         2.9288
114 10.667         4.2701         2.9786
115 10.767         4.2973         3.0802
116 10.867         4.3313         3.2084
117 10.967         4.3586         3.1436
118 11.067         4.3868         3.1846
119 11.167         4.4140         3.1966
120 11.267         4.4419         3.2364
121 11.367         4.4700         3.2671
122 11.467         4.4979         3.2925
123 11.567         4.5256         3.3162
124 11.667         4.5529         3.3379
125 11.767         4.5801         3.3634
126 11.867         4.6073         3.3902
127 11.967         4.6344         3.4163
128 12.067         4.6614         3.4411
129 12.167         4.6882         3.4656
130 12.267         4.7151         3.4933
131 12.367         4.7422         3.5246
132 12.467         4.7698         3.5582
133 12.567         4.7976         3.5903
134 12.667         4.8257         3.6225
135 12.767         4.8540         3.6548
136 12.867         4.8827         3.6873
137 12.967         4.9116         3.7216
138 13.067         4.9411         3.7573
139 13.167         4.9706         3.7888
140 13.267         5.0000         3.8158


#AGE= 7.000 BINS=138 Power-law IMF: x=-2.350
# N  sdss_r       Log10(N)       Log10(dN)
  1 -0.553         0.0160         0.0160
  2 -0.453         0.2587        -0.1096
  3 -0.353         0.4071        -0.1315
  4 -0.253         0.5200        -0.1201
  5 -0.153         0.6112        -0.1116
  6 -0.053         0.6903        -0.0880
  7  0.047         0.7600        -0.0691
  8  0.147         0.8232        -0.0454
  9  0.247         0.8813        -0.0210
 10  0.347         0.9362         0.0114
 11  0.447         0.9890         0.0474
 12  0.547         1.0387         0.0728
 13  0.647         1.0863         0.1019
 14  0.747         1.1322         0.1336
 15  0.847         1.1853         0.2470
 16  0.947         1.2241         0.1554
 17  1.047         1.2648         0.2167
 18  1.147         1.3636         0.6719
 19  1.247         1.4748         0.8286
 20  1.347         1.4996         0.2452
 21  1.447         1.5274         0.3191
 22  1.547         1.5554         0.3512
 23  1.647         1.5834         0.3792
 24  1.747         1.6117         0.4107
 25  1.847         1.6404         0.4462
 26  1.947         1.6694         0.4800
 27  2.047         1.6989         0.5166
 28  2.147         1.7288         0.5511
 29  2.247         1.7592         0.5895
 30  2.347         1.7901         0.6271
 31  2.447         1.8215         0.6644
 32  2.547         1.8538         0.7101
 33  2.647         1.8867         0.7498
 34  2.747         1.9212         0.8040
 35  2.847         1.9573         0.8594
 36  2.947         1.9944         0.9074
 37  3.047         2.0310         0.9387
 38  3.147         2.0668         0.9645
 39  3.247         2.1022         0.9964
 40  3.347         2.1383         1.0403
 41  3.447         2.4464         2.1522
 42  3.547         2.6019         2.0806
 43  3.647         2.6775         1.8810
 44  3.747         2.7468         1.9154
 45  3.847         2.8107         1.9468
 46  3.947         2.8529         1.8193
 47  4.047         2.8886         1.7862
 48  4.147         2.9482         2.0561
 49  4.247         3.0077         2.1150
 50  4.347         3.0590         2.1060
 51  4.447         3.0929         1.9680
 52  4.547         3.1304         2.0482
 53  4.647         3.1671         2.0757
 54  4.747         3.2018         2.0878
 55  4.847         3.2348         2.0991
 56  4.947         3.2663         2.1104
 57  5.047         3.2963         2.1211
 58  5.147         3.3250         2.1309
 59  5.247         3.3525         2.1396
 60  5.347         3.3788         2.1480
 61  5.447         3.4042         2.1587
 62  5.547         3.4287         2.1687
 63  5.647         3.4526         2.1808
 64  5.747         3.4758         2.1925
 65  5.847         3.4982         2.1984
 66  5.947         3.5195         2.2003
 67  6.047         3.5399         2.2012
 68  6.147         3.5595         2.2046
 69  6.247         3.5785         2.2103
 70  6.347         3.5970         2.2162
 71  6.447         3.6150         2.2229
 72  6.547         3.6323         2.2245
 73  6.647         3.6490         2.2255
 74  6.747         3.6651         2.2258
 75  6.847         3.6806         2.2252
 76  6.947         3.6955         2.2239
 77  7.047         3.7097         2.2191
 78  7.147         3.7234         2.2147
 79  7.247         3.7368         2.2185
 80  7.347         3.7500         2.2258
 81  7.447         3.7629         2.2302
 82  7.547         3.7759         2.2444
 83  7.647         3.7890         2.2631
 84  7.747         3.8022         2.2784
 85  7.847         3.8155         2.2962
 86  7.947         3.8287         2.3036
 87  8.047         3.8414         2.3021
 88  8.147         3.8540         2.3109
 89  8.247         3.8668         2.3279
 90  8.347         3.8796         2.3418
 91  8.447         3.8923         2.3537
 92  8.547         3.9049         2.3614
 93  8.647         3.9178         2.3835
 94  8.747         3.9313         2.4165
 95  8.847         3.9453         2.4465
 96  8.947         3.9599         2.4800
 97  9.047         3.9749         2.5047
 98  9.147         3.9900         2.5257
 99  9.247         4.0054         2.5474
100  9.347         4.0214         2.5784
101  9.447         4.0406         2.6759
102  9.547         4.2084         3.7143
103  9.647         4.0531         3.7143
104  9.747         4.0736         2.7377
105  9.847         4.0986         2.8467
106  9.947         4.1253         2.9006
107 10.047         4.1523         2.9324
108 10.147         4.1789         2.9528
109 10.247         4.2048         2.9664
110 10.347         4.2297         2.9760
111 10.447         4.2537         2.9841
112 10.547         4.2773         3.0004
113 10.647         4.3014         3.0340
114 10.747         4.3272         3.0886
115 10.847         4.3558         3.1605
116 10.947         4.3877         3.2377
117 11.047         4.4137         3.1777
118 11.147         4.4427         3.2528
119 11.247         4.4707         3.2667
120 11.347         4.4991         3.3001
121 11.447         4.5272         3.3247
122 11.547         4.5551         3.3490
123 11.647         4.5826         3.3706
124 11.747         4.6099         3.3943
125 11.847         4.6371         3.4200
126 11.947         4.6642         3.4459
127 12.047         4.6912         3.4722
128 12.147         4.7182         3.4986
129 12.247         4.7453         3.5268
130 12.347         4.7725         3.5551
131 12.447         4.7996         3.5819
132 12.547         4.8269         3.6114
133 12.647         4.8545         3.6440
134 12.747         4.8826         3.6798
135 12.847         4.9115         3.7198
136 12.947         4.9410         3.7578
137 13.047         4.9706         3.7900
138 13.147         5.0000         3.8159


#AGE= 8.000 BINS=139 Power-law IMF: x=-2.350
# N  sdss_r       Log10(N)       Log10(dN)
  1 -0.450        -0.1645        -0.1645
  2 -0.350         0.1115        -0.2160
  3 -0.250         0.2820        -0.2065
  4 -0.150         0.4057        -0.2002
  5 -0.050         0.5047        -0.1860
  6  0.050         0.5898        -0.1600
  7  0.150         0.6646        -0.1361
  8  0.250         0.7315        -0.1139
  9  0.350         0.7925        -0.0898
 10  0.450         0.8507        -0.0515
 11  0.550         0.9057        -0.0189
 12  0.650         0.9567         0.0019
 13  0.750         1.0061         0.0370
 14  0.850         1.0698         0.2047
 15  0.950         1.1172         0.1318
 16  1.050         1.1590         0.1216
 17  1.150         1.2954         0.7260
 18  1.250         1.3676         0.5527
 19  1.350         1.3911         0.1121
 20  1.450         1.4186         0.2064
 21  1.550         1.4471         0.2514
 22  1.650         1.4758         0.2802
 23  1.750         1.5046         0.3124
 24  1.850         1.5337         0.3461
 25  1.950         1.5633         0.3815
 26  2.050         1.5932         0.4155
 27  2.150         1.6233         0.4495
 28  2.250         1.6541         0.4899
 29  2.350         1.6853         0.5258
 30  2.450         1.7171         0.5669
 31  2.550         1.7496         0.6075
 32  2.650         1.7828         0.6488
 33  2.750         1.8173         0.7010
 34  2.850         1.8536         0.7566
 35  2.950         1.8899         0.7942
 36  3.050         1.9255         0.8213
 37  3.150         1.9601         0.8443
 38  3.250         1.9938         0.8670
 39  3.350         2.0274         0.8993
 40  3.450         2.0620         0.9466
 41  3.550         2.3257         1.9839
 42  3.650         2.5012         2.0227
 43  3.750         2.5810         1.8062
 44  3.850         2.6519         1.8299
 45  3.950         2.7141         1.8390
 46  4.050         2.7707         1.8576
 47  4.150         2.8244         1.8902
 48  4.250         2.8804         1.9629
 49  4.350         2.9285         1.9492
 50  4.450         2.9747         1.9786
 51  4.550         3.0192         2.0083
 52  4.650         3.0600         2.0119
 53  4.750         3.0978         2.0194
 54  4.850         3.1335         2.0303
 55  4.950         3.1673         2.0415
 56  5.050         3.1995         2.0532
 57  5.150         3.2301         2.0631
 58  5.250         3.2592         2.0715
 59  5.350         3.2872         2.0826
 60  5.450         3.3142         2.0941
 61  5.550         3.3402         2.1053
 62  5.650         3.3655         2.1169
 63  5.750         3.3899         2.1276
 64  5.850         3.4132         2.1310
 65  5.950         3.4354         2.1331
 66  6.050         3.4567         2.1362
 67  6.150         3.4772         2.1409
 68  6.250         3.4971         2.1491
 69  6.350         3.5165         2.1575
 70  6.450         3.5353         2.1624
 71  6.550         3.5533         2.1622
 72  6.650         3.5706         2.1618
 73  6.750         3.5872         2.1606
 74  6.850         3.6030         2.1566
 75  6.950         3.6182         2.1536
 76  7.050         3.6328         2.1512
 77  7.150         3.6468         2.1507
 78  7.250         3.6607         2.1586
 79  7.350         3.6744         2.1650
 80  7.450         3.6880         2.1786
 81  7.550         3.7017         2.1942
 82  7.650         3.7155         2.2087
 83  7.750         3.7293         2.2254
 84  7.850         3.7427         2.2239
 85  7.950         3.7555         2.2196
 86  8.050         3.7684         2.2367
 87  8.150         3.7816         2.2574
 88  8.250         3.7948         2.2697
 89  8.350         3.8078         2.2771
 90  8.450         3.8208         2.2902
 91  8.550         3.8339         2.3079
 92  8.650         3.8472         2.3259
 93  8.750         3.8611         2.3592
 94  8.850         3.8756         2.3927
 95  8.950         3.8906         2.4209
 96  9.050         3.9059         2.4454
 97  9.150         3.9214         2.4654
 98  9.250         3.9372         2.4912
 99  9.350         3.9536         2.5223
100  9.450         3.9724         2.5988
101  9.550         3.9879         2.5338
102  9.650         3.9925         2.0150
103  9.750         4.0051         2.4600
104  9.850         4.0244         2.6627
105  9.950         4.0489         2.7880
106 10.050         4.0769         2.8730
107 10.150         4.1068         2.9297
108 10.250         4.1368         2.9609
109 10.350         4.1650         2.9639
110 10.450         4.1900         2.9380
111 10.550         4.2139         2.9421
112 10.650         4.2382         2.9744
113 10.750         4.2646         3.0342
114 10.850         4.2950         3.1252
115 10.950         4.3231         3.1197
116 11.050         4.3534         3.1829
117 11.150         4.3828         3.1984
118 11.250         4.4111         3.2114
119 11.350         4.4397         3.2437
120 11.450         4.4680         3.2684
121 11.550         4.4961         3.2924
122 11.650         4.5237         3.3127
123 11.750         4.5510         3.3362
124 11.850         4.5782         3.3612
125 11.950         4.6053         3.3882
126 12.050         4.6326         3.4165
127 12.150         4.6598         3.4429
128 12.250         4.6867         3.4654
129 12.350         4.7133         3.4878
130 12.450         4.7401         3.5164
131 12.550         4.7674         3.5517
132 12.650         4.7954         3.5917
133 12.750         4.8241         3.6295
134 12.850         4.8531         3.6641
135 12.950         4.8823         3.6954
136 13.050         4.9116         3.7249
137 13.150         4.9410         3.7581
138 13.250         4.9706         3.7888
139 13.350         5.0000         3.8161


#AGE= 9.000 BINS=137 Power-law IMF: x=-2.350
# N  sdss_r       Log10(N)       Log10(dN)
  1 -0.425        -0.1263        -0.1263
  2 -0.325         0.1454        -0.1870
  3 -0.225         0.3066        -0.2019
  4 -0.125         0.4277        -0.1860
  5 -0.025         0.5254        -0.1705
  6  0.075         0.6086        -0.1502
  7  0.175         0.6812        -0.1315
  8  0.275         0.7476        -0.1003
  9  0.375         0.8077        -0.0809
 10  0.475         0.8647        -0.0458
 11  0.575         0.9188        -0.0122
 12  0.675         0.9700         0.0159
 13  0.775         1.0189         0.0463
 14  0.875         1.0649         0.0667
 15  0.975         1.1163         0.1641
 16  1.075         1.1557         0.0944
 17  1.175         1.2220         0.3725
 18  1.275         1.3732         0.8416
 19  1.375         1.3978         0.1397
 20  1.475         1.4258         0.2210
 21  1.575         1.4549         0.2659
 22  1.675         1.4839         0.2941
 23  1.775         1.5130         0.3257
 24  1.875         1.5426         0.3612
 25  1.975         1.5725         0.3950
 26  2.075         1.6027         0.4298
 27  2.175         1.6333         0.4661
 28  2.275         1.6642         0.5016
 29  2.375         1.6959         0.5424
 30  2.475         1.7277         0.5777
 31  2.575         1.7603         0.6190
 32  2.675         1.7936         0.6621
 33  2.775         1.8284         0.7147
 34  2.875         1.8649         0.7714
 35  2.975         1.9016         0.8100
 36  3.075         1.9376         0.8379
 37  3.175         1.9725         0.8610
 38  3.275         2.0067         0.8859
 39  3.375         2.0406         0.9153
 40  3.475         2.0749         0.9553
 41  3.575         2.1116         1.0207
 42  3.675         2.4020         2.0900
 43  3.775         2.5507         2.0131
 44  3.875         2.6315         1.8613
 45  3.975         2.7036         1.8882
 46  4.075         2.7693         1.9168
 47  4.175         2.8279         1.9292
 48  4.275         2.8810         1.9414
 49  4.375         2.9317         1.9737
 50  4.475         2.9830         2.0307
 51  4.575         3.0321         2.0608
 52  4.675         3.0761         2.0602
 53  4.775         3.1165         2.0646
 54  4.875         3.1543         2.0751
 55  4.975         3.1899         2.0862
 56  5.075         3.2237         2.0983
 57  5.175         3.2558         2.1075
 58  5.275         3.2863         2.1187
 59  5.375         3.3157         2.1313
 60  5.475         3.3439         2.1430
 61  5.575         3.3712         2.1559
 62  5.675         3.3975         2.1661
 63  5.775         3.4227         2.1729
 64  5.875         3.4466         2.1754
 65  5.975         3.4694         2.1783
 66  6.075         3.4913         2.1835
 67  6.175         3.5125         2.1905
 68  6.275         3.5331         2.1997
 69  6.375         3.5532         2.2074
 70  6.475         3.5725         2.2107
 71  6.575         3.5910         2.2108
 72  6.675         3.6086         2.2083
 73  6.775         3.6253         2.2030
 74  6.875         3.6413         2.1999
 75  6.975         3.6567         2.1989
 76  7.075         3.6716         2.1985
 77  7.175         3.6862         2.2044
 78  7.275         3.7005         2.2109
 79  7.375         3.7147         2.2226
 80  7.475         3.7288         2.2349
 81  7.575         3.7431         2.2537
 82  7.675         3.7574         2.2664
 83  7.775         3.7710         2.2589
 84  7.875         3.7843         2.2633
 85  7.975         3.7975         2.2748
 86  8.075         3.8107         2.2885
 87  8.175         3.8242         2.3093
 88  8.275         3.8378         2.3253
 89  8.375         3.8511         2.3324
 90  8.475         3.8644         2.3431
 91  8.575         3.8780         2.3661
 92  8.675         3.8918         2.3888
 93  8.775         3.9063         2.4205
 94  8.875         3.9213         2.4529
 95  8.975         3.9367         2.4785
 96  9.075         3.9523         2.5010
 97  9.175         3.9682         2.5228
 98  9.275         3.9845         2.5512
 99  9.375         4.0015         2.5846
100  9.475         4.0190         2.6178
101  9.575         4.0373         2.6520
102  9.675         4.0563         2.6876
103  9.775         4.0762         2.7269
104  9.875         4.0975         2.7776
105  9.975         4.1202         2.8270
106 10.075         4.1440         2.8707
107 10.175         4.1685         2.9088
108 10.275         4.1935         2.9412
109 10.375         4.2186         2.9671
110 10.475         4.2431         2.9833
111 10.575         4.2673         3.0014
112 10.675         4.2925         3.0422
113 10.775         4.3202         3.1110
114 10.875         4.3518         3.1980
115 10.975         4.3824         3.2162
116 11.075         4.4110         3.2140
117 11.175         4.4407         3.2613
118 11.275         4.4694         3.2754
119 11.375         4.4977         3.2971
120 11.475         4.5261         3.3283
121 11.575         4.5542         3.3511
122 11.675         4.5819         3.3721
123 11.775         4.6092         3.3953
124 11.875         4.6365         3.4200
125 11.975         4.6638         3.4488
126 12.075         4.6910         3.4746
127 12.175         4.7178         3.4952
128 12.275         4.7444         3.5182
129 12.375         4.7713         3.5489
130 12.475         4.7986         3.5834
131 12.575         4.8262         3.6156
132 12.675         4.8541         3.6488
133 12.775         4.8824         3.6829
134 12.875         4.9113         3.7200
135 12.975         4.9408         3.7582
136 13.075         4.9705         3.7907
137 13.175         5.0000         3.8170


#AGE=10.000 BINS=138 Power-law IMF: x=-2.350
# N  sdss_r       Log10(N)       Log10(dN)
  1 -0.363        -0.2198        -0.2198
  2 -0.263         0.0615        -0.2602
  3 -0.163         0.2290        -0.2658
  4 -0.063         0.3516        -0.2575
  5  0.037         0.4497        -0.2445
  6  0.137         0.5344        -0.2172
  7  0.237         0.6092        -0.1914
  8  0.337         0.6760        -0.1701
  9  0.437         0.7374        -0.1429
 10  0.537         0.7950        -0.1103
 11  0.637         0.8495        -0.0792
 12  0.737         0.9012        -0.0486
 13  0.837         0.9508        -0.0159
 14  0.937         1.0065         0.0872
 15  1.037         1.0564         0.0912
 16  1.137         1.0933         0.0044
 17  1.237         1.1649         0.3469
 18  1.337         1.3096         0.7620
 19  1.437         1.3367         0.1171
 20  1.537         1.3641         0.1509
 21  1.637         1.3930         0.2013
 22  1.737         1.4217         0.2274
 23  1.837         1.4508         0.2634
 24  1.937         1.4802         0.2961
 25  2.037         1.5100         0.3313
 26  2.137         1.5399         0.3633
 27  2.237         1.5705         0.4036
 28  2.337         1.6012         0.4352
 29  2.437         1.6326         0.4754
 30  2.537         1.6645         0.5152
 31  2.637         1.6970         0.5550
 32  2.737         1.7306         0.6026
 33  2.837         1.7658         0.6562
 34  2.937         1.8031         0.7187
 35  3.037         1.8416         0.7706
 36  3.137         1.8797         0.8037
 37  3.237         1.9170         0.8320
 38  3.337         1.9533         0.8572
 39  3.437         1.9888         0.8839
 40  3.537         2.0240         0.9151
 41  3.637         2.0607         0.9702
 42  3.737         2.2342         1.7517
 43  3.837         2.4646         2.0792
 44  3.937         2.5541         1.8239
 45  4.037         2.6299         1.8344
 46  4.137         2.6964         1.8490
 47  4.237         2.7565         1.8679
 48  4.337         2.8121         1.8918
 49  4.437         2.8659         1.9326
 50  4.537         2.9181         1.9717
 51  4.637         2.9684         2.0075
 52  4.737         3.0138         2.0103
 53  4.837         3.0553         2.0151
 54  4.937         3.0940         2.0249
 55  5.037         3.1304         2.0362
 56  5.137         3.1649         2.0474
 57  5.237         3.1977         2.0593
 58  5.337         3.2291         2.0733
 59  5.437         3.2594         2.0867
 60  5.537         3.2883         2.0983
 61  5.637         3.3162         2.1089
 62  5.737         3.3427         2.1160
 63  5.837         3.3679         2.1187
 64  5.937         3.3919         2.1230
 65  6.037         3.4150         2.1284
 66  6.137         3.4373         2.1362
 67  6.237         3.4589         2.1448
 68  6.337         3.4798         2.1529
 69  6.437         3.5000         2.1572
 70  6.537         3.5193         2.1579
 71  6.637         3.5378         2.1576
 72  6.737         3.5553         2.1509
 73  6.837         3.5719         2.1480
 74  6.937         3.5880         2.1470
 75  7.037         3.6034         2.1474
 76  7.137         3.6186         2.1536
 77  7.237         3.6335         2.1612
 78  7.337         3.6482         2.1704
 79  7.437         3.6629         2.1846
 80  7.537         3.6777         2.2025
 81  7.637         3.6920         2.2048
 82  7.737         3.7060         2.2074
 83  7.837         3.7196         2.2073
 84  7.937         3.7330         2.2166
 85  8.037         3.7467         2.2365
 86  8.137         3.7603         2.2524
 87  8.237         3.7741         2.2681
 88  8.337         3.7879         2.2825
 89  8.437         3.8015         2.2921
 90  8.537         3.8153         2.3086
 91  8.637         3.8294         2.3355
 92  8.737         3.8440         2.3623
 93  8.837         3.8592         2.3949
 94  8.937         3.8747         2.4204
 95  9.037         3.8905         2.4423
 96  9.137         3.9065         2.4658
 97  9.237         3.9230         2.4939
 98  9.337         3.9400         2.5258
 99  9.437         3.9578         2.5601
100  9.537         3.9761         2.5932
101  9.637         3.9954         2.6315
102  9.737         4.0154         2.6703
103  9.837         4.0343         2.6630
104  9.937         4.0534         2.6871
105 10.037         4.0741         2.7421
106 10.137         4.0963         2.7930
107 10.237         4.1198         2.8425
108 10.337         4.1447         2.8910
109 10.437         4.1710         2.9391
110 10.537         4.1985         2.9872
111 10.637         4.2274         3.0358
112 10.737         4.2576         3.0853
113 10.837         4.2894         3.1374
114 10.937         4.3206         3.1611
115 11.037         4.3506         3.1750
116 11.137         4.3807         3.2070
117 11.237         4.4102         3.2277
118 11.337         4.4390         3.2456
119 11.437         4.4674         3.2695
120 11.537         4.4956         3.2938
121 11.637         4.5236         3.3187
122 11.737         4.5512         3.3407
123 11.837         4.5785         3.3643
124 11.937         4.6059         3.3908
125 12.037         4.6330         3.4156
126 12.137         4.6600         3.4392
127 12.237         4.6868         3.4652
128 12.337         4.7136         3.4908
129 12.437         4.7404         3.5164
130 12.537         4.7675         3.5487
131 12.637         4.7953         3.5879
132 12.737         4.8238         3.6279
133 12.837         4.8529         3.6641
134 12.937         4.8822         3.6960
135 13.037         4.9114         3.7254
136 13.137         4.9410         3.7587
137 13.237         4.9706         3.7894
138 13.337         5.0000         3.8166


#AGE=11.000 BINS=139 Power-law IMF: x=-2.350
# N  sdss_r       Log10(N)       Log10(dN)
  1 -0.316        -0.2800        -0.2800
  2 -0.216        -0.0004        -0.3241
  3 -0.116         0.1712        -0.3150
  4 -0.016         0.2951        -0.3100
  5  0.084         0.3955        -0.2897
  6  0.184         0.4808        -0.2681
  7  0.284         0.5560        -0.2427
  8  0.384         0.6226        -0.2244
  9  0.484         0.6829        -0.2042
 10  0.584         0.7414        -0.1581
 11  0.684         0.7965        -0.1277
 12  0.784         0.8482        -0.1012
 13  0.884         0.8982        -0.0657
 14  0.984         0.9522         0.0198
 15  1.084         1.0006         0.0237
 16  1.184         1.0420         0.0006
 17  1.284         1.0877         0.0876
 18  1.384         1.2568         0.7655
 19  1.484         1.2857         0.0943
 20  1.584         1.3128         0.0945
 21  1.684         1.3418         0.1522
 22  1.784         1.3709         0.1825
 23  1.884         1.4003         0.2154
 24  1.984         1.4299         0.2481
 25  2.084         1.4599         0.2848
 26  2.184         1.4901         0.3174
 27  2.284         1.5208         0.3543
 28  2.384         1.5519         0.3914
 29  2.484         1.5836         0.4313
 30  2.584         1.6160         0.4725
 31  2.684         1.6493         0.5176
 32  2.784         1.6838         0.5667
 33  2.884         1.7206         0.6309
 34  2.984         1.7604         0.7030
 35  3.084         1.8028         0.7707
 36  3.184         1.8446         0.8074
 37  3.284         1.8843         0.8254
 38  3.384         1.9223         0.8458
 39  3.484         1.9586         0.8629
 40  3.584         1.9939         0.8857
 41  3.684         2.0295         0.9259
 42  3.784         2.0697         1.0161
 43  3.884         2.3773         2.0828
 44  3.984         2.4768         1.7880
 45  4.084         2.5565         1.7811
 46  4.184         2.6269         1.8015
 47  4.284         2.6907         1.8264
 48  4.384         2.7487         1.8458
 49  4.484         2.8032         1.8751
 50  4.584         2.8557         1.9116
 51  4.684         2.9071         1.9547
 52  4.784         2.9542         1.9663
 53  4.884         2.9969         1.9688
 54  4.984         3.0366         1.9774
 55  5.084         3.0738         1.9888
 56  5.184         3.1092         2.0018
 57  5.284         3.1429         2.0166
 58  5.384         3.1753         2.0320
 59  5.484         3.2063         2.0446
 60  5.584         3.2359         2.0547
 61  5.684         3.2641         2.0619
 62  5.784         3.2908         2.0662
 63  5.884         3.3162         2.0704
 64  5.984         3.3405         2.0767
 65  6.084         3.3639         2.0846
 66  6.184         3.3866         2.0927
 67  6.284         3.4086         2.1019
 68  6.384         3.4298         2.1077
 69  6.484         3.4501         2.1101
 70  6.584         3.4694         2.1080
 71  6.684         3.4878         2.1062
 72  6.784         3.5053         2.1016
 73  6.884         3.5221         2.1005
 74  6.984         3.5382         2.1000
 75  7.084         3.5540         2.1053
 76  7.184         3.5694         2.1137
 77  7.284         3.5846         2.1214
 78  7.384         3.5998         2.1351
 79  7.484         3.6148         2.1468
 80  7.584         3.6297         2.1555
 81  7.684         3.6440         2.1566
 82  7.784         3.6580         2.1585
 83  7.884         3.6718         2.1672
 84  7.984         3.6856         2.1795
 85  8.084         3.6996         2.2005
 86  8.184         3.7136         2.2167
 87  8.284         3.7277         2.2303
 88  8.384         3.7417         2.2447
 89  8.484         3.7557         2.2563
 90  8.584         3.7699         2.2778
 91  8.684         3.7846         2.3069
 92  8.784         3.7998         2.3352
 93  8.884         3.8154         2.3651
 94  8.984         3.8313         2.3870
 95  9.084         3.8475         2.4093
 96  9.184         3.8639         2.4339
 97  9.284         3.8810         2.4665
 98  9.384         3.8987         2.5007
 99  9.484         3.9171         2.5348
100  9.584         3.9362         2.5691
101  9.684         3.9562         2.6094
102  9.784         3.9765         2.6368
103  9.884         3.9960         2.6382
104  9.984         4.0165         2.6802
105 10.084         4.0383         2.7297
106 10.184         4.0615         2.7773
107 10.284         4.0860         2.8241
108 10.384         4.1116         2.8706
109 10.484         4.1385         2.9171
110 10.584         4.1667         2.9642
111 10.684         4.1961         3.0122
112 10.784         4.2268         3.0617
113 10.884         4.2589         3.1117
114 10.984         4.2876         3.0924
115 11.084         4.3202         3.1801
116 11.184         4.3504         3.1766
117 11.284         4.3800         3.2001
118 11.384         4.4088         3.2147
119 11.484         4.4371         3.2385
120 11.584         4.4654         3.2651
121 11.684         4.4933         3.2874
122 11.784         4.5209         3.3103
123 11.884         4.5483         3.3344
124 11.984         4.5756         3.3602
125 12.084         4.6029         3.3870
126 12.184         4.6298         3.4091
127 12.284         4.6563         3.4282
128 12.384         4.6829         3.4566
129 12.484         4.7100         3.4927
130 12.584         4.7376         3.5262
131 12.684         4.7655         3.5604
132 12.784         4.7940         3.5957
133 12.884         4.8231         3.6349
134 12.984         4.8527         3.6711
135 13.084         4.8823         3.7019
136 13.184         4.9118         3.7284
137 13.284         4.9412         3.7581
138 13.384         4.9707         3.7873
139 13.484         5.0000         3.8149


#AGE=12.000 BINS=137 Power-law IMF: x=-2.350
# N  sdss_r       Log10(N)       Log10(dN)
  1 -0.338        -0.1095        -0.1095
  2 -0.238         0.1358        -0.2292
  3 -0.138         0.2836        -0.2563
  4 -0.038         0.3969        -0.2421
  5  0.062         0.4881        -0.2342
  6  0.162         0.5663        -0.2166
  7  0.262         0.6357        -0.1951
  8  0.362         0.6992        -0.1670
  9  0.462         0.7570        -0.1474
 10  0.562         0.8114        -0.1179
 11  0.662         0.8647        -0.0727
 12  0.762         0.9147        -0.0488
 13  0.862         0.9626        -0.0186
 14  0.962         1.0165         0.0838
 15  1.062         1.0689         0.1245
 16  1.162         1.1086         0.0494
 17  1.262         1.1433         0.0284
 18  1.362         1.2366         0.5232
 19  1.462         1.3540         0.7282
 20  1.562         1.3796         0.1388
 21  1.662         1.4065         0.1849
 22  1.762         1.4350         0.2370
 23  1.862         1.4636         0.2686
 24  1.962         1.4924         0.3001
 25  2.062         1.5217         0.3358
 26  2.162         1.5510         0.3661
 27  2.262         1.5810         0.4043
 28  2.362         1.6111         0.4372
 29  2.462         1.6422         0.4813
 30  2.562         1.6736         0.5171
 31  2.662         1.7059         0.5617
 32  2.762         1.7393         0.6083
 33  2.862         1.7743         0.6641
 34  2.962         1.8125         0.7372
 35  3.062         1.8545         0.8189
 36  3.162         1.8973         0.8696
 37  3.262         1.9379         0.8892
 38  3.362         1.9763         0.9032
 39  3.462         2.0127         0.9179
 40  3.562         2.0471         0.9297
 41  3.662         2.0807         0.9516
 42  3.762         2.1149         0.9948
 43  3.862         2.1546         1.0953
 44  3.962         2.4325         2.1070
 45  4.062         2.5357         1.8613
 46  4.162         2.6173         1.8511
 47  4.262         2.6890         1.8711
 48  4.362         2.7537         1.8949
 49  4.462         2.8120         1.9109
 50  4.562         2.8667         1.9400
 51  4.662         2.9193         1.9764
 52  4.762         2.9707         2.0184
 53  4.862         3.0178         2.0299
 54  4.962         3.0606         2.0326
 55  5.062         3.1003         2.0423
 56  5.162         3.1379         2.0564
 57  5.262         3.1737         2.0724
 58  5.362         3.2081         2.0889
 59  5.462         3.2407         2.1009
 60  5.562         3.2718         2.1112
 61  5.662         3.3013         2.1182
 62  5.762         3.3292         2.1226
 63  5.862         3.3556         2.1277
 64  5.962         3.3810         2.1349
 65  6.062         3.4054         2.1431
 66  6.162         3.4290         2.1516
 67  6.262         3.4518         2.1606
 68  6.362         3.4737         2.1654
 69  6.462         3.4947         2.1697
 70  6.562         3.5148         2.1705
 71  6.662         3.5338         2.1653
 72  6.762         3.5519         2.1625
 73  6.862         3.5692         2.1604
 74  6.962         3.5859         2.1616
 75  7.062         3.6021         2.1669
 76  7.162         3.6181         2.1755
 77  7.262         3.6338         2.1834
 78  7.362         3.6494         2.1974
 79  7.462         3.6648         2.2082
 80  7.562         3.6799         2.2133
 81  7.662         3.6946         2.2155
 82  7.762         3.7088         2.2175
 83  7.862         3.7229         2.2260
 84  7.962         3.7370         2.2411
 85  8.062         3.7512         2.2596
 86  8.162         3.7656         2.2807
 87  8.262         3.7800         2.2932
 88  8.362         3.7944         2.3055
 89  8.462         3.8087         2.3206
 90  8.562         3.8231         2.3373
 91  8.662         3.8381         2.3668
 92  8.762         3.8534         2.3951
 93  8.862         3.8693         2.4234
 94  8.962         3.8854         2.4465
 95  9.062         3.9017         2.4690
 96  9.162         3.9184         2.4944
 97  9.262         3.9356         2.5239
 98  9.362         3.9534         2.5587
 99  9.462         3.9720         2.5947
100  9.562         3.9913         2.6288
101  9.662         4.0113         2.6639
102  9.762         4.0320         2.7001
103  9.862         4.0536         2.7389
104  9.962         4.0760         2.7782
105 10.062         4.0990         2.8121
106 10.162         4.1226         2.8460
107 10.262         4.1469         2.8822
108 10.362         4.1720         2.9207
109 10.462         4.1980         2.9620
110 10.562         4.2250         3.0065
111 10.662         4.2532         3.0515
112 10.762         4.2828         3.1015
113 10.862         4.3149         3.1672
114 10.962         4.3454         3.1769
115 11.062         4.3775         3.2299
116 11.162         4.4078         3.2372
117 11.262         4.4378         3.2617
118 11.362         4.4668         3.2774
119 11.462         4.4956         3.3032
120 11.562         4.5241         3.3269
121 11.662         4.5522         3.3487
122 11.762         4.5800         3.3716
123 11.862         4.6074         3.3950
124 11.962         4.6349         3.4222
125 12.062         4.6622         3.4469
126 12.162         4.6890         3.4666
127 12.262         4.7157         3.4911
128 12.362         4.7424         3.5178
129 12.462         4.7691         3.5450
130 12.562         4.7964         3.5805
131 12.662         4.8245         3.6210
132 12.762         4.8531         3.6585
133 12.862         4.8821         3.6921
134 12.962         4.9113         3.7235
135 13.062         4.9408         3.7588
136 13.162         4.9705         3.7905
137 13.262         5.0000         3.8174


#AGE=13.000 BINS=138 Power-law IMF: x=-2.350
# N  sdss_r       Log10(N)       Log10(dN)
  1 -0.314        -0.0807        -0.0807
  2 -0.214         0.1379        -0.2648
  3 -0.114         0.2755        -0.2908
  4 -0.014         0.3783        -0.2978
  5  0.086         0.4644        -0.2809
  6  0.186         0.5403        -0.2543
  7  0.286         0.6072        -0.2387
  8  0.386         0.6687        -0.2105
  9  0.486         0.7249        -0.1905
 10  0.586         0.7772        -0.1683
 11  0.686         0.8289        -0.1212
 12  0.786         0.8780        -0.0931
 13  0.886         0.9252        -0.0612
 14  0.986         0.9600        -0.1545
 15  1.086         1.0146         0.0874
 16  1.186         1.0549         0.0026
 17  1.286         1.0907        -0.0108
 18  1.386         1.1446         0.2112
 19  1.486         1.2992         0.7756
 20  1.586         1.3326         0.2031
 21  1.686         1.3588         0.1249
 22  1.786         1.3873         0.1903
 23  1.886         1.4160         0.2226
 24  1.986         1.4448         0.2514
 25  2.086         1.4740         0.2872
 26  2.186         1.5034         0.3195
 27  2.286         1.5331         0.3541
 28  2.386         1.5632         0.3888
 29  2.486         1.5942         0.4317
 30  2.586         1.6254         0.4669
 31  2.686         1.6576         0.5115
 32  2.786         1.6905         0.5540
 33  2.886         1.7253         0.6109
 34  2.986         1.7623         0.6749
 35  3.086         1.8034         0.7594
 36  3.186         1.8460         0.8160
 37  3.286         1.8864         0.8351
 38  3.386         1.9245         0.8489
 39  3.486         1.9609         0.8662
 40  3.586         1.9954         0.8782
 41  3.686         2.0287         0.8969
 42  3.786         2.0621         0.9305
 43  3.886         2.0985         1.0038
 44  3.986         2.1523         1.2186
 45  4.086         2.4393         2.1238
 46  4.186         2.5324         1.8179
 47  4.286         2.6103         1.8256
 48  4.386         2.6795         1.8476
 49  4.486         2.7420         1.8691
 50  4.586         2.7985         1.8851
 51  4.686         2.8527         1.9221
 52  4.786         2.9050         1.9601
 53  4.886         2.9548         1.9897
 54  4.986         2.9998         1.9929
 55  5.086         3.0415         2.0024
 56  5.186         3.0806         2.0166
 57  5.286         3.1180         2.0345
 58  5.386         3.1535         2.0482
 59  5.486         3.1872         2.0604
 60  5.586         3.2191         2.0694
 61  5.686         3.2492         2.0746
 62  5.786         3.2777         2.0801
 63  5.886         3.3048         2.0866
 64  5.986         3.3308         2.0951
 65  6.086         3.3558         2.1032
 66  6.186         3.3799         2.1126
 67  6.286         3.4031         2.1195
 68  6.386         3.4255         2.1257
 69  6.486         3.4468         2.1282
 70  6.586         3.4672         2.1274
 71  6.686         3.4864         2.1225
 72  6.786         3.5047         2.1217
 73  6.886         3.5223         2.1199
 74  6.986         3.5392         2.1226
 75  7.086         3.5558         2.1295
 76  7.186         3.5721         2.1381
 77  7.286         3.5882         2.1497
 78  7.386         3.6042         2.1618
 79  7.486         3.6199         2.1708
 80  7.586         3.6351         2.1715
 81  7.686         3.6499         2.1756
 82  7.786         3.6645         2.1811
 83  7.886         3.6788         2.1894
 84  7.986         3.6932         2.2063
 85  8.086         3.7077         2.2254
 86  8.186         3.7225         2.2484
 87  8.286         3.7373         2.2615
 88  8.386         3.7520         2.2736
 89  8.486         3.7667         2.2893
 90  8.586         3.7815         2.3076
 91  8.686         3.7969         2.3383
 92  8.786         3.8127         2.3659
 93  8.886         3.8289         2.3921
 94  8.986         3.8453         2.4137
 95  9.086         3.8620         2.4383
 96  9.186         3.8791         2.4667
 97  9.286         3.8967         2.4962
 98  9.386         3.9150         2.5313
 99  9.486         3.9341         2.5667
100  9.586         3.9539         2.6025
101  9.686         3.9743         2.6375
102  9.786         3.9956         2.6742
103  9.886         4.0177         2.7139
104  9.986         4.0407         2.7522
105 10.086         4.0643         2.7879
106 10.186         4.0887         2.8260
107 10.286         4.1138         2.8634
108 10.386         4.1395         2.8986
109 10.486         4.1653         2.9275
110 10.586         4.1919         2.9661
111 10.686         4.2202         3.0196
112 10.786         4.2513         3.0907
113 10.886         4.2835         3.1379
114 10.986         4.3140         3.1452
115 11.086         4.3469         3.2096
116 11.186         4.3772         3.2062
117 11.286         4.4073         3.2326
118 11.386         4.4366         3.2517
119 11.486         4.4654         3.2727
120 11.586         4.4940         3.2976
121 11.686         4.5222         3.3205
122 11.786         4.5500         3.3423
123 11.886         4.5775         3.3668
124 11.986         4.6049         3.3913
125 12.086         4.6322         3.4163
126 12.186         4.6592         3.4389
127 12.286         4.6857         3.4578
128 12.386         4.7123         3.4859
129 12.486         4.7393         3.5199
130 12.586         4.7666         3.5524
131 12.686         4.7945         3.5881
132 12.786         4.8232         3.6284
133 12.886         4.8525         3.6670
134 12.986         4.8820         3.6995
135 13.086         4.9114         3.7275
136 13.186         4.9410         3.7592
137 13.286         4.9706         3.7893
138 13.386         5.0000         3.8166
