#NUMBER OF AGES=15
#----------------------------------------------------       
#MIX-LEN  Y      Z          Zeff        [Fe/H] [a/Fe]       
# 1.9380  0.2452 1.0180E-04 1.0180E-04  -2.30   0.00        
#----------------------------------------------------       
#**PHOTOMETRIC SYSTEM**: SDSS (AB)                          
#----------------------------------------------------       
#AGE= 0.010 BINS=114 Power-law IMF: x=-2.350
# N  sdss_r       Log10(N)       Log10(dN)
  1 -0.691         1.2061         1.2061
  2 -0.591         1.5141         1.2198
  3 -0.491         1.6947         1.2265
  4 -0.391         1.8272         1.2470
  5 -0.291         1.9339         1.2719
  6 -0.191         2.0235         1.2942
  7 -0.091         2.0996         1.3058
  8  0.009         2.1656         1.3145
  9  0.109         2.2241         1.3246
 10  0.209         2.2767         1.3344
 11  0.309         2.3253         1.3495
 12  0.409         2.3707         1.3678
 13  0.509         2.4136         1.3874
 14  0.609         2.4550         1.4136
 15  0.709         2.4125         1.4136
 16  0.809         2.4554         1.4282
 17  0.909         2.4978         1.4666
 18  1.009         2.6204         2.0115
 19  1.109         2.7547         2.1794
 20  1.209         2.8124         1.9070
 21  1.309         2.8656         1.9273
 22  1.409         2.9282         2.0560
 23  1.509         2.9871         2.0909
 24  1.609         3.0682         2.2993
 25  1.709         3.1100         2.0726
 26  1.809         3.1461         2.0484
 27  1.909         3.1854         2.1218
 28  2.009         3.3744         2.9221
 29  2.109         3.4612         2.7194
 30  2.209         3.4820         2.1519
 31  2.309         3.5027         2.1702
 32  2.409         3.5230         2.1829
 33  2.509         3.5423         2.1804
 34  2.609         3.5606         2.1744
 35  2.709         3.5782         2.1784
 36  2.809         3.5956         2.1885
 37  2.909         3.6126         2.1985
 38  3.009         3.6297         2.2165
 39  3.109         3.6471         2.2397
 40  3.209         3.6645         2.2595
 41  3.309         3.6811         2.2553
 42  3.409         3.6941         2.1617
 43  3.509         3.7069         2.1711
 44  3.609         3.7196         2.1811
 45  3.709         3.7323         2.1915
 46  3.809         3.7450         2.2026
 47  3.909         3.7576         2.2142
 48  4.009         3.7702         2.2264
 49  4.109         3.7828         2.2392
 50  4.209         3.7954         2.2527
 51  4.309         3.8081         2.2669
 52  4.409         3.8208         2.2817
 53  4.509         3.8336         2.2972
 54  4.609         3.8465         2.3135
 55  4.709         3.8596         2.3305
 56  4.809         3.8728         2.3482
 57  4.909         3.8861         2.3667
 58  5.009         3.8996         2.3860
 59  5.109         3.9133         2.4053
 60  5.209         3.9271         2.4223
 61  5.309         3.9409         2.4369
 62  5.409         3.9547         2.4489
 63  5.509         3.9686         2.4679
 64  5.609         3.9825         2.4804
 65  5.709         3.9959         2.4769
 66  5.809         4.0084         2.4625
 67  5.909         4.0204         2.4553
 68  6.009         4.0322         2.4593
 69  6.109         4.0440         2.4740
 70  6.209         4.0529         2.3587
 71  6.309         4.0597         2.2495
 72  6.409         4.0666         2.2642
 73  6.509         4.0744         2.3285
 74  6.609         4.0839         2.4170
 75  6.709         4.0948         2.4903
 76  6.809         4.1068         2.5426
 77  6.909         4.1193         2.5720
 78  7.009         4.1306         2.5406
 79  7.109         4.1422         2.5612
 80  7.209         4.1534         2.5585
 81  7.309         4.1641         2.5507
 82  7.409         4.1798         2.7324
 83  7.509         4.1972         2.7906
 84  7.609         4.2152         2.8236
 85  7.709         4.2748         3.3826
 86  7.809         4.3336         3.4366
 87  7.909         4.3875         3.4542
 88  8.009         4.4350         3.4508
 89  8.109         4.4775         3.4464
 90  8.209         4.5152         3.4351
 91  8.309         4.5456         3.3765
 92  8.409         4.5698         3.3035
 93  8.509         4.5900         3.2480
 94  8.609         4.6094         3.2480
 95  8.709         4.6312         3.3223
 96  8.809         4.6535         3.3521
 97  8.909         4.6762         3.3830
 98  9.009         4.6987         3.4028
 99  9.109         4.7209         3.4170
100  9.209         4.7425         3.4302
101  9.309         4.7638         3.4424
102  9.409         4.7845         3.4537
103  9.509         4.8048         3.4640
104  9.609         4.8246         3.4733
105  9.709         4.8439         3.4816
106  9.809         4.8627         3.4889
107  9.909         4.8809         3.4949
108 10.009         4.8987         3.5020
109 10.109         4.9161         3.5109
110 10.209         4.9333         3.5216
111 10.309         4.9503         3.5343
112 10.409         4.9670         3.5443
113 10.509         4.9835         3.5552
114 10.609         5.0000         3.5714


#AGE= 0.100 BINS=114 Power-law IMF: x=-2.350
# N  sdss_r       Log10(N)       Log10(dN)
  1 -0.579            NaN         3.5714
  2 -0.479            NaN         3.5714
  3 -0.379            NaN         3.5714
  4 -0.279         1.1020         1.1477
  5 -0.179         1.4869         1.2561
  6 -0.079         1.6951         1.2759
  7  0.021         1.8385         1.2874
  8  0.121         1.9488         1.2998
  9  0.221         2.0393         1.3137
 10  0.321         2.1171         1.3317
 11  0.421         2.1860         1.3529
 12  0.521         2.2484         1.3747
 13  0.621         2.3062         1.4019
 14  0.721         2.3610         1.4348
 15  0.821         2.3229         1.4348
 16  0.921         2.3741         1.4202
 17  1.021         2.4488         1.6479
 18  1.121         2.6250         2.1481
 19  1.221         2.7478         2.1391
 20  1.321         2.8116         1.9468
 21  1.421         2.8692         1.9637
 22  1.521         2.9243         2.0007
 23  1.621         2.9862         2.1089
 24  1.721         3.0625         2.2699
 25  1.821         3.1043         2.0666
 26  1.921         3.1432         2.0757
 27  2.021         3.1886         2.1853
 28  2.121         3.3593         2.8713
 29  2.221         3.4479         2.7140
 30  2.321         3.4711         2.1876
 31  2.421         3.4920         2.1648
 32  2.521         3.5131         2.1889
 33  2.621         3.5333         2.1902
 34  2.721         3.5522         2.1821
 35  2.821         3.5704         2.1822
 36  2.921         3.5882         2.1915
 37  3.021         3.6056         2.2001
 38  3.121         3.6230         2.2169
 39  3.221         3.6406         2.2399
 40  3.321         3.6583         2.2605
 41  3.421         3.6750         2.2517
 42  3.521         3.6883         2.1683
 43  3.621         3.7015         2.1774
 44  3.721         3.7146         2.1870
 45  3.821         3.7276         2.1971
 46  3.921         3.7405         2.2079
 47  4.021         3.7534         2.2192
 48  4.121         3.7663         2.2311
 49  4.221         3.7791         2.2436
 50  4.321         3.7920         2.2568
 51  4.421         3.8048         2.2707
 52  4.521         3.8178         2.2853
 53  4.621         3.8308         2.3005
 54  4.721         3.8439         2.3166
 55  4.821         3.8571         2.3333
 56  4.921         3.8704         2.3508
 57  5.021         3.8839         2.3691
 58  5.121         3.8975         2.3883
 59  5.221         3.9114         2.4076
 60  5.321         3.9253         2.4246
 61  5.421         3.9393         2.4389
 62  5.521         3.9531         2.4508
 63  5.621         3.9672         2.4696
 64  5.721         3.9811         2.4800
 65  5.821         3.9944         2.4744
 66  5.921         4.0069         2.4607
 67  6.021         4.0190         2.4564
 68  6.121         4.0309         2.4635
 69  6.221         4.0429         2.4791
 70  6.321         4.0548         2.4873
 71  6.421         4.0621         2.2821
 72  6.521         4.0687         2.2449
 73  6.621         4.0761         2.3058
 74  6.721         4.0853         2.4068
 75  6.821         4.0964         2.4970
 76  6.921         4.1087         2.5573
 77  7.021         4.1207         2.5530
 78  7.121         4.1324         2.5575
 79  7.221         4.1440         2.5639
 80  7.321         4.1546         2.5391
 81  7.421         4.1679         2.6470
 82  7.521         4.1849         2.7687
 83  7.621         4.2027         2.8068
 84  7.721         4.2211         2.8396
 85  7.821         4.2501         3.0599
 86  7.921         4.3101         3.4210
 87  8.021         4.3666         3.4525
 88  8.121         4.4183         3.4684
 89  8.221         4.4649         3.4722
 90  8.321         4.5051         3.4521
 91  8.421         4.5356         3.3674
 92  8.521         4.5591         3.2795
 93  8.621         4.5798         3.2486
 94  8.721         4.6029         3.3169
 95  8.821         4.6262         3.3435
 96  8.921         4.6494         3.3663
 97  9.021         4.6725         3.3861
 98  9.121         4.6955         3.4078
 99  9.221         4.7181         3.4236
100  9.321         4.7403         3.4373
101  9.421         4.7620         3.4499
102  9.521         4.7832         3.4612
103  9.621         4.8038         3.4713
104  9.721         4.8240         3.4801
105  9.821         4.8436         3.4877
106  9.921         4.8626         3.4941
107 10.021         4.8810         3.4994
108 10.121         4.8989         3.5057
109 10.221         4.9164         3.5135
110 10.321         4.9336         3.5230
111 10.421         4.9506         3.5342
112 10.521         4.9673         3.5423
113 10.621         4.9836         3.5520
114 10.721         5.0000         3.5681


#AGE= 1.000 BINS=130 Power-law IMF: x=-2.350
# N  sdss_r       Log10(N)       Log10(dN)
  1 -1.054         0.1702         0.1702
  2 -0.954         0.5778         0.3623
  3 -0.854         0.7299         0.2003
  4 -0.754         0.8484         0.2263
  5 -0.654         0.9437         0.2382
  6 -0.554         1.0237         0.2499
  7 -0.454         1.0934         0.2644
  8 -0.354         1.1557         0.2815
  9 -0.254         1.2108         0.2869
 10 -0.154         1.2609         0.2980
 11 -0.054         1.3068         0.3082
 12  0.046         1.3493         0.3186
 13  0.146         1.3882         0.3208
 14  0.246         1.4763         0.7403
 15  0.346         1.6043         1.0112
 16  0.446         1.6243         0.2782
 17  0.546         1.6433         0.2739
 18  0.646         1.6625         0.2998
 19  0.746         1.6831         0.3480
 20  0.846         1.7061         0.4182
 21  0.946         1.7329         0.5108
 22  1.046         1.7662         0.6337
 23  1.146         1.8068         0.7573
 24  1.246         1.8560         0.8864
 25  1.346         1.9131         1.0033
 26  1.446         1.9696         1.0561
 27  1.546         2.0241         1.0954
 28  1.646         2.0896         1.2359
 29  1.746         2.2205         1.6360
 30  1.846         2.3549         1.7800
 31  1.946         2.4702         1.8378
 32  2.046         2.5524         1.7892
 33  2.146         2.6270         1.8253
 34  2.246         2.6994         1.8852
 35  2.346         2.7694         1.9424
 36  2.446         2.8349         1.9813
 37  2.546         2.8975         2.0254
 38  2.646         2.9615         2.0982
 39  2.746         3.0201         2.1211
 40  2.846         3.0746         2.1463
 41  2.946         3.1238         2.1536
 42  3.046         3.1689         2.1629
 43  3.146         3.2104         2.1698
 44  3.246         3.2492         2.1814
 45  3.346         3.2847         2.1787
 46  3.446         3.3153         2.1479
 47  3.546         3.3425         2.1268
 48  3.646         3.3686         2.1335
 49  3.746         3.3935         2.1398
 50  3.846         3.4168         2.1354
 51  3.946         3.4397         2.1496
 52  4.046         3.4626         2.1734
 53  4.146         3.4844         2.1738
 54  4.246         3.5055         2.1821
 55  4.346         3.5263         2.1954
 56  4.446         3.5468         2.2109
 57  4.546         3.5670         2.2243
 58  4.646         3.5868         2.2360
 59  4.746         3.6063         2.2484
 60  4.846         3.6255         2.2620
 61  4.946         3.6445         2.2752
 62  5.046         3.6631         2.2877
 63  5.146         3.6816         2.2998
 64  5.246         3.6997         2.3112
 65  5.346         3.7175         2.3221
 66  5.446         3.7351         2.3324
 67  5.546         3.7523         2.3421
 68  5.646         3.7692         2.3511
 69  5.746         3.7858         2.3595
 70  5.846         3.8021         2.3688
 71  5.946         3.8182         2.3790
 72  6.046         3.8340         2.3886
 73  6.146         3.8497         2.3977
 74  6.246         3.8650         2.4061
 75  6.346         3.8801         2.4141
 76  6.446         3.8950         2.4225
 77  6.546         3.9097         2.4312
 78  6.646         3.9242         2.4404
 79  6.746         3.9385         2.4481
 80  6.846         3.9524         2.4529
 81  6.946         3.9663         2.4622
 82  7.046         3.9801         2.4754
 83  7.146         3.9939         2.4915
 84  7.246         4.0079         2.5095
 85  7.346         4.0219         2.5219
 86  7.446         4.0358         2.5348
 87  7.546         4.0499         2.5525
 88  7.646         4.0642         2.5748
 89  7.746         4.0788         2.5997
 90  7.846         4.0939         2.6276
 91  7.946         4.1097         2.6615
 92  8.046         4.1264         2.7030
 93  8.146         4.1439         2.7404
 94  8.246         4.1625         2.7853
 95  8.346         4.1825         2.8367
 96  8.446         4.2035         2.8772
 97  8.546         4.2250         2.9094
 98  8.646         4.2474         2.9482
 99  8.746         4.2698         2.9715
100  8.846         4.2942         3.0309
101  8.946         4.3176         3.0379
102  9.046         4.3452         3.1340
103  9.146         4.3745         3.1889
104  9.246         4.4035         3.2140
105  9.346         4.4319         3.2341
106  9.446         4.4604         3.2619
107  9.546         4.4886         3.2876
108  9.646         4.5166         3.3122
109  9.746         4.5445         3.3381
110  9.846         4.5722         3.3638
111  9.946         4.5997         3.3875
112 10.046         4.6269         3.4093
113 10.146         4.6536         3.4288
114 10.246         4.6801         3.4537
115 10.346         4.7067         3.4803
116 10.446         4.7329         3.4997
117 10.546         4.7582         3.5119
118 10.646         4.7824         3.5166
119 10.746         4.8053         3.5150
120 10.846         4.8273         3.5212
121 10.946         4.8485         3.5260
122 11.046         4.8687         3.5261
123 11.146         4.8878         3.5217
124 11.246         4.9057         3.5128
125 11.346         4.9227         3.5053
126 11.446         4.9389         3.5042
127 11.546         4.9548         3.5097
128 11.646         4.9701         3.5103
129 11.746         4.9851         3.5140
130 11.846         5.0000         3.5292


#AGE= 2.000 BINS=147 Power-law IMF: x=-2.350
# N  sdss_r       Log10(N)       Log10(dN)
  1 -2.405        -0.3854        -0.3854
  2 -2.305        -0.0689        -0.3549
  3 -2.205         0.1187        -0.3363
  4 -2.105         0.2536        -0.3199
  5 -2.005         0.3569        -0.3174
  6 -1.905         0.5997         0.2313
  7 -1.805         0.6621        -0.2109
  8 -1.705         0.7175        -0.2040
  9 -1.605         0.7687        -0.1859
 10 -1.505         0.8141        -0.1890
 11 -1.405         0.9223         0.2659
 12 -1.305         0.9637        -0.0782
 13 -1.205         1.0025        -0.0647
 14 -1.105         1.0401        -0.0411
 15 -1.005         1.0767        -0.0167
 16 -0.905         1.1125         0.0107
 17 -0.805         1.1474         0.0359
 18 -0.705         1.1820         0.0652
 19 -0.605         1.2158         0.0906
 20 -0.505         1.2493         0.1198
 21 -0.405         1.2825         0.1499
 22 -0.305         1.3154         0.1785
 23 -0.205         1.3484         0.2130
 24 -0.105         1.3811         0.2415
 25 -0.005         1.4150         0.2909
 26  0.095         1.4486         0.3195
 27  0.195         1.4801         0.3259
 28  0.295         1.5115         0.3540
 29  0.395         1.5419         0.3725
 30  0.495         1.5721         0.3997
 31  0.595         1.6014         0.4156
 32  0.695         1.6314         0.4549
 33  0.795         1.6606         0.4742
 34  0.895         1.6918         0.5335
 35  0.995         1.8211         1.2318
 36  1.095         1.8486         0.6364
 37  1.195         1.8702         0.5559
 38  1.295         1.8924         0.5901
 39  1.395         1.9175         0.6661
 40  1.495         1.9469         0.7639
 41  1.595         1.9823         0.8755
 42  1.695         2.0249         0.9953
 43  1.795         2.0756         1.1181
 44  1.895         2.1347         1.2388
 45  1.995         2.2012         1.3533
 46  2.095         2.2736         1.4604
 47  2.195         2.3498         1.5563
 48  2.295         2.4290         1.6506
 49  2.395         2.5100         1.7411
 50  2.495         2.5928         1.8320
 51  2.595         2.6707         1.8864
 52  2.695         2.7420         1.9224
 53  2.795         2.8068         1.9484
 54  2.895         2.8661         1.9719
 55  2.995         2.9208         1.9944
 56  3.095         2.9718         2.0163
 57  3.195         3.0193         2.0342
 58  3.295         3.0617         2.0310
 59  3.395         3.0988         2.0110
 60  3.495         3.1332         2.0156
 61  3.595         3.1663         2.0317
 62  3.695         3.1976         2.0401
 63  3.795         3.2269         2.0408
 64  3.895         3.2560         2.0671
 65  3.995         3.2844         2.0872
 66  4.095         3.3114         2.0908
 67  4.195         3.3375         2.1030
 68  4.295         3.3631         2.1206
 69  4.395         3.3881         2.1359
 70  4.495         3.4125         2.1504
 71  4.595         3.4363         2.1631
 72  4.695         3.4594         2.1747
 73  4.795         3.4822         2.1894
 74  4.895         3.5047         2.2092
 75  4.995         3.5270         2.2260
 76  5.095         3.5491         2.2445
 77  5.195         3.5705         2.2521
 78  5.295         3.5911         2.2574
 79  5.395         3.6111         2.2649
 80  5.495         3.6307         2.2742
 81  5.595         3.6499         2.2856
 82  5.695         3.6687         2.2971
 83  5.795         3.6872         2.3074
 84  5.895         3.7054         2.3177
 85  5.995         3.7232         2.3282
 86  6.095         3.7408         2.3382
 87  6.195         3.7580         2.3477
 88  6.295         3.7749         2.3572
 89  6.395         3.7915         2.3665
 90  6.495         3.8079         2.3754
 91  6.595         3.8240         2.3841
 92  6.695         3.8397         2.3915
 93  6.795         3.8552         2.3995
 94  6.895         3.8704         2.4077
 95  6.995         3.8855         2.4187
 96  7.095         3.9007         2.4365
 97  7.195         3.9159         2.4530
 98  7.295         3.9311         2.4671
 99  7.395         3.9461         2.4778
100  7.495         3.9612         2.4952
101  7.595         3.9765         2.5148
102  7.695         3.9921         2.5407
103  7.795         4.0083         2.5721
104  7.895         4.0249         2.5977
105  7.995         4.0425         2.6409
106  8.095         4.0610         2.6813
107  8.195         4.0804         2.7218
108  8.295         4.1007         2.7605
109  8.395         4.1218         2.7973
110  8.495         4.1435         2.8311
111  8.595         4.1651         2.8520
112  8.695         4.1905         2.9451
113  8.795         4.2195         3.0297
114  8.895         4.2479         3.0494
115  8.995         4.2766         3.0820
116  9.095         4.3070         3.1367
117  9.195         4.3370         3.1613
118  9.295         4.3657         3.1723
119  9.395         4.3942         3.1973
120  9.495         4.4223         3.2187
121  9.595         4.4501         3.2430
122  9.695         4.4779         3.2702
123  9.795         4.5055         3.2947
124  9.895         4.5328         3.3168
125  9.995         4.5598         3.3398
126 10.095         4.5865         3.3621
127 10.195         4.6129         3.3833
128 10.295         4.6392         3.4091
129 10.395         4.6657         3.4374
130 10.495         4.6917         3.4571
131 10.595         4.7169         3.4681
132 10.695         4.7409         3.4700
133 10.795         4.7634         3.4673
134 10.895         4.7851         3.4728
135 10.995         4.8059         3.4753
136 11.095         4.8256         3.4740
137 11.195         4.8443         3.4689
138 11.295         4.8619         3.4607
139 11.395         4.8787         3.4565
140 11.495         4.8949         3.4585
141 11.595         4.9107         3.4648
142 11.695         4.9260         3.4657
143 11.795         4.9410         3.4717
144 11.895         4.9559         3.4844
145 11.995         4.9707         3.4950
146 12.095         4.9854         3.5060
147 12.195         5.0000         3.5205


#AGE= 3.000 BINS=149 Power-law IMF: x=-2.350
# N  sdss_r       Log10(N)       Log10(dN)
  1 -2.666        -0.5486        -0.5486
  2 -2.566        -0.2396        -0.5329
  3 -2.466        -0.0496        -0.5001
  4 -2.366         0.0873        -0.4805
  5 -2.266         0.1973        -0.4530
  6 -2.166         0.2904        -0.4245
  7 -2.066         0.3711        -0.3995
  8 -1.966         0.4431        -0.3726
  9 -1.866         0.5085        -0.3461
 10 -1.766         0.5656        -0.3442
 11 -1.666         0.7061         0.1479
 12 -1.566         0.7583        -0.1876
 13 -1.466         0.8015        -0.2227
 14 -1.366         0.8877         0.1428
 15 -1.266         0.9317        -0.0837
 16 -1.166         0.9688        -0.1180
 17 -1.066         1.0046        -0.0980
 18 -0.966         1.0393        -0.0751
 19 -0.866         1.0732        -0.0507
 20 -0.766         1.1071        -0.0181
 21 -0.666         1.1404         0.0083
 22 -0.566         1.1733         0.0376
 23 -0.466         1.2060         0.0666
 24 -0.366         1.2386         0.0975
 25 -0.266         1.2707         0.1235
 26 -0.166         1.3028         0.1549
 27 -0.066         1.3346         0.1834
 28  0.034         1.3661         0.2113
 29  0.134         1.3978         0.2448
 30  0.234         1.4298         0.2817
 31  0.334         1.4623         0.3197
 32  0.434         1.4953         0.3602
 33  0.534         1.5275         0.3813
 34  0.634         1.5587         0.4005
 35  0.734         1.5896         0.4258
 36  0.834         1.6208         0.4622
 37  0.934         1.6507         0.4739
 38  1.034         1.6795         0.4862
 39  1.134         1.7076         0.5040
 40  1.234         1.7368         0.5501
 41  1.334         1.7815         0.7722
 42  1.434         1.8896         1.2326
 43  1.534         1.9253         0.8228
 44  1.634         1.9576         0.8125
 45  1.734         1.9915         0.8674
 46  1.834         2.0302         0.9607
 47  1.934         2.0753         1.0699
 48  2.034         2.1276         1.1818
 49  2.134         2.1866         1.2910
 50  2.234         2.2519         1.3967
 51  2.334         2.3226         1.4995
 52  2.434         2.3970         1.5938
 53  2.534         2.4738         1.6835
 54  2.634         2.5516         1.7667
 55  2.734         2.6284         1.8379
 56  2.834         2.6975         1.8654
 57  2.934         2.7606         1.8916
 58  3.034         2.8188         1.9167
 59  3.134         2.8716         1.9308
 60  3.234         2.9192         1.9354
 61  3.334         2.9622         1.9368
 62  3.434         3.0028         1.9530
 63  3.534         3.0416         1.9729
 64  3.634         3.0780         1.9843
 65  3.734         3.1126         1.9961
 66  3.834         3.1468         2.0267
 67  3.934         3.1803         2.0507
 68  4.034         3.2122         2.0626
 69  4.134         3.2430         2.0780
 70  4.234         3.2730         2.0977
 71  4.334         3.3023         2.1158
 72  4.434         3.3307         2.1323
 73  4.534         3.3583         2.1487
 74  4.634         3.3853         2.1641
 75  4.734         3.4115         2.1798
 76  4.834         3.4373         2.1991
 77  4.934         3.4626         2.2144
 78  5.034         3.4870         2.2240
 79  5.134         3.5109         2.2396
 80  5.234         3.5339         2.2464
 81  5.334         3.5560         2.2531
 82  5.434         3.5780         2.2700
 83  5.534         3.5994         2.2821
 84  5.634         3.6203         2.2918
 85  5.734         3.6407         2.3039
 86  5.834         3.6608         2.3152
 87  5.934         3.6805         2.3264
 88  6.034         3.6997         2.3366
 89  6.134         3.7185         2.3466
 90  6.234         3.7370         2.3565
 91  6.334         3.7551         2.3662
 92  6.434         3.7729         2.3759
 93  6.534         3.7904         2.3859
 94  6.634         3.8075         2.3941
 95  6.734         3.8242         2.4019
 96  6.834         3.8406         2.4106
 97  6.934         3.8568         2.4201
 98  7.034         3.8730         2.4362
 99  7.134         3.8892         2.4525
100  7.234         3.9054         2.4689
101  7.334         3.9214         2.4790
102  7.434         3.9373         2.4945
103  7.534         3.9534         2.5133
104  7.634         3.9696         2.5337
105  7.734         3.9865         2.5684
106  7.834         4.0036         2.5906
107  7.934         4.0217         2.6318
108  8.034         4.0410         2.6807
109  8.134         4.0615         2.7235
110  8.234         4.0826         2.7602
111  8.334         4.1042         2.7903
112  8.434         4.1261         2.8162
113  8.534         4.1489         2.8573
114  8.634         4.1731         2.9082
115  8.734         4.2014         3.0017
116  8.834         4.2327         3.0751
117  8.934         4.2633         3.0961
118  9.034         4.2942         3.1308
119  9.134         4.3257         3.1708
120  9.234         4.3556         3.1775
121  9.334         4.3848         3.1985
122  9.434         4.4136         3.2214
123  9.534         4.4420         3.2425
124  9.634         4.4697         3.2615
125  9.734         4.4973         3.2854
126  9.834         4.5245         3.3092
127  9.934         4.5516         3.3326
128 10.034         4.5784         3.3562
129 10.134         4.6050         3.3788
130 10.234         4.6314         3.4019
131 10.334         4.6580         3.4307
132 10.434         4.6842         3.4526
133 10.534         4.7097         3.4656
134 10.634         4.7340         3.4692
135 10.734         4.7573         3.4752
136 10.834         4.7798         3.4843
137 10.934         4.8014         3.4877
138 11.034         4.8219         3.4853
139 11.134         4.8412         3.4776
140 11.234         4.8593         3.4708
141 11.334         4.8766         3.4684
142 11.434         4.8933         3.4708
143 11.534         4.9096         3.4744
144 11.634         4.9252         3.4737
145 11.734         4.9405         3.4792
146 11.834         4.9556         3.4907
147 11.934         4.9705         3.4987
148 12.034         4.9853         3.5084
149 12.134         5.0000         3.5232


#AGE= 4.000 BINS=151 Power-law IMF: x=-2.350
# N  sdss_r       Log10(N)       Log10(dN)
  1 -2.766        -0.6701        -0.6701
  2 -2.666        -0.3520        -0.6366
  3 -2.566        -0.1666        -0.6256
  4 -2.466        -0.0272        -0.5886
  5 -2.366         0.0815        -0.5734
  6 -2.266         0.1750        -0.5376
  7 -2.166         0.2563        -0.5115
  8 -2.066         0.3286        -0.4855
  9 -1.966         0.3944        -0.4579
 10 -1.866         0.4546        -0.4331
 11 -1.766         0.5114        -0.4002
 12 -1.666         0.5632        -0.3864
 13 -1.566         0.6293        -0.2210
 14 -1.466         0.7272         0.0321
 15 -1.366         0.7691        -0.2671
 16 -1.266         0.8239        -0.1020
 17 -1.166         0.8896         0.0370
 18 -1.066         0.9269        -0.1579
 19 -0.966         0.9621        -0.1465
 20 -0.866         0.9965        -0.1219
 21 -0.766         1.0304        -0.0934
 22 -0.666         1.0637        -0.0693
 23 -0.566         1.0970        -0.0346
 24 -0.466         1.1299        -0.0063
 25 -0.366         1.1627         0.0242
 26 -0.266         1.1952         0.0530
 27 -0.166         1.2275         0.0828
 28 -0.066         1.2597         0.1144
 29  0.034         1.2917         0.1433
 30  0.134         1.3236         0.1733
 31  0.234         1.3554         0.2042
 32  0.334         1.3870         0.2327
 33  0.434         1.4188         0.2687
 34  0.534         1.4514         0.3107
 35  0.634         1.4844         0.3485
 36  0.734         1.5173         0.3803
 37  0.834         1.5498         0.4070
 38  0.934         1.5816         0.4314
 39  1.034         1.6132         0.4594
 40  1.134         1.6440         0.4792
 41  1.234         1.6737         0.4935
 42  1.334         1.7025         0.5097
 43  1.434         1.7310         0.5346
 44  1.534         1.7620         0.6000
 45  1.634         1.8239         0.9469
 46  1.734         1.9034         1.1271
 47  1.834         1.9477         0.9336
 48  1.934         1.9914         0.9729
 49  2.034         2.0371         1.0363
 50  2.134         2.0871         1.1235
 51  2.234         2.1422         1.2187
 52  2.334         2.2032         1.3205
 53  2.434         2.2692         1.4187
 54  2.534         2.3388         1.5087
 55  2.634         2.4112         1.5976
 56  2.734         2.4842         1.6741
 57  2.834         2.5590         1.7582
 58  2.934         2.6275         1.7913
 59  3.034         2.6889         1.8092
 60  3.134         2.7440         1.8202
 61  3.234         2.7942         1.8318
 62  3.334         2.8412         1.8522
 63  3.434         2.8858         1.8758
 64  3.534         2.9280         1.8947
 65  3.634         2.9680         1.9125
 66  3.734         3.0071         1.9417
 67  3.834         3.0456         1.9744
 68  3.934         3.0825         1.9937
 69  4.034         3.1179         2.0114
 70  4.134         3.1525         2.0358
 71  4.234         3.1862         2.0602
 72  4.334         3.2191         2.0821
 73  4.434         3.2510         2.1006
 74  4.534         3.2819         2.1191
 75  4.634         3.3118         2.1344
 76  4.734         3.3409         2.1532
 77  4.834         3.3692         2.1686
 78  4.934         3.3964         2.1798
 79  5.034         3.4226         2.1894
 80  5.134         3.4484         2.2093
 81  5.234         3.4731         2.2163
 82  5.334         3.4972         2.2288
 83  5.434         3.5209         2.2465
 84  5.534         3.5439         2.2573
 85  5.634         3.5664         2.2684
 86  5.734         3.5884         2.2817
 87  5.834         3.6099         2.2946
 88  5.934         3.6309         2.3048
 89  6.034         3.6514         2.3157
 90  6.134         3.6715         2.3268
 91  6.234         3.6912         2.3370
 92  6.334         3.7104         2.3473
 93  6.434         3.7293         2.3575
 94  6.534         3.7478         2.3679
 95  6.634         3.7659         2.3779
 96  6.734         3.7836         2.3843
 97  6.834         3.8009         2.3937
 98  6.934         3.8180         2.4047
 99  7.034         3.8351         2.4214
100  7.134         3.8522         2.4380
101  7.234         3.8691         2.4524
102  7.334         3.8859         2.4633
103  7.434         3.9026         2.4804
104  7.534         3.9195         2.5012
105  7.634         3.9365         2.5196
106  7.734         3.9542         2.5554
107  7.834         3.9721         2.5796
108  7.934         3.9909         2.6178
109  8.034         4.0111         2.6682
110  8.134         4.0324         2.7126
111  8.234         4.0545         2.7508
112  8.334         4.0772         2.7824
113  8.434         4.0999         2.8070
114  8.534         4.1234         2.8458
115  8.634         4.1489         2.9057
116  8.734         4.1781         2.9902
117  8.834         4.2111         3.0763
118  8.934         4.2432         3.0958
119  9.034         4.2756         3.1316
120  9.134         4.3077         3.1603
121  9.234         4.3383         3.1715
122  9.334         4.3684         3.1934
123  9.434         4.3977         3.2134
124  9.534         4.4264         3.2321
125  9.634         4.4545         3.2508
126  9.734         4.4824         3.2764
127  9.834         4.5100         3.2990
128  9.934         4.5370         3.3179
129 10.034         4.5637         3.3392
130 10.134         4.5903         3.3647
131 10.234         4.6169         3.3899
132 10.334         4.6430         3.4091
133 10.434         4.6686         3.4260
134 10.534         4.6939         3.4479
135 10.634         4.7186         3.4611
136 10.734         4.7422         3.4646
137 10.834         4.7644         3.4621
138 10.934         4.7857         3.4651
139 11.034         4.8060         3.4663
140 11.134         4.8254         3.4650
141 11.234         4.8437         3.4608
142 11.334         4.8611         3.4550
143 11.434         4.8778         3.4542
144 11.534         4.8941         3.4589
145 11.634         4.9099         3.4641
146 11.734         4.9253         3.4659
147 11.834         4.9404         3.4741
148 11.934         4.9554         3.4882
149 12.034         4.9704         3.4992
150 12.134         4.9852         3.5110
151 12.234         5.0000         3.5256


#AGE= 5.000 BINS=151 Power-law IMF: x=-2.350
# N  sdss_r       Log10(N)       Log10(dN)
  1 -2.764        -0.7309        -0.7309
  2 -2.664        -0.4104        -0.6928
  3 -2.564        -0.2258        -0.6864
  4 -2.464        -0.0866        -0.6484
  5 -2.364         0.0248        -0.6208
  6 -2.264         0.1173        -0.5998
  7 -2.164         0.1988        -0.5680
  8 -2.064         0.2706        -0.5461
  9 -1.964         0.3368        -0.5129
 10 -1.864         0.3975        -0.4873
 11 -1.764         0.4541        -0.4584
 12 -1.664         0.5075        -0.4297
 13 -1.564         0.5573        -0.4077
 14 -1.464         0.6473        -0.0803
 15 -1.364         0.7069        -0.1854
 16 -1.264         0.7491        -0.2839
 17 -1.164         0.8032        -0.1284
 18 -1.064         0.8645        -0.0162
 19 -0.964         0.9021        -0.1797
 20 -0.864         0.9378        -0.1648
 21 -0.764         0.9725        -0.1415
 22 -0.664         1.0069        -0.1123
 23 -0.564         1.0405        -0.0866
 24 -0.464         1.0741        -0.0544
 25 -0.364         1.1076        -0.0221
 26 -0.264         1.1408         0.0072
 27 -0.164         1.1737         0.0367
 28 -0.064         1.2065         0.0683
 29  0.036         1.2391         0.0992
 30  0.136         1.2715         0.1285
 31  0.236         1.3040         0.1611
 32  0.336         1.3362         0.1903
 33  0.436         1.3683         0.2209
 34  0.536         1.4003         0.2524
 35  0.636         1.4326         0.2882
 36  0.736         1.4653         0.3250
 37  0.836         1.4986         0.3676
 38  0.936         1.5327         0.4102
 39  1.036         1.5656         0.4291
 40  1.136         1.5985         0.4610
 41  1.236         1.6311         0.4906
 42  1.336         1.6624         0.5041
 43  1.436         1.6924         0.5168
 44  1.536         1.7214         0.5315
 45  1.636         1.7500         0.5550
 46  1.736         1.7801         0.6061
 47  1.836         1.8255         0.8220
 48  1.936         1.9066         1.1379
 49  2.036         1.9565         0.9921
 50  2.136         2.0050         1.0291
 51  2.236         2.0569         1.1087
 52  2.336         2.1146         1.2097
 53  2.436         2.1761         1.2965
 54  2.536         2.2408         1.3820
 55  2.636         2.3081         1.4650
 56  2.736         2.3767         1.5416
 57  2.836         2.4456         1.6121
 58  2.936         2.5136         1.6748
 59  3.036         2.5794         1.7275
 60  3.136         2.6395         1.7506
 61  3.236         2.6947         1.7715
 62  3.336         2.7461         1.7942
 63  3.436         2.7947         1.8192
 64  3.536         2.8408         1.8443
 65  3.636         2.8853         1.8734
 66  3.736         2.9285         1.9054
 67  3.836         2.9701         1.9308
 68  3.936         3.0101         1.9537
 69  4.036         3.0489         1.9812
 70  4.136         3.0869         2.0100
 71  4.236         3.1240         2.0370
 72  4.336         3.1599         2.0597
 73  4.436         3.1947         2.0806
 74  4.536         3.2283         2.1001
 75  4.636         3.2607         2.1182
 76  4.736         3.2920         2.1341
 77  4.836         3.3221         2.1474
 78  4.936         3.3508         2.1572
 79  5.036         3.3787         2.1726
 80  5.136         3.4063         2.1947
 81  5.236         3.4327         2.2036
 82  5.336         3.4585         2.2198
 83  5.436         3.4837         2.2353
 84  5.536         3.5082         2.2479
 85  5.636         3.5321         2.2596
 86  5.736         3.5554         2.2733
 87  5.836         3.5782         2.2871
 88  5.936         3.6004         2.2986
 89  6.036         3.6221         2.3094
 90  6.136         3.6433         2.3208
 91  6.236         3.6640         2.3320
 92  6.336         3.6842         2.3426
 93  6.436         3.7041         2.3541
 94  6.536         3.7235         2.3646
 95  6.636         3.7425         2.3744
 96  6.736         3.7610         2.3815
 97  6.836         3.7792         2.3918
 98  6.936         3.7971         2.4043
 99  7.036         3.8150         2.4210
100  7.136         3.8328         2.4365
101  7.236         3.8504         2.4497
102  7.336         3.8679         2.4627
103  7.436         3.8854         2.4822
104  7.536         3.9030         2.5010
105  7.636         3.9206         2.5213
106  7.736         3.9390         2.5572
107  7.836         3.9576         2.5795
108  7.936         3.9772         2.6225
109  8.036         3.9978         2.6624
110  8.136         4.0192         2.7015
111  8.236         4.0415         2.7414
112  8.336         4.0648         2.7821
113  8.436         4.0891         2.8242
114  8.536         4.1144         2.8675
115  8.636         4.1408         2.9121
116  8.736         4.1706         2.9924
117  8.836         4.2048         3.0837
118  8.936         4.2384         3.1109
119  9.036         4.2717         3.1390
120  9.136         4.3042         3.1618
121  9.236         4.3356         3.1792
122  9.336         4.3664         3.2024
123  9.436         4.3965         3.2226
124  9.536         4.4255         3.2358
125  9.636         4.4545         3.2642
126  9.736         4.4831         3.2875
127  9.836         4.5103         3.2935
128  9.936         4.5370         3.3119
129 10.036         4.5638         3.3415
130 10.136         4.5905         3.3654
131 10.236         4.6170         3.3893
132 10.336         4.6432         3.4117
133 10.436         4.6688         3.4263
134 10.536         4.6939         3.4425
135 10.636         4.7184         3.4574
136 10.736         4.7418         3.4626
137 10.836         4.7640         3.4609
138 10.936         4.7852         3.4634
139 11.036         4.8055         3.4646
140 11.136         4.8248         3.4635
141 11.236         4.8431         3.4595
142 11.336         4.8605         3.4548
143 11.436         4.8773         3.4550
144 11.536         4.8936         3.4606
145 11.636         4.9095         3.4648
146 11.736         4.9249         3.4671
147 11.836         4.9401         3.4760
148 11.936         4.9552         3.4902
149 12.036         4.9702         3.5009
150 12.136         4.9851         3.5129
151 12.236         5.0000         3.5275


#AGE= 6.000 BINS=152 Power-law IMF: x=-2.350
# N  sdss_r       Log10(N)       Log10(dN)
  1 -2.929        -0.6139        -0.6139
  2 -2.829        -0.3889        -0.7821
  3 -2.729        -0.2310        -0.7470
  4 -2.629        -0.1130        -0.7365
  5 -2.529        -0.0155        -0.7123
  6 -2.429         0.0685        -0.6862
  7 -2.329         0.1439        -0.6538
  8 -2.229         0.2125        -0.6229
  9 -2.129         0.2739        -0.6058
 10 -2.029         0.3313        -0.5761
 11 -1.929         0.3869        -0.5334
 12 -1.829         0.4383        -0.5134
 13 -1.729         0.4870        -0.4882
 14 -1.629         0.5334        -0.4601
 15 -1.529         0.5783        -0.4294
 16 -1.429         0.6254        -0.3626
 17 -1.329         0.7076        -0.0559
 18 -1.229         0.7489        -0.2934
 19 -1.129         0.7879        -0.2777
 20 -1.029         0.8539         0.0025
 21 -0.929         0.8921        -0.1818
 22 -0.829         0.9272        -0.1836
 23 -0.729         0.9607        -0.1676
 24 -0.629         0.9944        -0.1330
 25 -0.529         1.0276        -0.1057
 26 -0.429         1.0606        -0.0752
 27 -0.329         1.0935        -0.0427
 28 -0.229         1.1261        -0.0152
 29 -0.129         1.1586         0.0167
 30 -0.029         1.1911         0.0492
 31  0.071         1.2235         0.0801
 32  0.171         1.2559         0.1127
 33  0.271         1.2881         0.1416
 34  0.371         1.3203         0.1746
 35  0.471         1.3523         0.2045
 36  0.571         1.3843         0.2351
 37  0.671         1.4163         0.2676
 38  0.771         1.4484         0.3013
 39  0.871         1.4808         0.3381
 40  0.971         1.5144         0.3858
 41  1.071         1.5484         0.4256
 42  1.171         1.5818         0.4507
 43  1.271         1.6152         0.4840
 44  1.371         1.6484         0.5157
 45  1.471         1.6803         0.5303
 46  1.571         1.7108         0.5432
 47  1.671         1.7402         0.5558
 48  1.771         1.7689         0.5744
 49  1.871         1.7980         0.6104
 50  1.971         1.8323         0.7127
 51  2.071         1.9012         1.0675
 52  2.171         1.9571         1.0393
 53  2.271         2.0077         1.0484
 54  2.371         2.0608         1.1217
 55  2.471         2.1178         1.2081
 56  2.571         2.1791         1.2987
 57  2.671         2.2439         1.3851
 58  2.771         2.3102         1.4618
 59  2.871         2.3770         1.5308
 60  2.971         2.4433         1.5946
 61  3.071         2.5089         1.6555
 62  3.171         2.5736         1.7146
 63  3.271         2.6343         1.7500
 64  3.371         2.6903         1.7723
 65  3.471         2.7423         1.7956
 66  3.571         2.7921         1.8263
 67  3.671         2.8399         1.8584
 68  3.771         2.8858         1.8867
 69  3.871         2.9299         1.9147
 70  3.971         2.9726         1.9442
 71  4.071         3.0140         1.9727
 72  4.171         3.0542         2.0004
 73  4.271         3.0930         2.0256
 74  4.371         3.1308         2.0512
 75  4.471         3.1675         2.0756
 76  4.571         3.2027         2.0948
 77  4.671         3.2365         2.1113
 78  4.771         3.2689         2.1247
 79  4.871         3.2998         2.1371
 80  4.971         3.3297         2.1527
 81  5.071         3.3593         2.1783
 82  5.171         3.3881         2.1952
 83  5.271         3.4158         2.2067
 84  5.371         3.4429         2.2248
 85  5.471         3.4692         2.2388
 86  5.571         3.4948         2.2517
 87  5.671         3.5197         2.2658
 88  5.771         3.5440         2.2798
 89  5.871         3.5678         2.2939
 90  5.971         3.5908         2.3049
 91  6.071         3.6134         2.3175
 92  6.171         3.6354         2.3288
 93  6.271         3.6569         2.3403
 94  6.371         3.6778         2.3518
 95  6.471         3.6984         2.3642
 96  6.571         3.7185         2.3740
 97  6.671         3.7382         2.3830
 98  6.771         3.7573         2.3920
 99  6.871         3.7761         2.4040
100  6.971         3.7948         2.4189
101  7.071         3.8134         2.4347
102  7.171         3.8318         2.4496
103  7.271         3.8499         2.4611
104  7.371         3.8679         2.4780
105  7.471         3.8861         2.4991
106  7.571         3.9042         2.5154
107  7.671         3.9230         2.5490
108  7.771         3.9420         2.5738
109  7.871         3.9617         2.6073
110  7.971         3.9822         2.6466
111  8.071         4.0036         2.6867
112  8.171         4.0259         2.7249
113  8.271         4.0489         2.7610
114  8.371         4.0728         2.8012
115  8.471         4.0979         2.8473
116  8.571         4.1246         2.9005
117  8.671         4.1534         2.9607
118  8.771         4.1850         3.0318
119  8.871         4.2208         3.1189
120  8.971         4.2551         3.1352
121  9.071         4.2892         3.1668
122  9.171         4.3221         3.1850
123  9.271         4.3538         3.2022
124  9.371         4.3850         3.2251
125  9.471         4.4152         3.2434
126  9.571         4.4444         3.2577
127  9.671         4.4735         3.2844
128  9.771         4.5021         3.3065
129  9.871         4.5296         3.3182
130  9.971         4.5566         3.3365
131 10.071         4.5834         3.3603
132 10.171         4.6099         3.3824
133 10.271         4.6363         3.4066
134 10.371         4.6623         3.4271
135 10.471         4.6876         3.4404
136 10.571         4.7124         3.4567
137 10.671         4.7364         3.4665
138 10.771         4.7592         3.4678
139 10.871         4.7810         3.4717
140 10.971         4.8019         3.4739
141 11.071         4.8218         3.4727
142 11.171         4.8406         3.4680
143 11.271         4.8585         3.4645
144 11.371         4.8758         3.4653
145 11.471         4.8925         3.4702
146 11.571         4.9087         3.4720
147 11.671         4.9244         3.4741
148 11.771         4.9398         3.4821
149 11.871         4.9551         3.4946
150 11.971         4.9702         3.5029
151 12.071         4.9851         3.5138
152 12.171         5.0000         3.5286


#AGE= 7.000 BINS=150 Power-law IMF: x=-2.350
# N  sdss_r       Log10(N)       Log10(dN)
  1 -2.839        -0.7879        -0.7879
  2 -2.739        -0.4904        -0.7949
  3 -2.639        -0.3009        -0.7525
  4 -2.539        -0.1635        -0.7302
  5 -2.439        -0.0534        -0.7033
  6 -2.339         0.0390        -0.6783
  7 -2.239         0.1185        -0.6583
  8 -2.139         0.1913        -0.6202
  9 -2.039         0.2570        -0.5958
 10 -1.939         0.3183        -0.5624
 11 -1.839         0.3749        -0.5375
 12 -1.739         0.4288        -0.5041
 13 -1.639         0.4791        -0.4822
 14 -1.539         0.5281        -0.4441
 15 -1.439         0.5738        -0.4266
 16 -1.339         0.6438        -0.1834
 17 -1.239         0.7022        -0.1976
 18 -1.139         0.7434        -0.3002
 19 -1.039         0.7846        -0.2583
 20 -0.939         0.8488        -0.0134
 21 -0.839         0.8885        -0.1704
 22 -0.739         0.9246        -0.1731
 23 -0.639         0.9596        -0.1523
 24 -0.539         0.9942        -0.1218
 25 -0.439         1.0284        -0.0921
 26 -0.339         1.0625        -0.0593
 27 -0.239         1.0960        -0.0333
 28 -0.139         1.1296         0.0020
 29 -0.039         1.1631         0.0329
 30  0.061         1.1965         0.0657
 31  0.161         1.2296         0.0962
 32  0.261         1.2628         0.1287
 33  0.361         1.2958         0.1599
 34  0.461         1.3288         0.1932
 35  0.561         1.3616         0.2238
 36  0.661         1.3942         0.2538
 37  0.761         1.4271         0.2897
 38  0.861         1.4597         0.3191
 39  0.961         1.4928         0.3587
 40  1.061         1.5263         0.3969
 41  1.161         1.5610         0.4467
 42  1.261         1.5954         0.4763
 43  1.361         1.6295         0.5073
 44  1.461         1.6639         0.5465
 45  1.561         1.6972         0.5648
 46  1.661         1.7290         0.5777
 47  1.761         1.7594         0.5897
 48  1.861         1.7888         0.6042
 49  1.961         1.8178         0.6284
 50  2.061         1.8487         0.6850
 51  2.161         1.8908         0.8572
 52  2.261         1.9550         1.0929
 53  2.361         2.0075         1.0637
 54  2.461         2.0598         1.1143
 55  2.561         2.1158         1.1988
 56  2.661         2.1759         1.2870
 57  2.761         2.2393         1.3726
 58  2.861         2.3048         1.4510
 59  2.961         2.3707         1.5188
 60  3.061         2.4364         1.5841
 61  3.161         2.5009         1.6404
 62  3.261         2.5651         1.7032
 63  3.361         2.6269         1.7497
 64  3.461         2.6853         1.7854
 65  3.561         2.7400         1.8126
 66  3.661         2.7914         1.8396
 67  3.761         2.8403         1.8671
 68  3.861         2.8872         1.8972
 69  3.961         2.9323         1.9264
 70  4.061         2.9759         1.9560
 71  4.161         3.0181         1.9846
 72  4.261         3.0591         2.0140
 73  4.361         3.0988         2.0398
 74  4.461         3.1369         2.0613
 75  4.561         3.1735         2.0806
 76  4.661         3.2084         2.0965
 77  4.761         3.2419         2.1126
 78  4.861         3.2742         2.1298
 79  4.961         3.3057         2.1511
 80  5.061         3.3372         2.1813
 81  5.161         3.3675         2.1965
 82  5.261         3.3967         2.2094
 83  5.361         3.4252         2.2282
 84  5.461         3.4529         2.2432
 85  5.561         3.4797         2.2573
 86  5.661         3.5058         2.2716
 87  5.761         3.5313         2.2869
 88  5.861         3.5561         2.3012
 89  5.961         3.5803         2.3137
 90  6.061         3.6038         2.3264
 91  6.161         3.6268         2.3384
 92  6.261         3.6492         2.3499
 93  6.361         3.6711         2.3631
 94  6.461         3.6925         2.3756
 95  6.561         3.7134         2.3854
 96  6.661         3.7338         2.3945
 97  6.761         3.7537         2.4050
 98  6.861         3.7733         2.4182
 99  6.961         3.7927         2.4322
100  7.061         3.8119         2.4478
101  7.161         3.8308         2.4618
102  7.261         3.8495         2.4746
103  7.361         3.8682         2.4928
104  7.461         3.8870         2.5138
105  7.561         3.9059         2.5337
106  7.661         3.9249         2.5579
107  7.761         3.9447         2.5939
108  7.861         3.9647         2.6173
109  7.961         3.9860         2.6661
110  8.061         4.0082         2.7048
111  8.161         4.0310         2.7414
112  8.261         4.0547         2.7796
113  8.361         4.0790         2.8133
114  8.461         4.1041         2.8542
115  8.561         4.1308         2.9068
116  8.661         4.1600         2.9730
117  8.761         4.1915         3.0364
118  8.861         4.2281         3.1356
119  8.961         4.2633         3.1545
120  9.061         4.2983         3.1865
121  9.161         4.3320         3.2052
122  9.261         4.3645         3.2231
123  9.361         4.3963         3.2453
124  9.461         4.4272         3.2633
125  9.561         4.4568         3.2767
126  9.661         4.4863         3.3023
127  9.761         4.5153         3.3254
128  9.861         4.5432         3.3385
129  9.961         4.5705         3.3550
130 10.061         4.5975         3.3779
131 10.161         4.6242         3.3991
132 10.261         4.6506         3.4220
133 10.361         4.6767         3.4416
134 10.461         4.7020         3.4550
135 10.561         4.7267         3.4700
136 10.661         4.7505         3.4777
137 10.761         4.7734         3.4833
138 10.861         4.7954         3.4887
139 10.961         4.8163         3.4883
140 11.061         4.8360         3.4842
141 11.161         4.8549         3.4821
142 11.261         4.8729         3.4828
143 11.361         4.8904         3.4857
144 11.461         4.9071         3.4849
145 11.561         4.9233         3.4860
146 11.661         4.9391         3.4926
147 11.761         4.9547         3.5024
148 11.861         4.9699         3.5073
149 11.961         4.9850         3.5166
150 12.061         5.0000         3.5320


#AGE= 8.000 BINS=152 Power-law IMF: x=-2.350
# N  sdss_r       Log10(N)       Log10(dN)
  1 -2.824        -0.8617        -0.8617
  2 -2.723        -0.5518        -0.8442
  3 -2.623        -0.3618        -0.8123
  4 -2.524        -0.2198        -0.7742
  5 -2.424        -0.1124        -0.7719
  6 -2.324        -0.0197        -0.7361
  7 -2.223         0.0626        -0.7003
  8 -2.123         0.1357        -0.6742
  9 -2.024         0.1990        -0.6683
 10 -1.924         0.2619        -0.6081
 11 -1.824         0.3188        -0.5920
 12 -1.723         0.3722        -0.5652
 13 -1.623         0.4221        -0.5419
 14 -1.524         0.4711        -0.5007
 15 -1.424         0.5171        -0.4803
 16 -1.324         0.5661        -0.4065
 17 -1.223         0.6394        -0.1695
 18 -1.123         0.6851        -0.3147
 19 -1.024         0.7258        -0.3225
 20 -0.924         0.7825        -0.1304
 21 -0.824         0.8291        -0.1626
 22 -0.723         0.8665        -0.2175
 23 -0.623         0.9025        -0.1972
 24 -0.524         0.9375        -0.1736
 25 -0.424         0.9720        -0.1449
 26 -0.324         1.0061        -0.1153
 27 -0.223         1.0405        -0.0787
 28 -0.123         1.0743        -0.0506
 29 -0.024         1.1083        -0.0148
 30  0.076         1.1420         0.0149
 31  0.176         1.1753         0.0438
 32  0.277         1.2089         0.0810
 33  0.377         1.2423         0.1109
 34  0.476         1.2756         0.1440
 35  0.576         1.3089         0.1770
 36  0.676         1.3420         0.2081
 37  0.777         1.3752         0.2415
 38  0.877         1.4083         0.2745
 39  0.976         1.4414         0.3060
 40  1.076         1.4748         0.3447
 41  1.176         1.5088         0.3850
 42  1.277         1.5432         0.4254
 43  1.377         1.5785         0.4710
 44  1.476         1.6135         0.5024
 45  1.576         1.6488         0.5407
 46  1.676         1.6827         0.5594
 47  1.777         1.7153         0.5733
 48  1.877         1.7463         0.5845
 49  1.976         1.7760         0.5969
 50  2.076         1.8052         0.6177
 51  2.176         1.8356         0.6660
 52  2.277         1.8735         0.7956
 53  2.377         1.9309         1.0232
 54  2.476         1.9850         1.0544
 55  2.576         2.0363         1.0830
 56  2.676         2.0921         1.1731
 57  2.777         2.1521         1.2630
 58  2.877         2.2154         1.3473
 59  2.976         2.2803         1.4233
 60  3.076         2.3458         1.4918
 61  3.177         2.4109         1.5543
 62  3.277         2.4749         1.6121
 63  3.377         2.5386         1.6732
 64  3.476         2.5999         1.7194
 65  3.576         2.6580         1.7555
 66  3.677         2.7122         1.7817
 67  3.777         2.7634         1.8096
 68  3.877         2.8124         1.8403
 69  3.976         2.8596         1.8723
 70  4.076         2.9051         1.9032
 71  4.177         2.9490         1.9315
 72  4.277         2.9909         1.9544
 73  4.377         3.0309         1.9763
 74  4.476         3.0692         1.9955
 75  4.577         3.1060         2.0149
 76  4.676         3.1414         2.0353
 77  4.777         3.1757         2.0568
 78  4.877         3.2093         2.0805
 79  4.976         3.2427         2.1122
 80  5.077         3.2756         2.1384
 81  5.176         3.3069         2.1494
 82  5.277         3.3373         2.1681
 83  5.377         3.3670         2.1866
 84  5.476         3.3957         2.2022
 85  5.577         3.4236         2.2165
 86  5.676         3.4507         2.2324
 87  5.777         3.4771         2.2484
 88  5.877         3.5029         2.2639
 89  5.976         3.5279         2.2760
 90  6.077         3.5523         2.2886
 91  6.176         3.5760         2.3018
 92  6.277         3.5991         2.3142
 93  6.377         3.6218         2.3278
 94  6.476         3.6440         2.3406
 95  6.577         3.6655         2.3499
 96  6.676         3.6864         2.3595
 97  6.777         3.7070         2.3721
 98  6.877         3.7272         2.3856
 99  6.976         3.7472         2.4001
100  7.077         3.7670         2.4153
101  7.176         3.7865         2.4283
102  7.277         3.8057         2.4432
103  7.377         3.8250         2.4635
104  7.476         3.8444         2.4844
105  7.577         3.8636         2.4989
106  7.676         3.8836         2.5372
107  7.777         3.9038         2.5610
108  7.877         3.9247         2.5966
109  7.977         3.9465         2.6359
110  8.076         3.9691         2.6751
111  8.177         3.9930         2.7215
112  8.277         4.0180         2.7658
113  8.377         4.0429         2.7888
114  8.476         4.0682         2.8202
115  8.576         4.0951         2.8752
116  8.677         4.1254         2.9540
117  8.777         4.1579         3.0158
118  8.877         4.1955         3.1134
119  8.976         4.2314         3.1318
120  9.076         4.2668         3.1597
121  9.177         4.3009         3.1791
122  9.277         4.3340         3.1996
123  9.377         4.3664         3.2234
124  9.476         4.3974         3.2357
125  9.576         4.4275         3.2527
126  9.677         4.4575         3.2816
127  9.777         4.4866         3.2992
128  9.877         4.5144         3.3065
129  9.976         4.5418         3.3278
130 10.076         4.5691         3.3536
131 10.177         4.5959         3.3744
132 10.277         4.6225         3.3959
133 10.377         4.6484         3.4115
134 10.476         4.6736         3.4245
135 10.576         4.6981         3.4360
136 10.677         4.7216         3.4445
137 10.777         4.7444         3.4522
138 10.877         4.7660         3.4522
139 10.976         4.7865         3.4510
140 11.076         4.8061         3.4512
141 11.177         4.8249         3.4517
142 11.277         4.8429         3.4502
143 11.377         4.8601         3.4486
144 11.476         4.8767         3.4516
145 11.577         4.8930         3.4589
146 11.677         4.9088         3.4618
147 11.777         4.9242         3.4667
148 11.877         4.9395         3.4778
149 11.976         4.9547         3.4932
150 12.077         4.9699         3.5049
151 12.177         4.9849         3.5177
152 12.277         5.0000         3.5323


#AGE= 9.000 BINS=151 Power-law IMF: x=-2.350
# N  sdss_r       Log10(N)       Log10(dN)
  1 -2.895        -0.8647        -0.8647
  2 -2.795        -0.5353        -0.8098
  3 -2.695        -0.3596        -0.8373
  4 -2.595        -0.2214        -0.7862
  5 -2.495        -0.1148        -0.7768
  6 -2.395        -0.0203        -0.7292
  7 -2.295         0.0581        -0.7239
  8 -2.195         0.1323        -0.6715
  9 -2.095         0.1978        -0.6564
 10 -1.995         0.2583        -0.6277
 11 -1.895         0.3143        -0.6024
 12 -1.795         0.3690        -0.5581
 13 -1.695         0.4197        -0.5385
 14 -1.595         0.4677        -0.5126
 15 -1.495         0.5133        -0.4883
 16 -1.395         0.5583        -0.4487
 17 -1.295         0.6023        -0.4131
 18 -1.195         0.6683        -0.1830
 19 -1.095         0.7177        -0.2503
 20 -0.995         0.7566        -0.3110
 21 -0.895         0.8043        -0.1785
 22 -0.795         0.8576        -0.0799
 23 -0.695         0.8954        -0.1831
 24 -0.595         0.9318        -0.1633
 25 -0.495         0.9666        -0.1462
 26 -0.395         1.0011        -0.1161
 27 -0.295         1.0352        -0.0876
 28 -0.195         1.0691        -0.0545
 29 -0.095         1.1028        -0.0240
 30  0.005         1.1366         0.0106
 31  0.105         1.1703         0.0438
 32  0.205         1.2040         0.0770
 33  0.305         1.2376         0.1088
 34  0.405         1.2708         0.1377
 35  0.505         1.3044         0.1761
 36  0.605         1.3377         0.2064
 37  0.705         1.3709         0.2372
 38  0.805         1.4042         0.2723
 39  0.905         1.4374         0.3050
 40  1.005         1.4707         0.3389
 41  1.105         1.5042         0.3741
 42  1.205         1.5380         0.4119
 43  1.305         1.5721         0.4504
 44  1.405         1.6072         0.4972
 45  1.505         1.6428         0.5388
 46  1.605         1.6784         0.5746
 47  1.705         1.7138         0.6072
 48  1.805         1.7477         0.6239
 49  1.905         1.7802         0.6373
 50  2.005         1.8109         0.6460
 51  2.105         1.8404         0.6572
 52  2.205         1.8694         0.6799
 53  2.305         1.8998         0.7302
 54  2.405         1.9376         0.8585
 55  2.505         1.9906         1.0510
 56  2.605         2.0423         1.0921
 57  2.705         2.0934         1.1387
 58  2.805         2.1481         1.2210
 59  2.905         2.2072         1.3120
 60  3.005         2.2693         1.3941
 61  3.105         2.3331         1.4686
 62  3.205         2.3970         1.5332
 63  3.305         2.4603         1.5924
 64  3.405         2.5222         1.6456
 65  3.505         2.5837         1.7043
 66  3.605         2.6438         1.7553
 67  3.705         2.7014         1.7957
 68  3.805         2.7555         1.8242
 69  3.905         2.8067         1.8522
 70  4.005         2.8550         1.8778
 71  4.105         2.9011         1.9040
 72  4.205         2.9449         1.9272
 73  4.305         2.9866         1.9480
 74  4.405         3.0262         1.9669
 75  4.505         3.0646         1.9913
 76  4.605         3.1018         2.0161
 77  4.705         3.1380         2.0411
 78  4.805         3.1735         2.0686
 79  4.905         3.2088         2.1015
 80  5.005         3.2439         2.1333
 81  5.105         3.2775         2.1502
 82  5.205         3.3099         2.1664
 83  5.305         3.3415         2.1881
 84  5.405         3.3722         2.2061
 85  5.505         3.4019         2.2211
 86  5.605         3.4306         2.2376
 87  5.705         3.4586         2.2543
 88  5.805         3.4860         2.2713
 89  5.905         3.5125         2.2859
 90  6.005         3.5383         2.2984
 91  6.105         3.5634         2.3122
 92  6.205         3.5878         2.3256
 93  6.305         3.6116         2.3392
 94  6.405         3.6349         2.3531
 95  6.505         3.6576         2.3643
 96  6.605         3.6797         2.3748
 97  6.705         3.7012         2.3858
 98  6.805         3.7224         2.3996
 99  6.905         3.7432         2.4141
100  7.005         3.7637         2.4276
101  7.105         3.7840         2.4421
102  7.205         3.8039         2.4557
103  7.305         3.8238         2.4742
104  7.405         3.8437         2.4955
105  7.505         3.8636         2.5140
106  7.605         3.8836         2.5376
107  7.705         3.9042         2.5702
108  7.805         3.9251         2.5963
109  7.905         3.9468         2.6355
110  8.005         3.9697         2.6810
111  8.105         3.9932         2.7133
112  8.205         4.0173         2.7499
113  8.305         4.0422         2.7886
114  8.405         4.0676         2.8220
115  8.505         4.0944         2.8713
116  8.605         4.1230         2.9281
117  8.705         4.1538         2.9883
118  8.805         4.1886         3.0760
119  8.905         4.2266         3.1492
120  9.005         4.2631         3.1690
121  9.105         4.2989         3.1974
122  9.205         4.3332         3.2141
123  9.305         4.3669         3.2399
124  9.405         4.3992         3.2551
125  9.505         4.4303         3.2691
126  9.605         4.4612         3.2989
127  9.705         4.4916         3.3205
128  9.805         4.5199         3.3205
129  9.905         4.5473         3.3330
130 10.005         4.5752         3.3698
131 10.105         4.6028         3.3927
132 10.205         4.6300         3.4120
133 10.305         4.6565         3.4291
134 10.405         4.6821         3.4409
135 10.505         4.7070         3.4531
136 10.605         4.7311         3.4633
137 10.705         4.7544         3.4720
138 10.805         4.7766         3.4744
139 10.905         4.7979         3.4775
140 11.005         4.8182         3.4780
141 11.105         4.8375         3.4754
142 11.205         4.8559         3.4732
143 11.305         4.8736         3.4745
144 11.405         4.8907         3.4789
145 11.505         4.9073         3.4796
146 11.605         4.9233         3.4825
147 11.705         4.9390         3.4906
148 11.805         4.9546         3.5012
149 11.905         4.9698         3.5076
150 12.005         4.9849         3.5179
151 12.105         5.0000         3.5331


#AGE=10.000 BINS=152 Power-law IMF: x=-2.350
# N  sdss_r       Log10(N)       Log10(dN)
  1 -2.822        -0.8696        -0.8696
  2 -2.722        -0.5630        -0.8586
  3 -2.622        -0.3880        -0.8672
  4 -2.522        -0.2476        -0.8064
  5 -2.422        -0.1366        -0.7835
  6 -2.322        -0.0492        -0.7881
  7 -2.222         0.0342        -0.7236
  8 -2.122         0.1081        -0.6974
  9 -2.022         0.1732        -0.6834
 10 -1.922         0.2321        -0.6645
 11 -1.822         0.2896        -0.6172
 12 -1.722         0.3432        -0.5917
 13 -1.622         0.3946        -0.5580
 14 -1.522         0.4427        -0.5361
 15 -1.422         0.4892        -0.5049
 16 -1.322         0.5333        -0.4814
 17 -1.222         0.5778        -0.4343
 18 -1.122         0.6448        -0.1996
 19 -1.022         0.6937        -0.2793
 20 -0.922         0.7341        -0.3167
 21 -0.822         0.7824        -0.1954
 22 -0.722         0.8332        -0.1240
 23 -0.622         0.8720        -0.1966
 24 -0.522         0.9079        -0.1930
 25 -0.422         0.9429        -0.1678
 26 -0.322         0.9772        -0.1424
 27 -0.222         1.0117        -0.1053
 28 -0.122         1.0461        -0.0717
 29 -0.022         1.0800        -0.0444
 30  0.078         1.1140        -0.0102
 31  0.178         1.1479         0.0242
 32  0.278         1.1818         0.0573
 33  0.378         1.2154         0.0877
 34  0.478         1.2491         0.1222
 35  0.578         1.2828         0.1551
 36  0.678         1.3165         0.1892
 37  0.778         1.3501         0.2220
 38  0.878         1.3836         0.2545
 39  0.978         1.4172         0.2892
 40  1.078         1.4509         0.3245
 41  1.178         1.4849         0.3609
 42  1.278         1.5188         0.3953
 43  1.378         1.5531         0.4336
 44  1.478         1.5883         0.4792
 45  1.578         1.6246         0.5285
 46  1.678         1.6606         0.5609
 47  1.778         1.6968         0.5997
 48  1.878         1.7317         0.6195
 49  1.978         1.7648         0.6309
 50  2.078         1.7963         0.6409
 51  2.178         1.8262         0.6492
 52  2.278         1.8553         0.6668
 53  2.378         1.8849         0.7033
 54  2.478         1.9179         0.7830
 55  2.578         1.9622         0.9482
 56  2.678         2.0134         1.0600
 57  2.778         2.0645         1.1098
 58  2.878         2.1170         1.1732
 59  2.978         2.1732         1.2575
 60  3.078         2.2337         1.3477
 61  3.178         2.2965         1.4256
 62  3.278         2.3600         1.4937
 63  3.378         2.4230         1.5533
 64  3.478         2.4850         1.6088
 65  3.578         2.5460         1.6635
 66  3.678         2.6057         1.7145
 67  3.778         2.6633         1.7577
 68  3.878         2.7174         1.7861
 69  3.978         2.7678         1.8072
 70  4.078         2.8151         1.8290
 71  4.178         2.8600         1.8517
 72  4.278         2.9028         1.8758
 73  4.378         2.9442         1.9029
 74  4.478         2.9843         1.9293
 75  4.578         3.0232         1.9564
 76  4.678         3.0613         1.9856
 77  4.778         3.0988         2.0165
 78  4.878         3.1360         2.0504
 79  4.978         3.1728         2.0825
 80  5.078         3.2082         2.1010
 81  5.178         3.2423         2.1205
 82  5.278         3.2756         2.1438
 83  5.378         3.3078         2.1626
 84  5.478         3.3391         2.1804
 85  5.578         3.3693         2.1967
 86  5.678         3.3987         2.2147
 87  5.778         3.4274         2.2327
 88  5.878         3.4552         2.2480
 89  5.978         3.4821         2.2615
 90  6.078         3.5083         2.2751
 91  6.178         3.5338         2.2896
 92  6.278         3.5586         2.3038
 93  6.378         3.5829         2.3188
 94  6.478         3.6065         2.3300
 95  6.578         3.6295         2.3410
 96  6.678         3.6519         2.3531
 97  6.778         3.6738         2.3666
 98  6.878         3.6954         2.3816
 99  6.978         3.7167         2.3950
100  7.078         3.7375         2.4090
101  7.178         3.7581         2.4232
102  7.278         3.7786         2.4417
103  7.378         3.7991         2.4635
104  7.478         3.8195         2.4810
105  7.578         3.8398         2.4995
106  7.678         3.8610         2.5401
107  7.778         3.8824         2.5636
108  7.878         3.9044         2.5970
109  7.978         3.9273         2.6391
110  8.078         3.9513         2.6812
111  8.178         3.9763         2.7235
112  8.278         4.0013         2.7498
113  8.378         4.0267         2.7813
114  8.478         4.0532         2.8253
115  8.578         4.0814         2.8797
116  8.678         4.1124         2.9509
117  8.778         4.1456         3.0127
118  8.878         4.1846         3.1180
119  8.978         4.2221         3.1394
120  9.078         4.2589         3.1688
121  9.178         4.2944         3.1895
122  9.278         4.3286         3.2075
123  9.378         4.3617         3.2270
124  9.478         4.3939         3.2482
125  9.578         4.4258         3.2763
126  9.678         4.4565         3.2906
127  9.778         4.4849         3.2863
128  9.878         4.5128         3.3063
129  9.978         4.5412         3.3433
130 10.078         4.5692         3.3641
131 10.178         4.5967         3.3842
132 10.278         4.6234         3.3996
133 10.378         4.6493         3.4112
134 10.478         4.6743         3.4231
135 10.578         4.6986         3.4343
136 10.678         4.7220         3.4414
137 10.778         4.7445         3.4473
138 10.878         4.7660         3.4496
139 10.978         4.7864         3.4480
140 11.078         4.8058         3.4478
141 11.178         4.8245         3.4487
142 11.278         4.8424         3.4485
143 11.378         4.8596         3.4477
144 11.478         4.8762         3.4513
145 11.579         4.8925         3.4589
146 11.678         4.9083         3.4621
147 11.778         4.9238         3.4680
148 11.878         4.9392         3.4797
149 11.978         4.9545         3.4950
150 12.079         4.9697         3.5068
151 12.178         4.9849         3.5198
152 12.278         5.0000         3.5344


#AGE=11.000 BINS=151 Power-law IMF: x=-2.350
# N  sdss_r       Log10(N)       Log10(dN)
  1 -2.932        -0.9781        -0.9781
  2 -2.832        -0.6167        -0.8647
  3 -2.732        -0.4205        -0.8601
  4 -2.632        -0.2754        -0.8222
  5 -2.532        -0.1612        -0.7972
  6 -2.432        -0.0670        -0.7768
  7 -2.332         0.0163        -0.7417
  8 -2.232         0.0917        -0.7059
  9 -2.132         0.1580        -0.6911
 10 -2.032         0.2189        -0.6644
 11 -1.932         0.2751        -0.6407
 12 -1.832         0.3302        -0.5937
 13 -1.732         0.3812        -0.5744
 14 -1.632         0.4309        -0.5355
 15 -1.532         0.4773        -0.5166
 16 -1.432         0.5215        -0.4928
 17 -1.332         0.5651        -0.4551
 18 -1.232         0.6069        -0.4298
 19 -1.132         0.6552        -0.3230
 20 -1.032         0.7176        -0.1555
 21 -0.932         0.7593        -0.2791
 22 -0.832         0.7985        -0.2658
 23 -0.732         0.8512        -0.0911
 24 -0.632         0.8947        -0.1258
 25 -0.532         0.9307        -0.1682
 26 -0.432         0.9661        -0.1412
 27 -0.332         1.0003        -0.1197
 28 -0.232         1.0345        -0.0863
 29 -0.132         1.0684        -0.0565
 30 -0.032         1.1020        -0.0255
 31  0.068         1.1360         0.0121
 32  0.168         1.1699         0.0464
 33  0.268         1.2035         0.0749
 34  0.368         1.2371         0.1093
 35  0.468         1.2709         0.1454
 36  0.568         1.3046         0.1771
 37  0.668         1.3381         0.2088
 38  0.768         1.3718         0.2451
 39  0.868         1.4052         0.2742
 40  0.968         1.4389         0.3123
 41  1.068         1.4729         0.3497
 42  1.168         1.5066         0.3794
 43  1.268         1.5408         0.4197
 44  1.368         1.5750         0.4543
 45  1.468         1.6095         0.4930
 46  1.568         1.6452         0.5420
 47  1.668         1.6817         0.5889
 48  1.768         1.7183         0.6259
 49  1.868         1.7550         0.6632
 50  1.968         1.7905         0.6850
 51  2.068         1.8242         0.6973
 52  2.168         1.8560         0.7049
 53  2.268         1.8862         0.7134
 54  2.368         1.9154         0.7286
 55  2.468         1.9447         0.7589
 56  2.568         1.9762         0.8212
 57  2.668         2.0158         0.9566
 58  2.768         2.0645         1.0898
 59  2.868         2.1133         1.1394
 60  2.968         2.1649         1.2147
 61  3.068         2.2182         1.2803
 62  3.168         2.2751         1.3646
 63  3.268         2.3353         1.4470
 64  3.368         2.3963         1.5139
 65  3.468         2.4569         1.5717
 66  3.568         2.5164         1.6241
 67  3.668         2.5749         1.6747
 68  3.768         2.6322         1.7245
 69  3.868         2.6877         1.7669
 70  3.968         2.7404         1.7986
 71  4.068         2.7899         1.8221
 72  4.168         2.8369         1.8479
 73  4.268         2.8818         1.8742
 74  4.368         2.9254         1.9054
 75  4.468         2.9677         1.9349
 76  4.568         3.0088         1.9645
 77  4.668         3.0490         1.9959
 78  4.768         3.0884         2.0265
 79  4.868         3.1274         2.0615
 80  4.968         3.1658         2.0928
 81  5.068         3.2026         2.1121
 82  5.168         3.2383         2.1358
 83  5.268         3.2731         2.1602
 84  5.368         3.3069         2.1809
 85  5.468         3.3395         2.1988
 86  5.568         3.3711         2.2173
 87  5.668         3.4018         2.2362
 88  5.768         3.4317         2.2550
 89  5.868         3.4607         2.2709
 90  5.968         3.4887         2.2842
 91  6.068         3.5160         2.2996
 92  6.168         3.5424         2.3140
 93  6.268         3.5682         2.3296
 94  6.368         3.5934         2.3438
 95  6.468         3.6179         2.3561
 96  6.568         3.6416         2.3680
 97  6.668         3.6648         2.3797
 98  6.768         3.6875         2.3945
 99  6.868         3.7098         2.4099
100  6.968         3.7317         2.4230
101  7.068         3.7531         2.4359
102  7.168         3.7743         2.4516
103  7.268         3.7954         2.4709
104  7.368         3.8165         2.4931
105  7.468         3.8373         2.5079
106  7.568         3.8584         2.5337
107  7.668         3.8800         2.5666
108  7.768         3.9019         2.5937
109  7.868         3.9243         2.6260
110  7.968         3.9478         2.6679
111  8.068         3.9720         2.7057
112  8.168         3.9973         2.7506
113  8.268         4.0231         2.7844
114  8.368         4.0487         2.8070
115  8.468         4.0754         2.8509
116  8.568         4.1038         2.9044
117  8.668         4.1346         2.9707
118  8.768         4.1675         3.0306
119  8.868         4.2070         3.1459
120  8.968         4.2453         3.1718
121  9.068         4.2829         3.2013
122  9.168         4.3188         3.2185
123  9.268         4.3538         3.2430
124  9.368         4.3880         3.2668
125  9.468         4.4203         3.2758
126  9.568         4.4516         3.2932
127  9.668         4.4826         3.3206
128  9.768         4.5128         3.3405
129  9.868         4.5418         3.3519
130  9.968         4.5700         3.3690
131 10.068         4.5982         3.3965
132 10.168         4.6260         3.4175
133 10.268         4.6529         3.4314
134 10.368         4.6790         3.4458
135 10.468         4.7042         3.4552
136 10.568         4.7285         3.4641
137 10.668         4.7519         3.4722
138 10.768         4.7744         3.4774
139 10.868         4.7959         3.4790
140 10.968         4.8164         3.4805
141 11.068         4.8359         3.4795
142 11.168         4.8545         3.4771
143 11.268         4.8724         3.4780
144 11.368         4.8898         3.4824
145 11.468         4.9065         3.4838
146 11.568         4.9227         3.4869
147 11.668         4.9386         3.4947
148 11.768         4.9543         3.5044
149 11.868         4.9697         3.5102
150 11.968         4.9848         3.5204
151 12.068         5.0000         3.5358


#AGE=12.000 BINS=152 Power-law IMF: x=-2.350
# N  sdss_r       Log10(N)       Log10(dN)
  1 -2.887        -0.9588        -0.9588
  2 -2.787        -0.6315        -0.9078
  3 -2.687        -0.4415        -0.8922
  4 -2.587        -0.3032        -0.8672
  5 -2.487        -0.1872        -0.8174
  6 -2.387        -0.0948        -0.8124
  7 -2.287        -0.0104        -0.7630
  8 -2.187         0.0580        -0.7790
  9 -2.087         0.1243        -0.7244
 10 -1.987         0.1830        -0.7152
 11 -1.887         0.2413        -0.6595
 12 -1.787         0.2954        -0.6357
 13 -1.687         0.3471        -0.6032
 14 -1.587         0.3951        -0.5856
 15 -1.487         0.4428        -0.5398
 16 -1.387         0.4883        -0.5144
 17 -1.287         0.5308        -0.4995
 18 -1.187         0.5727        -0.4634
 19 -1.087         0.6204        -0.3621
 20 -0.987         0.6816        -0.2001
 21 -0.887         0.7237        -0.3104
 22 -0.787         0.7621        -0.3110
 23 -0.687         0.8132        -0.1409
 24 -0.587         0.8580        -0.1512
 25 -0.487         0.8953        -0.1893
 26 -0.387         0.9303        -0.1799
 27 -0.287         0.9648        -0.1523
 28 -0.187         0.9991        -0.1209
 29 -0.087         1.0329        -0.0925
 30  0.013         1.0668        -0.0575
 31  0.113         1.1007        -0.0243
 32  0.213         1.1346         0.0099
 33  0.313         1.1684         0.0437
 34  0.413         1.2024         0.0790
 35  0.513         1.2364         0.1124
 36  0.613         1.2699         0.1413
 37  0.713         1.3035         0.1756
 38  0.813         1.3374         0.2125
 39  0.913         1.3712         0.2460
 40  1.013         1.4051         0.2798
 41  1.113         1.4392         0.3181
 42  1.213         1.4733         0.3508
 43  1.313         1.5075         0.3873
 44  1.413         1.5420         0.4249
 45  1.513         1.5768         0.4625
 46  1.613         1.6123         0.5078
 47  1.713         1.6491         0.5581
 48  1.813         1.6863         0.6015
 49  1.913         1.7233         0.6352
 50  2.013         1.7600         0.6683
 51  2.113         1.7948         0.6815
 52  2.213         1.8276         0.6894
 53  2.313         1.8586         0.6972
 54  2.413         1.8883         0.7083
 55  2.513         1.9175         0.7302
 56  2.613         1.9473         0.7696
 57  2.713         1.9809         0.8523
 58  2.813         2.0227         0.9857
 59  2.913         2.0697         1.0806
 60  3.013         2.1179         1.1387
 61  3.113         2.1693         1.2175
 62  3.213         2.2235         1.2927
 63  3.313         2.2788         1.3563
 64  3.413         2.3379         1.4426
 65  3.513         2.3976         1.5061
 66  3.613         2.4566         1.5604
 67  3.713         2.5146         1.6116
 68  3.813         2.5719         1.6640
 69  3.913         2.6280         1.7114
 70  4.013         2.6827         1.7559
 71  4.113         2.7344         1.7850
 72  4.213         2.7838         1.8146
 73  4.313         2.8310         1.8443
 74  4.413         2.8767         1.8758
 75  4.513         2.9207         1.9048
 76  4.613         2.9634         1.9349
 77  4.713         3.0052         1.9673
 78  4.813         3.0463         2.0025
 79  4.913         3.0867         2.0357
 80  5.013         3.1257         2.0590
 81  5.113         3.1634         2.0834
 82  5.213         3.2003         2.1105
 83  5.313         3.2360         2.1338
 84  5.413         3.2707         2.1555
 85  5.513         3.3042         2.1747
 86  5.613         3.3366         2.1945
 87  5.713         3.3683         2.2150
 88  5.813         3.3989         2.2320
 89  5.913         3.4285         2.2467
 90  6.013         3.4571         2.2620
 91  6.113         3.4849         2.2773
 92  6.213         3.5120         2.2935
 93  6.313         3.5384         2.3090
 94  6.413         3.5640         2.3225
 95  6.513         3.5889         2.3341
 96  6.613         3.6131         2.3473
 97  6.713         3.6368         2.3612
 98  6.813         3.6600         2.3768
 99  6.913         3.6827         2.3904
100  7.013         3.7050         2.4031
101  7.113         3.7269         2.4183
102  7.213         3.7485         2.4361
103  7.313         3.7702         2.4573
104  7.413         3.7919         2.4800
105  7.513         3.8131         2.4911
106  7.613         3.8350         2.5262
107  7.713         3.8574         2.5597
108  7.813         3.8800         2.5849
109  7.913         3.9035         2.6253
110  8.013         3.9281         2.6676
111  8.113         3.9528         2.6963
112  8.213         3.9787         2.7408
113  8.313         4.0049         2.7729
114  8.413         4.0314         2.8038
115  8.513         4.0594         2.8545
116  8.613         4.0890         2.9075
117  8.713         4.1205         2.9652
118  8.813         4.1570         3.0642
119  8.913         4.1970         3.1408
120  9.013         4.2356         3.1658
121  9.113         4.2733         3.1930
122  9.213         4.3095         3.2120
123  9.313         4.3443         3.2311
124  9.413         4.3779         3.2499
125  9.513         4.4108         3.2731
126  9.613         4.4432         3.3004
127  9.713         4.4741         3.3106
128  9.813         4.5025         3.3037
129  9.913         4.5306         3.3283
130 10.013         4.5596         3.3699
131 10.113         4.5880         3.3897
132 10.213         4.6159         3.4086
133 10.313         4.6428         3.4226
134 10.413         4.6686         3.4292
135 10.513         4.6934         3.4374
136 10.613         4.7173         3.4458
137 10.713         4.7402         3.4512
138 10.813         4.7622         3.4555
139 10.913         4.7831         3.4562
140 11.013         4.8031         3.4555
141 11.113         4.8222         3.4561
142 11.213         4.8405         3.4567
143 11.313         4.8581         3.4556
144 11.413         4.8750         3.4585
145 11.513         4.8916         3.4653
146 11.613         4.9077         3.4685
147 11.713         4.9234         3.4739
148 11.813         4.9390         3.4846
149 11.913         4.9544         3.4981
150 12.013         4.9697         3.5081
151 12.113         4.9848         3.5203
152 12.213         5.0000         3.5351


#AGE=13.000 BINS=154 Power-law IMF: x=-2.350
# N  sdss_r       Log10(N)       Log10(dN)
  1 -2.953         0.0147         0.0147
  2 -2.853         0.0570        -0.9757
  3 -2.753         0.0966        -0.9627
  4 -2.653         0.1354        -0.9329
  5 -2.553         0.1716        -0.9248
  6 -2.453         0.2119        -0.8413
  7 -2.353         0.2447        -0.8929
  8 -2.253         0.2803        -0.8242
  9 -2.153         0.3152        -0.7964
 10 -2.053         0.3493        -0.7730
 11 -1.953         0.3838        -0.7330
 12 -1.853         0.4166        -0.7215
 13 -1.753         0.4492        -0.6914
 14 -1.653         0.4826        -0.6488
 15 -1.553         0.5153        -0.6239
 16 -1.453         0.5544        -0.5112
 17 -1.353         0.5871        -0.5513
 18 -1.253         0.6189        -0.5321
 19 -1.153         0.6509        -0.4983
 20 -1.053         0.6852        -0.4347
 21 -0.953         0.7337        -0.2425
 22 -0.853         0.7684        -0.3456
 23 -0.753         0.8001        -0.3523
 24 -0.653         0.8405        -0.2106
 25 -0.553         0.8806        -0.1744
 26 -0.453         0.9128        -0.2337
 27 -0.353         0.9431        -0.2271
 28 -0.253         0.9737        -0.1940
 29 -0.153         1.0045        -0.1606
 30 -0.053         1.0350        -0.1340
 31  0.047         1.0656        -0.1004
 32  0.147         1.0969        -0.0614
 33  0.247         1.1280        -0.0332
 34  0.347         1.1590        -0.0022
 35  0.447         1.1904         0.0343
 36  0.547         1.2223         0.0728
 37  0.647         1.2542         0.1039
 38  0.747         1.2861         0.1363
 39  0.847         1.3182         0.1711
 40  0.947         1.3504         0.2041
 41  1.047         1.3829         0.2411
 42  1.147         1.4158         0.2788
 43  1.247         1.4489         0.3148
 44  1.347         1.4824         0.3520
 45  1.447         1.5155         0.3822
 46  1.547         1.5494         0.4244
 47  1.647         1.5839         0.4674
 48  1.747         1.6197         0.5170
 49  1.847         1.6566         0.5683
 50  1.947         1.6934         0.6029
 51  2.047         1.7303         0.6418
 52  2.147         1.7656         0.6578
 53  2.247         1.7990         0.6679
 54  2.347         1.8305         0.6759
 55  2.447         1.8605         0.6850
 56  2.547         1.8897         0.7017
 57  2.647         1.9187         0.7289
 58  2.747         1.9492         0.7816
 59  2.847         1.9850         0.8828
 60  2.947         2.0279         1.0015
 61  3.047         2.0736         1.0728
 62  3.147         2.1220         1.1449
 63  3.247         2.1739         1.2262
 64  3.347         2.2292         1.3062
 65  3.447         2.2851         1.3670
 66  3.547         2.3428         1.4379
 67  3.647         2.4015         1.5037
 68  3.747         2.4598         1.5590
 69  3.847         2.5174         1.6111
 70  3.947         2.5744         1.6648
 71  4.047         2.6309         1.7171
 72  4.147         2.6853         1.7558
 73  4.247         2.7367         1.7846
 74  4.347         2.7854         1.8113
 75  4.447         2.8322         1.8409
 76  4.547         2.8774         1.8725
 77  4.647         2.9214         1.9054
 78  4.747         2.9646         1.9406
 79  4.847         3.0070         1.9756
 80  4.947         3.0480         2.0025
 81  5.047         3.0876         2.0279
 82  5.147         3.1262         2.0563
 83  5.247         3.1639         2.0831
 84  5.347         3.2004         2.1075
 85  5.447         3.2358         2.1294
 86  5.547         3.2701         2.1509
 87  5.647         3.3035         2.1721
 88  5.747         3.3358         2.1916
 89  5.847         3.3670         2.2081
 90  5.947         3.3972         2.2234
 91  6.047         3.4264         2.2397
 92  6.147         3.4548         2.2562
 93  6.247         3.4824         2.2724
 94  6.347         3.5093         2.2875
 95  6.447         3.5354         2.3007
 96  6.547         3.5607         2.3135
 97  6.647         3.5853         2.3273
 98  6.747         3.6094         2.3420
 99  6.847         3.6332         2.3586
100  6.947         3.6562         2.3695
101  7.047         3.6788         2.3844
102  7.147         3.7012         2.4011
103  7.247         3.7234         2.4213
104  7.347         3.7456         2.4438
105  7.447         3.7674         2.4567
106  7.547         3.7895         2.4851
107  7.647         3.8121         2.5175
108  7.747         3.8350         2.5457
109  7.847         3.8584         2.5777
110  7.947         3.8826         2.6161
111  8.047         3.9076         2.6557
112  8.147         3.9333         2.6932
113  8.247         3.9596         2.7293
114  8.347         3.9864         2.7631
115  8.447         4.0139         2.8018
116  8.547         4.0430         2.8544
117  8.647         4.0716         2.8756
118  8.747         4.1051         2.9758
119  8.847         4.1447         3.0855
120  8.947         4.1847         3.1291
121  9.047         4.2238         3.1580
122  9.147         4.2611         3.1770
123  9.247         4.2974         3.2012
124  9.347         4.3328         3.2262
125  9.447         4.3671         3.2478
126  9.547         4.4004         3.2682
127  9.647         4.4320         3.2779
128  9.747         4.4616         3.2811
129  9.847         4.4908         3.3039
130  9.947         4.5199         3.3312
131 10.047         4.5486         3.3547
132 10.147         4.5771         3.3802
133 10.247         4.6048         3.3954
134 10.347         4.6312         3.4026
135 10.447         4.6567         3.4122
136 10.547         4.6812         3.4206
137 10.647         4.7047         3.4266
138 10.747         4.7273         3.4314
139 10.847         4.7488         3.4333
140 10.947         4.7694         3.4348
141 11.047         4.7890         3.4340
142 11.147         4.8077         3.4325
143 11.247         4.8257         3.4343
144 11.347         4.8431         3.4374
145 11.447         4.8599         3.4384
146 11.547         4.8762         3.4435
147 11.647         4.8923         3.4522
148 11.747         4.9079         3.4568
149 11.847         4.9233         3.4645
150 11.947         4.9386         3.4783
151 12.047         4.9540         3.4959
152 12.147         4.9694         3.5105
153 12.247         4.9847         3.5248
154 12.347         5.0000         3.5392
