#NUMBER OF AGES=15
#----------------------------------------------------       
#MIX-LEN  Y      Z          Zeff        [Fe/H] [a/Fe]       
# 1.9380  0.2459 5.4651E-04 5.4651E-04  -1.50   0.00        
#----------------------------------------------------       
#**PHOTOMETRIC SYSTEM**: SDSS (AB)                          
#----------------------------------------------------       
#AGE= 0.010 BINS=127 Power-law IMF: x=-2.350
# N  sdss_r       Log10(N)       Log10(dN)
  1 -1.752            NaN         0.0000
  2 -1.652            NaN         0.0000
  3 -1.552            NaN         0.0000
  4 -1.452            NaN         1.4633
  5 -1.352         0.4152         1.5516
  6 -1.252            NaN         1.5516
  7 -1.152            NaN         0.7570
  8 -1.052         0.8864         1.4740
  9 -0.952         1.6973         1.6243
 10 -0.852         2.0031         1.7068
 11 -0.752         2.1786         1.7002
 12 -0.652         2.2987         1.6818
 13 -0.552         2.3871         1.6525
 14 -0.452         2.4545         1.6124
 15 -0.352         2.5069         1.5624
 16 -0.252         2.5488         1.5121
 17 -0.152         2.5862         1.5023
 18 -0.052         2.6208         1.5049
 19  0.048         2.6545         1.5286
 20  0.148         2.6906         1.5925
 21  0.248         2.7276         1.6397
 22  0.348         2.7649         1.6796
 23  0.448         2.8035         1.7338
 24  0.548         2.8572         1.9227
 25  0.648         2.9094         1.9632
 26  0.748         2.9606         2.0068
 27  0.848         3.0144         2.0803
 28  0.948         3.0510         1.9588
 29  1.048         3.0834         1.9409
 30  1.148         3.1133         1.9356
 31  1.248         3.1411         1.9341
 32  1.348         3.1676         1.9396
 33  1.448         3.1934         1.9546
 34  1.548         3.2193         1.9812
 35  1.648         3.2458         2.0188
 36  1.748         3.2738         2.0687
 37  1.848         3.3593         2.6114
 38  1.948         3.4779         2.8562
 39  2.048         3.5104         2.3681
 40  2.148         3.5340         2.2577
 41  2.248         3.5524         2.1710
 42  2.348         3.5692         2.1485
 43  2.448         3.5849         2.1361
 44  2.548         3.6009         2.1570
 45  2.648         3.6168         2.1739
 46  2.748         3.6329         2.1924
 47  2.848         3.6492         2.2160
 48  2.948         3.6657         2.2385
 49  3.048         3.6827         2.2650
 50  3.148         3.6997         2.2850
 51  3.248         3.7174         2.3193
 52  3.348         3.7371         2.3836
 53  3.448         3.7544         2.3449
 54  3.548         3.7664         2.2028
 55  3.648         3.7785         2.2180
 56  3.748         3.7907         2.2337
 57  3.848         3.8030         2.2497
 58  3.948         3.8155         2.2661
 59  4.048         3.8280         2.2830
 60  4.148         3.8407         2.3002
 61  4.248         3.8536         2.3179
 62  4.348         3.8666         2.3360
 63  4.448         3.8797         2.3545
 64  4.548         3.8930         2.3735
 65  4.648         3.9066         2.3929
 66  4.748         3.9203         2.4130
 67  4.848         3.9342         2.4338
 68  4.948         3.9483         2.4514
 69  5.048         3.9623         2.4651
 70  5.148         3.9762         2.4749
 71  5.248         3.9899         2.4817
 72  5.348         4.0037         2.4985
 73  5.448         4.0173         2.5074
 74  5.548         4.0304         2.5034
 75  5.648         4.0427         2.4863
 76  5.748         4.0540         2.4663
 77  5.848         4.0649         2.4563
 78  5.948         4.0755         2.4576
 79  6.048         4.0861         2.4703
 80  6.148         4.0970         2.4908
 81  6.248         4.1028         2.2243
 82  6.348         4.1083         2.2064
 83  6.448         4.1140         2.2280
 84  6.548         4.1202         2.2733
 85  6.648         4.1270         2.3208
 86  6.748         4.1344         2.3612
 87  6.848         4.1407         2.2974
 88  6.948         4.1456         2.1959
 89  7.048         4.1519         2.3098
 90  7.148         4.1586         2.3453
 91  7.248         4.1674         2.4676
 92  7.348         4.1773         2.5311
 93  7.448         4.1882         2.5839
 94  7.548         4.2000         2.6273
 95  7.648         4.2130         2.6813
 96  7.748         4.2700         3.3599
 97  7.848         4.3255         3.4047
 98  7.948         4.3753         3.4105
 99  8.048         4.4197         3.4071
100  8.148         4.4588         3.3933
101  8.248         4.4923         3.3629
102  8.348         4.5214         3.3338
103  8.448         4.5470         3.3052
104  8.548         4.5699         3.2803
105  8.648         4.5911         3.2685
106  8.748         4.6114         3.2711
107  8.848         4.6317         3.2906
108  8.948         4.6527         3.3266
109  9.048         4.6737         3.3483
110  9.148         4.6939         3.3517
111  9.248         4.7114         3.3080
112  9.348         4.7304         3.3614
113  9.448         4.7494         3.3803
114  9.548         4.7683         3.3990
115  9.648         4.7873         3.4182
116  9.748         4.8061         3.4333
117  9.848         4.8247         3.4477
118  9.948         4.8432         3.4617
119 10.048         4.8614         3.4754
120 10.148         4.8794         3.4887
121 10.248         4.8973         3.5016
122 10.348         4.9149         3.5141
123 10.448         4.9322         3.5256
124 10.548         4.9493         3.5359
125 10.648         4.9663         3.5485
126 10.748         4.9831         3.5636
127 10.848         5.0000         3.5815


#AGE= 0.100 BINS=125 Power-law IMF: x=-2.350
# N  sdss_r       Log10(N)       Log10(dN)
  1 -1.443            NaN         3.5815
  2 -1.343            NaN         3.5815
  3 -1.243            NaN         3.5815
  4 -1.143            NaN         3.5815
  5 -1.043            NaN         3.5815
  6 -0.943            NaN         3.5815
  7 -0.843            NaN         1.4259
  8 -0.743            NaN         1.6184
  9 -0.643            NaN         1.7604
 10 -0.543         1.3379         1.7661
 11 -0.443         1.8947         1.7535
 12 -0.343         2.1195         1.7261
 13 -0.243         2.2553         1.6842
 14 -0.143         2.3479         1.6314
 15 -0.043         2.4189         1.5973
 16  0.057         2.4786         1.5874
 17  0.157         2.5325         1.5995
 18  0.257         2.5870         1.6583
 19  0.357         2.6400         1.7002
 20  0.457         2.6903         1.7298
 21  0.557         2.7437         1.8066
 22  0.657         2.8092         1.9557
 23  0.757         2.8688         1.9761
 24  0.857         2.9245         2.0050
 25  0.957         2.9813         2.0697
 26  1.057         3.0303         2.0592
 27  1.157         3.0673         1.9793
 28  1.257         3.1006         1.9683
 29  1.357         3.1312         1.9635
 30  1.457         3.1599         1.9664
 31  1.557         3.1877         1.9800
 32  1.657         3.2153         2.0046
 33  1.757         3.2435         2.0414
 34  1.857         3.2732         2.0940
 35  1.957         3.3476         2.5448
 36  2.057         3.4653         2.8408
 37  2.157         3.4975         2.3519
 38  2.257         3.5226         2.2708
 39  2.357         3.5424         2.1921
 40  2.457         3.5602         2.1633
 41  2.557         3.5764         2.1411
 42  2.657         3.5925         2.1515
 43  2.757         3.6086         2.1718
 44  2.857         3.6248         2.1881
 45  2.957         3.6413         2.2111
 46  3.057         3.6579         2.2336
 47  3.157         3.6750         2.2599
 48  3.257         3.6922         2.2820
 49  3.357         3.7101         2.3156
 50  3.457         3.7298         2.3780
 51  3.557         3.7468         2.3312
 52  3.657         3.7590         2.2024
 53  3.757         3.7713         2.2174
 54  3.857         3.7837         2.2328
 55  3.957         3.7962         2.2486
 56  4.057         3.8088         2.2648
 57  4.157         3.8215         2.2814
 58  4.257         3.8344         2.2985
 59  4.357         3.8473         2.3160
 60  4.457         3.8604         2.3339
 61  4.557         3.8737         2.3522
 62  4.657         3.8871         2.3710
 63  4.757         3.9008         2.3902
 64  4.857         3.9146         2.4099
 65  4.957         3.9286         2.4310
 66  5.057         3.9428         2.4497
 67  5.157         3.9570         2.4641
 68  5.257         3.9710         2.4744
 69  5.357         3.9849         2.4806
 70  5.457         3.9987         2.4958
 71  5.557         4.0124         2.5056
 72  5.657         4.0257         2.5021
 73  5.757         4.0380         2.4855
 74  5.857         4.0495         2.4659
 75  5.957         4.0604         2.4568
 76  6.057         4.0712         2.4595
 77  6.157         4.0820         2.4741
 78  6.257         4.0931         2.4935
 79  6.357         4.1041         2.5037
 80  6.457         4.1109         2.3018
 81  6.557         4.1166         2.2299
 82  6.657         4.1225         2.2561
 83  6.757         4.1291         2.3039
 84  6.857         4.1362         2.3469
 85  6.957         4.1418         2.2469
 86  7.057         4.1470         2.2214
 87  7.157         4.1528         2.2779
 88  7.257         4.1600         2.3795
 89  7.357         4.1690         2.4779
 90  7.457         4.1791         2.5406
 91  7.557         4.1902         2.5930
 92  7.657         4.2023         2.6394
 93  7.757         4.2157         2.7005
 94  7.857         4.2300         2.7413
 95  7.957         4.2858         3.3664
 96  8.057         4.3439         3.4416
 97  8.157         4.3971         3.4592
 98  8.257         4.4412         3.4255
 99  8.357         4.4776         3.3827
100  8.457         4.5085         3.3465
101  8.557         4.5356         3.3160
102  8.657         4.5597         3.2917
103  8.757         4.5818         3.2788
104  8.857         4.6033         3.2869
105  8.957         4.6251         3.3145
106  9.057         4.6475         3.3489
107  9.157         4.6690         3.3526
108  9.257         4.6881         3.3222
109  9.357         4.7070         3.3355
110  9.457         4.7265         3.3705
111  9.557         4.7459         3.3864
112  9.657         4.7653         3.4038
113  9.757         4.7846         3.4228
114  9.857         4.8037         3.4394
115  9.957         4.8227         3.4538
116 10.057         4.8415         3.4678
117 10.157         4.8600         3.4813
118 10.257         4.8784         3.4943
119 10.357         4.8964         3.5068
120 10.457         4.9143         3.5188
121 10.557         4.9318         3.5297
122 10.657         4.9491         3.5390
123 10.757         4.9661         3.5508
124 10.857         4.9830         3.5657
125 10.957         5.0000         3.5839


#AGE= 1.000 BINS=132 Power-law IMF: x=-2.350
# N  sdss_r       Log10(N)       Log10(dN)
  1 -1.055         0.1194         0.1194
  2 -0.955         0.4356         0.1493
  3 -0.855         0.6210         0.1618
  4 -0.755         0.7526         0.1700
  5 -0.655         0.8551         0.1777
  6 -0.555         0.9392         0.1848
  7 -0.455         1.0104         0.1904
  8 -0.355         1.0722         0.1948
  9 -0.255         1.1263         0.1951
 10 -0.155         1.1744         0.1948
 11 -0.055         1.2173         0.1907
 12  0.045         1.2557         0.1835
 13  0.145         1.2905         0.1763
 14  0.245         1.3223         0.1707
 15  0.345         1.3515         0.1647
 16  0.445         1.4908         0.9294
 17  0.545         1.5557         0.6977
 18  0.645         1.6140         0.7130
 19  0.745         1.6416         0.4324
 20  0.845         1.6730         0.5164
 21  0.945         1.7079         0.5955
 22  1.045         1.7384         0.5690
 23  1.145         1.7532         0.2783
 24  1.245         1.7587        -0.1368
 25  1.345         1.9737         1.5652
 26  1.445         2.1198         1.5757
 27  1.545         2.2306         1.5832
 28  1.645         2.3272         1.6269
 29  1.745         2.4146         1.6754
 30  1.845         2.4906         1.6964
 31  1.945         2.5657         1.7666
 32  2.045         2.6508         1.9011
 33  2.145         2.7270         1.9333
 34  2.245         2.7965         1.9662
 35  2.345         2.8628         2.0143
 36  2.445         2.9292         2.0808
 37  2.545         2.9841         2.0588
 38  2.645         3.0398         2.1200
 39  2.745         3.0961         2.1813
 40  2.845         3.1424         2.1466
 41  2.945         3.1858         2.1642
 42  3.045         3.2264         2.1773
 43  3.145         3.2643         2.1866
 44  3.245         3.2977         2.1672
 45  3.345         3.3268         2.1377
 46  3.445         3.3543         2.1421
 47  3.545         3.3808         2.1533
 48  3.645         3.4055         2.1471
 49  3.745         3.4293         2.1564
 50  3.845         3.4531         2.1815
 51  3.945         3.4759         2.1844
 52  4.045         3.4978         2.1890
 53  4.145         3.5191         2.1997
 54  4.245         3.5400         2.2113
 55  4.345         3.5605         2.2249
 56  4.445         3.5809         2.2420
 57  4.545         3.6010         2.2564
 58  4.645         3.6206         2.2647
 59  4.745         3.6395         2.2693
 60  4.845         3.6581         2.2805
 61  4.945         3.6766         2.2971
 62  5.045         3.6950         2.3127
 63  5.145         3.7132         2.3275
 64  5.245         3.7313         2.3413
 65  5.345         3.7492         2.3542
 66  5.445         3.7668         2.3662
 67  5.545         3.7841         2.3773
 68  5.645         3.8012         2.3874
 69  5.745         3.8180         2.3965
 70  5.845         3.8344         2.4046
 71  5.945         3.8505         2.4117
 72  6.045         3.8663         2.4177
 73  6.145         3.8816         2.4225
 74  6.245         3.8966         2.4262
 75  6.345         3.9112         2.4318
 76  6.445         3.9256         2.4392
 77  6.545         3.9397         2.4431
 78  6.645         3.9534         2.4459
 79  6.745         3.9668         2.4491
 80  6.845         3.9798         2.4495
 81  6.945         3.9924         2.4489
 82  7.045         4.0049         2.4577
 83  7.145         4.0174         2.4691
 84  7.245         4.0298         2.4797
 85  7.345         4.0422         2.4901
 86  7.445         4.0543         2.4948
 87  7.545         4.0664         2.5036
 88  7.645         4.0785         2.5182
 89  7.745         4.0909         2.5411
 90  7.845         4.1036         2.5641
 91  7.945         4.1166         2.5842
 92  8.045         4.1296         2.6015
 93  8.145         4.1431         2.6293
 94  8.245         4.1571         2.6585
 95  8.345         4.1719         2.6961
 96  8.445         4.1874         2.7335
 97  8.545         4.2036         2.7650
 98  8.645         4.2205         2.8028
 99  8.745         4.2386         2.8489
100  8.845         4.2581         2.9010
101  8.945         4.2793         2.9567
102  9.045         4.3018         3.0057
103  9.145         4.3254         3.0480
104  9.245         4.3495         3.0830
105  9.345         4.3740         3.1119
106  9.445         4.3961         3.0931
107  9.545         4.4198         3.1440
108  9.645         4.4458         3.2108
109  9.745         4.4731         3.2573
110  9.845         4.5016         3.3055
111  9.945         4.5306         3.3406
112 10.045         4.5590         3.3603
113 10.145         4.5864         3.3727
114 10.245         4.6135         3.3950
115 10.345         4.6402         3.4153
116 10.445         4.6663         3.4334
117 10.545         4.6919         3.4490
118 10.645         4.7168         3.4621
119 10.745         4.7409         3.4741
120 10.845         4.7646         3.4900
121 10.945         4.7878         3.5040
122 11.045         4.8104         3.5152
123 11.145         4.8323         3.5238
124 11.245         4.8534         3.5297
125 11.345         4.8738         3.5344
126 11.445         4.8935         3.5409
127 11.545         4.9126         3.5469
128 11.645         4.9312         3.5523
129 11.745         4.9491         3.5564
130 11.845         4.9663         3.5556
131 11.945         4.9831         3.5629
132 12.045         5.0000         3.5809


#AGE= 2.000 BINS=153 Power-law IMF: x=-2.350
# N  sdss_r       Log10(N)       Log10(dN)
  1 -2.828        -0.4809        -0.4809
  2 -2.728        -0.1703        -0.4620
  3 -2.628         0.0160        -0.4413
  4 -2.528         0.1532        -0.4142
  5 -2.428         0.2630        -0.3879
  6 -2.328         0.3556        -0.3611
  7 -2.228         0.4358        -0.3370
  8 -2.128         0.5078        -0.3086
  9 -2.028         0.5734        -0.2797
 10 -1.928         0.6334        -0.2554
 11 -1.828         0.6893        -0.2291
 12 -1.728         0.7422        -0.1980
 13 -1.628         0.7920        -0.1730
 14 -1.528         0.8396        -0.1447
 15 -1.428         0.8848        -0.1203
 16 -1.328         0.9280        -0.0954
 17 -1.228         1.0353         0.3756
 18 -1.128         1.1301         0.4227
 19 -1.028         1.1619         0.0096
 20 -0.928         1.1927         0.0290
 21 -0.828         1.2230         0.0511
 22 -0.728         1.2531         0.0798
 23 -0.628         1.2831         0.1073
 24 -0.528         1.3129         0.1337
 25 -0.428         1.3425         0.1615
 26 -0.328         1.3719         0.1886
 27 -0.228         1.4014         0.2186
 28 -0.128         1.4308         0.2468
 29 -0.028         1.4602         0.2764
 30  0.072         1.4896         0.3056
 31  0.172         1.5190         0.3344
 32  0.272         1.5482         0.3616
 33  0.372         1.5774         0.3893
 34  0.472         1.6065         0.4192
 35  0.572         1.6356         0.4467
 36  0.672         1.6651         0.4822
 37  0.772         1.6945         0.5111
 38  0.872         1.7243         0.5464
 39  0.972         1.7548         0.5858
 40  1.072         1.7842         0.6000
 41  1.172         1.8128         0.6163
 42  1.272         1.8975         1.1461
 43  1.372         2.0033         1.3383
 44  1.472         2.0615         1.1593
 45  1.572         2.0954         0.9711
 46  1.672         2.1350         1.0754
 47  1.772         2.1816         1.1896
 48  1.872         2.2356         1.3032
 49  1.972         2.2963         1.4116
 50  2.072         2.3625         1.5130
 51  2.172         2.4317         1.5998
 52  2.272         2.5009         1.6692
 53  2.372         2.5708         1.7429
 54  2.472         2.6410         1.8151
 55  2.572         2.7092         1.8717
 56  2.672         2.7750         1.9223
 57  2.772         2.8377         1.9667
 58  2.872         2.8961         1.9955
 59  2.972         2.9498         2.0159
 60  3.072         2.9982         2.0210
 61  3.172         3.0401         2.0042
 62  3.272         3.0786         2.0063
 63  3.372         3.1153         2.0247
 64  3.472         3.1504         2.0396
 65  3.572         3.1828         2.0404
 66  3.672         3.2145         2.0618
 67  3.772         3.2456         2.0854
 68  3.872         3.2751         2.0914
 69  3.972         3.3032         2.1003
 70  4.072         3.3303         2.1120
 71  4.172         3.3567         2.1277
 72  4.272         3.3828         2.1490
 73  4.372         3.4086         2.1690
 74  4.472         3.4336         2.1820
 75  4.572         3.4576         2.1882
 76  4.672         3.4806         2.1927
 77  4.772         3.5031         2.2074
 78  4.872         3.5257         2.2296
 79  4.972         3.5484         2.2553
 80  5.072         3.5709         2.2753
 81  5.172         3.5925         2.2786
 82  5.272         3.6133         2.2813
 83  5.372         3.6333         2.2883
 84  5.472         3.6530         2.2996
 85  5.572         3.6725         2.3135
 86  5.672         3.6915         2.3251
 87  5.772         3.7103         2.3353
 88  5.872         3.7286         2.3441
 89  5.972         3.7465         2.3532
 90  6.072         3.7641         2.3622
 91  6.172         3.7812         2.3686
 92  6.272         3.7979         2.3751
 93  6.372         3.8142         2.3809
 94  6.472         3.8301         2.3851
 95  6.572         3.8456         2.3898
 96  6.672         3.8606         2.3925
 97  6.772         3.8752         2.3945
 98  6.872         3.8894         2.3977
 99  6.972         3.9033         2.3992
100  7.072         3.9169         2.4062
101  7.172         3.9306         2.4233
102  7.272         3.9442         2.4334
103  7.372         3.9576         2.4397
104  7.472         3.9707         2.4443
105  7.572         3.9837         2.4537
106  7.672         3.9969         2.4725
107  7.772         4.0104         2.4981
108  7.872         4.0243         2.5208
109  7.972         4.0383         2.5399
110  8.072         4.0526         2.5639
111  8.172         4.0673         2.5891
112  8.272         4.0827         2.6246
113  8.372         4.0988         2.6596
114  8.472         4.1155         2.6913
115  8.572         4.1327         2.7216
116  8.672         4.1509         2.7653
117  8.772         4.1707         2.8189
118  8.872         4.1923         2.8778
119  8.972         4.2155         2.9326
120  9.072         4.2403         2.9836
121  9.172         4.2663         3.0309
122  9.272         4.2933         3.0744
123  9.372         4.3203         3.1003
124  9.472         4.3437         3.0626
125  9.572         4.3689         3.1204
126  9.672         4.3957         3.1719
127  9.772         4.4238         3.2213
128  9.872         4.4526         3.2597
129  9.972         4.4808         3.2800
130 10.072         4.5088         3.3045
131 10.172         4.5364         3.3249
132 10.272         4.5634         3.3430
133 10.372         4.5899         3.3635
134 10.472         4.6160         3.3821
135 10.572         4.6416         3.3984
136 10.672         4.6665         3.4125
137 10.772         4.6908         3.4259
138 10.872         4.7146         3.4427
139 10.972         4.7380         3.4569
140 11.072         4.7607         3.4680
141 11.172         4.7827         3.4760
142 11.272         4.8038         3.4808
143 11.372         4.8242         3.4861
144 11.472         4.8440         3.4925
145 11.572         4.8632         3.4985
146 11.672         4.8818         3.5040
147 11.772         4.8997         3.5078
148 11.872         4.9171         3.5105
149 11.972         4.9341         3.5178
150 12.072         4.9509         3.5299
151 12.172         4.9674         3.5393
152 12.272         4.9837         3.5500
153 12.372         5.0000         3.5661


#AGE= 3.000 BINS=153 Power-law IMF: x=-2.350
# N  sdss_r       Log10(N)       Log10(dN)
  1 -2.895        -0.5715        -0.5715
  2 -2.795        -0.2640        -0.5586
  3 -2.695        -0.0775        -0.5347
  4 -2.595         0.0581        -0.5134
  5 -2.495         0.1661        -0.4911
  6 -2.395         0.2576        -0.4635
  7 -2.295         0.3370        -0.4401
  8 -2.195         0.4085        -0.4105
  9 -2.095         0.4730        -0.3870
 10 -1.995         0.5333        -0.3537
 11 -1.895         0.5893        -0.3281
 12 -1.795         0.6417        -0.3026
 13 -1.695         0.6914        -0.2745
 14 -1.595         0.7390        -0.2447
 15 -1.495         0.7847        -0.2162
 16 -1.395         0.8286        -0.1882
 17 -1.295         0.8712        -0.1591
 18 -1.195         0.9121        -0.1342
 19 -1.095         0.9514        -0.1115
 20 -0.995         1.0725         0.4586
 21 -0.895         1.1387         0.2892
 22 -0.795         1.1692         0.0004
 23 -0.695         1.1990         0.0208
 24 -0.595         1.2286         0.0475
 25 -0.495         1.2580         0.0747
 26 -0.395         1.2874         0.1029
 27 -0.295         1.3168         0.1320
 28 -0.195         1.3460         0.1600
 29 -0.095         1.3752         0.1881
 30  0.005         1.4045         0.2186
 31  0.105         1.4338         0.2480
 32  0.205         1.4632         0.2791
 33  0.305         1.4926         0.3092
 34  0.405         1.5222         0.3403
 35  0.505         1.5518         0.3719
 36  0.605         1.5815         0.4016
 37  0.705         1.6111         0.4293
 38  0.805         1.6412         0.4674
 39  0.905         1.6718         0.5048
 40  1.005         1.7032         0.5455
 41  1.105         1.7360         0.5980
 42  1.205         1.7698         0.6447
 43  1.305         1.8021         0.6576
 44  1.405         1.8332         0.6731
 45  1.505         1.8637         0.6940
 46  1.605         1.8943         0.7268
 47  1.705         2.0216         1.4266
 48  1.805         2.1094         1.3719
 49  1.905         2.1573         1.1762
 50  2.005         2.2099         1.2674
 51  2.105         2.2638         1.3305
 52  2.205         2.3221         1.4212
 53  2.305         2.3846         1.5116
 54  2.405         2.4498         1.5942
 55  2.505         2.5164         1.6696
 56  2.605         2.5837         1.7402
 57  2.705         2.6505         1.8047
 58  2.805         2.7155         1.8585
 59  2.905         2.7767         1.8952
 60  3.005         2.8325         1.9136
 61  3.105         2.8831         1.9249
 62  3.205         2.9303         1.9434
 63  3.305         2.9748         1.9628
 64  3.405         3.0161         1.9739
 65  3.505         3.0549         1.9869
 66  3.605         3.0931         2.0185
 67  3.705         3.1299         2.0393
 68  3.805         3.1645         2.0492
 69  3.905         3.1976         2.0630
 70  4.005         3.2299         2.0849
 71  4.105         3.2618         2.1116
 72  4.205         3.2933         2.1391
 73  4.305         3.3239         2.1558
 74  4.405         3.3529         2.1632
 75  4.505         3.3803         2.1667
 76  4.605         3.4066         2.1760
 77  4.705         3.4325         2.1954
 78  4.805         3.4584         2.2205
 79  4.905         3.4841         2.2431
 80  5.005         3.5096         2.2653
 81  5.105         3.5338         2.2678
 82  5.205         3.5569         2.2713
 83  5.305         3.5793         2.2815
 84  5.405         3.6013         2.2954
 85  5.505         3.6229         2.3089
 86  5.605         3.6441         2.3215
 87  5.705         3.6648         2.3322
 88  5.805         3.6850         2.3430
 89  5.905         3.7048         2.3541
 90  6.005         3.7241         2.3628
 91  6.105         3.7430         2.3704
 92  6.205         3.7613         2.3775
 93  6.305         3.7792         2.3847
 94  6.405         3.7966         2.3904
 95  6.505         3.8135         2.3952
 96  6.605         3.8299         2.3994
 97  6.705         3.8458         2.4021
 98  6.805         3.8613         2.4051
 99  6.905         3.8762         2.4064
100  7.005         3.8909         2.4111
101  7.105         3.9055         2.4261
102  7.205         3.9201         2.4374
103  7.305         3.9344         2.4467
104  7.405         3.9484         2.4508
105  7.505         3.9622         2.4575
106  7.605         3.9761         2.4723
107  7.705         3.9902         2.4956
108  7.805         4.0047         2.5205
109  7.905         4.0193         2.5391
110  8.005         4.0342         2.5612
111  8.105         4.0493         2.5833
112  8.205         4.0650         2.6155
113  8.305         4.0815         2.6520
114  8.405         4.0986         2.6854
115  8.505         4.1163         2.7179
116  8.605         4.1346         2.7516
117  8.705         4.1541         2.7958
118  8.805         4.1751         2.8490
119  8.905         4.1977         2.9024
120  9.005         4.2219         2.9562
121  9.105         4.2478         3.0114
122  9.205         4.2757         3.0691
123  9.305         4.3059         3.1324
124  9.405         4.3336         3.1245
125  9.505         4.3593         3.1198
126  9.605         4.3862         3.1646
127  9.705         4.4142         3.2093
128  9.805         4.4430         3.2502
129  9.905         4.4718         3.2796
130 10.005         4.5002         3.3009
131 10.105         4.5277         3.3164
132 10.205         4.5547         3.3351
133 10.305         4.5814         3.3562
134 10.405         4.6077         3.3771
135 10.505         4.6336         3.3953
136 10.605         4.6588         3.4110
137 10.705         4.6836         3.4271
138 10.805         4.7079         3.4447
139 10.905         4.7318         3.4594
140 11.005         4.7550         3.4710
141 11.105         4.7774         3.4794
142 11.205         4.7991         3.4866
143 11.305         4.8202         3.4964
144 11.405         4.8407         3.5045
145 11.505         4.8605         3.5104
146 11.605         4.8797         3.5143
147 11.705         4.8981         3.5155
148 11.805         4.9158         3.5186
149 11.905         4.9332         3.5261
150 12.005         4.9503         3.5374
151 12.105         4.9670         3.5445
152 12.205         4.9835         3.5547
153 12.305         5.0000         3.5712


#AGE= 4.000 BINS=154 Power-law IMF: x=-2.350
# N  sdss_r       Log10(N)       Log10(dN)
  1 -2.906        -0.6603        -0.6603
  2 -2.806        -0.3516        -0.6452
  3 -2.706        -0.1676        -0.6293
  4 -2.606        -0.0325        -0.6055
  5 -2.506         0.0743        -0.5871
  6 -2.406         0.1665        -0.5520
  7 -2.306         0.2449        -0.5370
  8 -2.206         0.3165        -0.5019
  9 -2.106         0.3810        -0.4787
 10 -2.006         0.4412        -0.4469
 11 -1.906         0.4972        -0.4199
 12 -1.806         0.5492        -0.3989
 13 -1.706         0.5991        -0.3646
 14 -1.606         0.6470        -0.3349
 15 -1.506         0.6922        -0.3120
 16 -1.406         0.7364        -0.2781
 17 -1.306         0.7790        -0.2508
 18 -1.206         0.8202        -0.2234
 19 -1.106         0.8605        -0.1921
 20 -1.006         0.8992        -0.1695
 21 -0.906         0.9722         0.1615
 22 -0.806         1.0802         0.4230
 23 -0.706         1.1118        -0.0415
 24 -0.606         1.1421        -0.0298
 25 -0.506         1.1720        -0.0052
 26 -0.406         1.2017         0.0218
 27 -0.306         1.2314         0.0521
 28 -0.206         1.2609         0.0780
 29 -0.106         1.2905         0.1087
 30 -0.006         1.3200         0.1378
 31  0.094         1.3495         0.1668
 32  0.194         1.3790         0.1964
 33  0.294         1.4086         0.2277
 34  0.394         1.4383         0.2581
 35  0.494         1.4682         0.2918
 36  0.594         1.4981         0.3205
 37  0.694         1.5282         0.3549
 38  0.794         1.5586         0.3880
 39  0.894         1.5888         0.4159
 40  0.994         1.6193         0.4514
 41  1.094         1.6504         0.4900
 42  1.194         1.6826         0.5364
 43  1.294         1.7167         0.5941
 44  1.394         1.7512         0.6350
 45  1.494         1.7844         0.6514
 46  1.594         1.8164         0.6679
 47  1.694         1.8475         0.6864
 48  1.794         1.8783         0.7141
 49  1.894         1.9106         0.7655
 50  1.994         2.0585         1.5189
 51  2.094         2.1163         1.2117
 52  2.194         2.1716         1.2495
 53  2.294         2.2303         1.3316
 54  2.394         2.2921         1.4154
 55  2.494         2.3565         1.4957
 56  2.594         2.4220         1.5679
 57  2.694         2.4871         1.6306
 58  2.794         2.5511         1.6880
 59  2.894         2.6137         1.7414
 60  2.994         2.6743         1.7892
 61  3.094         2.7336         1.8399
 62  3.194         2.7896         1.8725
 63  3.294         2.8406         1.8848
 64  3.394         2.8880         1.9024
 65  3.494         2.9335         1.9313
 66  3.594         2.9764         1.9499
 67  3.694         3.0167         1.9644
 68  3.794         3.0556         1.9882
 69  3.894         3.0937         2.0183
 70  3.994         3.1314         2.0505
 71  4.094         3.1681         2.0772
 72  4.194         3.2035         2.0972
 73  4.294         3.2371         2.1088
 74  4.394         3.2687         2.1155
 75  4.494         3.2991         2.1277
 76  4.594         3.3286         2.1468
 77  4.694         3.3579         2.1729
 78  4.794         3.3868         2.1956
 79  4.894         3.4151         2.2146
 80  4.994         3.4426         2.2307
 81  5.094         3.4686         2.2327
 82  5.194         3.4936         2.2416
 83  5.294         3.5180         2.2548
 84  5.394         3.5419         2.2706
 85  5.494         3.5653         2.2851
 86  5.594         3.5881         2.2971
 87  5.694         3.6103         2.3085
 88  5.794         3.6321         2.3210
 89  5.894         3.6533         2.3321
 90  5.994         3.6740         2.3417
 91  6.094         3.6942         2.3501
 92  6.194         3.7137         2.3577
 93  6.294         3.7327         2.3648
 94  6.394         3.7512         2.3711
 95  6.494         3.7692         2.3767
 96  6.594         3.7866         2.3821
 97  6.694         3.8035         2.3851
 98  6.794         3.8199         2.3867
 99  6.894         3.8357         2.3908
100  6.994         3.8512         2.3944
101  7.094         3.8666         2.4092
102  7.194         3.8820         2.4233
103  7.294         3.8970         2.4281
104  7.394         3.9116         2.4328
105  7.494         3.9261         2.4421
106  7.594         3.9407         2.4583
107  7.694         3.9555         2.4813
108  7.794         3.9706         2.5052
109  7.894         3.9859         2.5240
110  7.994         4.0013         2.5443
111  8.094         4.0171         2.5698
112  8.194         4.0334         2.5987
113  8.294         4.0505         2.6373
114  8.394         4.0682         2.6712
115  8.494         4.0866         2.7030
116  8.594         4.1056         2.7384
117  8.694         4.1258         2.7822
118  8.794         4.1473         2.8307
119  8.894         4.1701         2.8796
120  8.994         4.1945         2.9318
121  9.094         4.2207         2.9889
122  9.194         4.2493         3.0526
123  9.294         4.2808         3.1261
124  9.394         4.3108         3.1351
125  9.494         4.3384         3.1282
126  9.594         4.3664         3.1616
127  9.694         4.3951         3.2013
128  9.794         4.4244         3.2386
129  9.894         4.4535         3.2657
130  9.994         4.4820         3.2839
131 10.094         4.5095         3.2972
132 10.194         4.5365         3.3179
133 10.294         4.5633         3.3393
134 10.394         4.5895         3.3579
135 10.494         4.6153         3.3754
136 10.594         4.6406         3.3933
137 10.694         4.6654         3.4092
138 10.794         4.6895         3.4234
139 10.894         4.7133         3.4402
140 10.994         4.7367         3.4556
141 11.094         4.7594         3.4674
142 11.194         4.7815         3.4756
143 11.294         4.8027         3.4803
144 11.394         4.8231         3.4865
145 11.494         4.8430         3.4932
146 11.594         4.8622         3.4993
147 11.694         4.8809         3.5049
148 11.794         4.8989         3.5080
149 11.894         4.9164         3.5118
150 11.994         4.9335         3.5205
151 12.094         4.9504         3.5333
152 12.194         4.9671         3.5425
153 12.294         4.9835         3.5539
154 12.394         5.0000         3.5702


#AGE= 5.000 BINS=154 Power-law IMF: x=-2.350
# N  sdss_r       Log10(N)       Log10(dN)
  1 -2.910        -0.7259        -0.7259
  2 -2.810        -0.4159        -0.7080
  3 -2.710        -0.2281        -0.6829
  4 -2.610        -0.0909        -0.6580
  5 -2.510         0.0162        -0.6442
  6 -2.410         0.1073        -0.6159
  7 -2.310         0.1883        -0.5811
  8 -2.210         0.2590        -0.5640
  9 -2.110         0.3235        -0.5365
 10 -2.010         0.3830        -0.5100
 11 -1.910         0.4381        -0.4860
 12 -1.810         0.4911        -0.4480
 13 -1.710         0.5410        -0.4236
 14 -1.610         0.5884        -0.3975
 15 -1.510         0.6340        -0.3676
 16 -1.410         0.6781        -0.3366
 17 -1.310         0.7206        -0.3096
 18 -1.210         0.7621        -0.2785
 19 -1.110         0.8024        -0.2500
 20 -1.010         0.8415        -0.2241
 21 -0.910         0.8796        -0.1963
 22 -0.810         0.9315        -0.0162
 23 -0.710         1.0523         0.4375
 24 -0.610         1.0845        -0.0613
 25 -0.510         1.1155        -0.0472
 26 -0.410         1.1456        -0.0278
 27 -0.310         1.1758         0.0024
 28 -0.210         1.2058         0.0307
 29 -0.110         1.2358         0.0608
 30 -0.010         1.2657         0.0882
 31  0.090         1.2955         0.1176
 32  0.190         1.3254         0.1478
 33  0.290         1.3553         0.1784
 34  0.390         1.3853         0.2094
 35  0.490         1.4153         0.2396
 36  0.590         1.4454         0.2721
 37  0.690         1.4758         0.3055
 38  0.790         1.5063         0.3372
 39  0.890         1.5367         0.3674
 40  0.990         1.5675         0.4025
 41  1.090         1.5984         0.4346
 42  1.190         1.6296         0.4712
 43  1.290         1.6616         0.5124
 44  1.390         1.6950         0.5642
 45  1.490         1.7305         0.6260
 46  1.590         1.7650         0.6479
 47  1.690         1.7982         0.6649
 48  1.790         1.8303         0.6826
 49  1.890         1.8614         0.7014
 50  1.990         1.8923         0.7284
 51  2.090         1.9249         0.7850
 52  2.190         2.0422         1.4162
 53  2.290         2.1113         1.2791
 54  2.390         2.1701         1.2725
 55  2.490         2.2309         1.3473
 56  2.590         2.2940         1.4250
 57  2.690         2.3588         1.5006
 58  2.790         2.4242         1.5696
 59  2.890         2.4888         1.6295
 60  2.990         2.5521         1.6840
 61  3.090         2.6134         1.7332
 62  3.190         2.6728         1.7790
 63  3.290         2.7312         1.8310
 64  3.390         2.7866         1.8649
 65  3.490         2.8379         1.8846
 66  3.590         2.8860         1.9068
 67  3.690         2.9322         1.9361
 68  3.790         2.9770         1.9681
 69  3.890         3.0202         1.9964
 70  3.990         3.0616         2.0207
 71  4.090         3.1011         2.0397
 72  4.190         3.1385         2.0555
 73  4.290         3.1742         2.0714
 74  4.390         3.2085         2.0894
 75  4.490         3.2420         2.1129
 76  4.590         3.2750         2.1395
 77  4.690         3.3073         2.1624
 78  4.790         3.3386         2.1797
 79  4.890         3.3688         2.1971
 80  4.990         3.3980         2.2099
 81  5.090         3.4255         2.2149
 82  5.190         3.4523         2.2290
 83  5.290         3.4785         2.2450
 84  5.390         3.5040         2.2613
 85  5.490         3.5290         2.2760
 86  5.590         3.5532         2.2879
 87  5.690         3.5769         2.3012
 88  5.790         3.5999         2.3134
 89  5.890         3.6225         2.3260
 90  5.990         3.6443         2.3357
 91  6.090         3.6656         2.3446
 92  6.190         3.6862         2.3530
 93  6.290         3.7063         2.3608
 94  6.390         3.7258         2.3673
 95  6.490         3.7446         2.3733
 96  6.590         3.7629         2.3788
 97  6.690         3.7807         2.3824
 98  6.790         3.7978         2.3844
 99  6.890         3.8144         2.3888
100  6.990         3.8306         2.3943
101  7.090         3.8468         2.4100
102  7.190         3.8627         2.4206
103  7.290         3.8784         2.4267
104  7.390         3.8936         2.4312
105  7.490         3.9087         2.4412
106  7.590         3.9239         2.4600
107  7.690         3.9393         2.4835
108  7.790         3.9551         2.5064
109  7.890         3.9709         2.5238
110  7.990         3.9869         2.5454
111  8.090         4.0032         2.5697
112  8.190         4.0201         2.6015
113  8.290         4.0378         2.6389
114  8.390         4.0561         2.6722
115  8.490         4.0750         2.7054
116  8.590         4.0947         2.7410
117  8.690         4.1155         2.7852
118  8.790         4.1373         2.8263
119  8.890         4.1600         2.8676
120  8.990         4.1842         2.9182
121  9.090         4.2106         2.9808
122  9.190         4.2402         3.0589
123  9.290         4.2736         3.1434
124  9.390         4.3052         3.1510
125  9.490         4.3345         3.1493
126  9.590         4.3635         3.1743
127  9.690         4.3931         3.2109
128  9.790         4.4228         3.2441
129  9.890         4.4523         3.2692
130  9.990         4.4808         3.2836
131 10.090         4.5086         3.3012
132 10.190         4.5358         3.3188
133 10.290         4.5625         3.3379
134 10.390         4.5887         3.3566
135 10.490         4.6144         3.3738
136 10.590         4.6396         3.3911
137 10.690         4.6644         3.4076
138 10.790         4.6886         3.4224
139 10.890         4.7123         3.4382
140 10.990         4.7357         3.4545
141 11.090         4.7584         3.4670
142 11.190         4.7805         3.4756
143 11.290         4.8018         3.4807
144 11.390         4.8223         3.4874
145 11.490         4.8423         3.4943
146 11.590         4.8616         3.5006
147 11.690         4.8804         3.5062
148 11.790         4.8984         3.5090
149 11.890         4.9160         3.5135
150 11.990         4.9332         3.5225
151 12.090         4.9502         3.5353
152 12.190         4.9669         3.5441
153 12.290         4.9835         3.5557
154 12.390         5.0000         3.5721


#AGE= 6.000 BINS=153 Power-law IMF: x=-2.350
# N  sdss_r       Log10(N)       Log10(dN)
  1 -2.877        -0.7637        -0.7637
  2 -2.777        -0.4469        -0.7326
  3 -2.677        -0.2604        -0.7174
  4 -2.577        -0.1254        -0.6988
  5 -2.477        -0.0136        -0.6575
  6 -2.377         0.0764        -0.6512
  7 -2.277         0.1554        -0.6240
  8 -2.177         0.2283        -0.5829
  9 -2.077         0.2916        -0.5760
 10 -1.977         0.3520        -0.5340
 11 -1.877         0.4079        -0.5104
 12 -1.777         0.4600        -0.4864
 13 -1.677         0.5106        -0.4483
 14 -1.577         0.5585        -0.4227
 15 -1.477         0.6036        -0.4023
 16 -1.377         0.6478        -0.3670
 17 -1.277         0.6909        -0.3330
 18 -1.177         0.7323        -0.3091
 19 -1.077         0.7727        -0.2786
 20 -0.977         0.8125        -0.2455
 21 -0.877         0.8510        -0.2200
 22 -0.777         0.8883        -0.1968
 23 -0.677         1.0074         0.3875
 24 -0.577         1.0529         0.0498
 25 -0.477         1.0848        -0.0650
 26 -0.377         1.1160        -0.0425
 27 -0.277         1.1468        -0.0184
 28 -0.177         1.1773         0.0088
 29 -0.077         1.2077         0.0381
 30  0.023         1.2381         0.0678
 31  0.123         1.2685         0.0987
 32  0.223         1.2989         0.1283
 33  0.323         1.3291         0.1571
 34  0.423         1.3594         0.1877
 35  0.523         1.3899         0.2210
 36  0.623         1.4205         0.2542
 37  0.723         1.4511         0.2838
 38  0.823         1.4820         0.3185
 39  0.923         1.5128         0.3486
 40  1.023         1.5440         0.3837
 41  1.123         1.5750         0.4145
 42  1.223         1.6065         0.4509
 43  1.323         1.6382         0.4857
 44  1.423         1.6707         0.5290
 45  1.523         1.7045         0.5787
 46  1.623         1.7406         0.6422
 47  1.723         1.7756         0.6643
 48  1.823         1.8093         0.6823
 49  1.923         1.8417         0.6993
 50  2.023         1.8734         0.7198
 51  2.123         1.9042         0.7409
 52  2.223         1.9364         0.7901
 53  2.323         1.9786         0.9450
 54  2.423         2.0973         1.4758
 55  2.523         2.1578         1.2722
 56  2.623         2.2187         1.3355
 57  2.723         2.2818         1.4125
 58  2.823         2.3466         1.4884
 59  2.923         2.4119         1.5567
 60  3.023         2.4768         1.6192
 61  3.123         2.5409         1.6784
 62  3.223         2.6040         1.7350
 63  3.323         2.6656         1.7875
 64  3.423         2.7266         1.8438
 65  3.523         2.7852         1.8860
 66  3.623         2.8398         1.9121
 67  3.723         2.8906         1.9337
 68  3.823         2.9382         1.9543
 69  3.923         2.9830         1.9742
 70  4.023         3.0255         1.9955
 71  4.123         3.0661         2.0162
 72  4.223         3.1050         2.0382
 73  4.323         3.1427         2.0626
 74  4.423         3.1796         2.0907
 75  4.523         3.2158         2.1181
 76  4.623         3.2509         2.1418
 77  4.723         3.2847         2.1589
 78  4.823         3.3172         2.1748
 79  4.923         3.3487         2.1938
 80  5.023         3.3787         2.2026
 81  5.123         3.4076         2.2166
 82  5.223         3.4358         2.2349
 83  5.323         3.4633         2.2507
 84  5.423         3.4901         2.2674
 85  5.523         3.5162         2.2816
 86  5.623         3.5415         2.2944
 87  5.723         3.5662         2.3085
 88  5.823         3.5902         2.3216
 89  5.923         3.6136         2.3334
 90  6.023         3.6364         2.3436
 91  6.123         3.6584         2.3528
 92  6.223         3.6798         2.3611
 93  6.323         3.7005         2.3691
 94  6.423         3.7206         2.3763
 95  6.523         3.7401         2.3823
 96  6.623         3.7589         2.3873
 97  6.723         3.7771         2.3900
 98  6.823         3.7948         2.3943
 99  6.923         3.8119         2.3992
100  7.023         3.8288         2.4106
101  7.123         3.8455         2.4216
102  7.223         3.8619         2.4320
103  7.323         3.8779         2.4359
104  7.423         3.8936         2.4439
105  7.523         3.9093         2.4589
106  7.623         3.9251         2.4795
107  7.723         3.9413         2.5038
108  7.823         3.9575         2.5228
109  7.923         3.9739         2.5425
110  8.023         3.9905         2.5636
111  8.123         4.0076         2.5931
112  8.223         4.0253         2.6268
113  8.323         4.0437         2.6624
114  8.423         4.0628         2.6976
115  8.523         4.0826         2.7301
116  8.623         4.1032         2.7695
117  8.723         4.1250         2.8147
118  8.823         4.1481         2.8618
119  8.923         4.1724         2.9086
120  9.023         4.1977         2.9509
121  9.123         4.2249         3.0078
122  9.223         4.2554         3.0866
123  9.323         4.2902         3.1768
124  9.423         4.3217         3.1673
125  9.523         4.3523         3.1839
126  9.623         4.3823         3.2076
127  9.723         4.4126         3.2415
128  9.823         4.4428         3.2689
129  9.923         4.4723         3.2905
130 10.023         4.5007         3.3023
131 10.123         4.5285         3.3197
132 10.223         4.5556         3.3385
133 10.323         4.5822         3.3559
134 10.423         4.6083         3.3731
135 10.523         4.6337         3.3896
136 10.623         4.6587         3.4058
137 10.723         4.6832         3.4215
138 10.823         4.7071         3.4373
139 10.923         4.7308         3.4546
140 11.023         4.7539         3.4685
141 11.123         4.7763         3.4784
142 11.223         4.7980         3.4857
143 11.323         4.8191         3.4954
144 11.423         4.8396         3.5036
145 11.523         4.8595         3.5098
146 11.623         4.8787         3.5138
147 11.723         4.8971         3.5157
148 11.823         4.9150         3.5205
149 11.923         4.9325         3.5294
150 12.023         4.9498         3.5409
151 12.123         4.9667         3.5482
152 12.223         4.9833         3.5592
153 12.323         5.0000         3.5760


#AGE= 7.000 BINS=152 Power-law IMF: x=-2.350
# N  sdss_r       Log10(N)       Log10(dN)
  1 -2.888        -0.7874        -0.7874
  2 -2.788        -0.4755        -0.7659
  3 -2.688        -0.2896        -0.7478
  4 -2.588        -0.1500        -0.7108
  5 -2.488        -0.0400        -0.6904
  6 -2.388         0.0532        -0.6607
  7 -2.288         0.1334        -0.6398
  8 -2.188         0.2038        -0.6210
  9 -2.088         0.2681        -0.5934
 10 -1.988         0.3292        -0.5523
 11 -1.888         0.3847        -0.5365
 12 -1.788         0.4373        -0.5058
 13 -1.688         0.4866        -0.4825
 14 -1.588         0.5345        -0.4470
 15 -1.488         0.5804        -0.4177
 16 -1.388         0.6253        -0.3832
 17 -1.288         0.6682        -0.3584
 18 -1.188         0.7093        -0.3351
 19 -1.088         0.7503        -0.2946
 20 -0.988         0.7902        -0.2666
 21 -0.888         0.8288        -0.2413
 22 -0.788         0.8667        -0.2119
 23 -0.688         0.9026        -0.1969
 24 -0.588         1.0261         0.4197
 25 -0.488         1.0606        -0.0569
 26 -0.388         1.0929        -0.0521
 27 -0.288         1.1243        -0.0311
 28 -0.188         1.1556        -0.0024
 29 -0.088         1.1865         0.0226
 30  0.012         1.2174         0.0549
 31  0.112         1.2481         0.0826
 32  0.212         1.2790         0.1146
 33  0.312         1.3097         0.1444
 34  0.412         1.3404         0.1741
 35  0.512         1.3712         0.2072
 36  0.612         1.4021         0.2391
 37  0.712         1.4332         0.2716
 38  0.812         1.4643         0.3046
 39  0.912         1.4956         0.3382
 40  1.012         1.5270         0.3700
 41  1.112         1.5585         0.4041
 42  1.212         1.5901         0.4360
 43  1.312         1.6221         0.4736
 44  1.412         1.6543         0.5076
 45  1.512         1.6873         0.5516
 46  1.612         1.7213         0.5991
 47  1.712         1.7581         0.6674
 48  1.812         1.7941         0.6953
 49  1.912         1.8289         0.7144
 50  2.012         1.8624         0.7330
 51  2.112         1.8947         0.7510
 52  2.212         1.9261         0.7696
 53  2.312         1.9578         0.8051
 54  2.412         1.9934         0.8896
 55  2.512         2.0749         1.3083
 56  2.612         2.1563         1.3890
 57  2.712         2.2179         1.3388
 58  2.812         2.2820         1.4200
 59  2.912         2.3479         1.4963
 60  3.012         2.4148         1.5696
 61  3.112         2.4816         1.6354
 62  3.212         2.5471         1.6933
 63  3.312         2.6109         1.7462
 64  3.412         2.6724         1.7933
 65  3.512         2.7318         1.8387
 66  3.612         2.7892         1.8816
 67  3.712         2.8434         1.9126
 68  3.812         2.8938         1.9334
 69  3.912         2.9412         1.9556
 70  4.012         2.9863         1.9810
 71  4.112         3.0291         2.0010
 72  4.212         3.0703         2.0277
 73  4.312         3.1105         2.0561
 74  4.412         3.1496         2.0845
 75  4.512         3.1875         2.1105
 76  4.612         3.2241         2.1317
 77  4.712         3.2592         2.1486
 78  4.812         3.2932         2.1705
 79  4.912         3.3262         2.1904
 80  5.012         3.3577         2.2026
 81  5.112         3.3883         2.2212
 82  5.212         3.4182         2.2403
 83  5.312         3.4471         2.2564
 84  5.412         3.4753         2.2737
 85  5.512         3.5027         2.2888
 86  5.612         3.5292         2.3025
 87  5.712         3.5551         2.3176
 88  5.812         3.5803         2.3310
 89  5.912         3.6048         2.3435
 90  6.012         3.6285         2.3547
 91  6.112         3.6515         2.3641
 92  6.212         3.6738         2.3729
 93  6.312         3.6955         2.3820
 94  6.412         3.7164         2.3893
 95  6.512         3.7367         2.3960
 96  6.612         3.7563         2.4014
 97  6.712         3.7752         2.4043
 98  6.812         3.7935         2.4095
 99  6.912         3.8114         2.4161
100  7.012         3.8288         2.4240
101  7.112         3.8461         2.4385
102  7.212         3.8631         2.4468
103  7.312         3.8796         2.4505
104  7.412         3.8958         2.4601
105  7.512         3.9121         2.4769
106  7.612         3.9285         2.4973
107  7.712         3.9451         2.5200
108  7.812         3.9618         2.5384
109  7.912         3.9786         2.5576
110  8.012         3.9956         2.5806
111  8.112         4.0131         2.6077
112  8.212         4.0312         2.6422
113  8.312         4.0501         2.6806
114  8.412         4.0696         2.7120
115  8.512         4.0898         2.7469
116  8.612         4.1109         2.7871
117  8.712         4.1331         2.8302
118  8.812         4.1561         2.8688
119  8.912         4.1802         2.9126
120  9.012         4.2060         2.9667
121  9.112         4.2341         3.0314
122  9.212         4.2648         3.0994
123  9.312         4.2990         3.1772
124  9.412         4.3326         3.2050
125  9.512         4.3644         3.2127
126  9.612         4.3953         3.2323
127  9.712         4.4262         3.2627
128  9.812         4.4568         3.2894
129  9.912         4.4867         3.3106
130 10.012         4.5155         3.3232
131 10.112         4.5435         3.3386
132 10.212         4.5709         3.3576
133 10.312         4.5977         3.3743
134 10.412         4.6239         3.3905
135 10.512         4.6494         3.4060
136 10.612         4.6743         3.4210
137 10.712         4.6988         3.4367
138 10.812         4.7228         3.4540
139 10.912         4.7464         3.4699
140 11.012         4.7694         3.4825
141 11.112         4.7918         3.4932
142 11.212         4.8138         3.5061
143 11.312         4.8351         3.5160
144 11.412         4.8557         3.5222
145 11.512         4.8756         3.5250
146 11.612         4.8946         3.5280
147 11.712         4.9132         3.5335
148 11.812         4.9312         3.5417
149 11.912         4.9489         3.5504
150 12.012         4.9661         3.5550
151 12.112         4.9831         3.5654
152 12.212         5.0000         3.5828


#AGE= 8.000 BINS=154 Power-law IMF: x=-2.350
# N  sdss_r       Log10(N)       Log10(dN)
  1 -2.883        -0.8274        -0.8274
  2 -2.783        -0.5142        -0.8033
  3 -2.683        -0.3254        -0.7781
  4 -2.583        -0.1833        -0.7376
  5 -2.483        -0.0745        -0.7288
  6 -2.383         0.0173        -0.7027
  7 -2.283         0.0964        -0.6821
  8 -2.183         0.1683        -0.6487
  9 -2.083         0.2344        -0.6156
 10 -1.983         0.2936        -0.6009
 11 -1.883         0.3483        -0.5784
 12 -1.783         0.4008        -0.5429
 13 -1.683         0.4516        -0.5052
 14 -1.583         0.4991        -0.4859
 15 -1.483         0.5453        -0.4509
 16 -1.383         0.5896        -0.4235
 17 -1.283         0.6323        -0.3969
 18 -1.183         0.6736        -0.3682
 19 -1.083         0.7146        -0.3308
 20 -0.983         0.7542        -0.3051
 21 -0.883         0.7932        -0.2736
 22 -0.783         0.8311        -0.2464
 23 -0.683         0.8683        -0.2176
 24 -0.583         0.9134        -0.0924
 25 -0.483         1.0230         0.3715
 26 -0.383         1.0565        -0.0731
 27 -0.283         1.0887        -0.0574
 28 -0.183         1.1202        -0.0355
 29 -0.083         1.1512        -0.0099
 30  0.017         1.1823         0.0215
 31  0.117         1.2135         0.0545
 32  0.217         1.2445         0.0824
 33  0.317         1.2753         0.1112
 34  0.417         1.3061         0.1419
 35  0.517         1.3371         0.1743
 36  0.617         1.3679         0.2039
 37  0.717         1.3990         0.2376
 38  0.817         1.4302         0.2721
 39  0.917         1.4615         0.3026
 40  1.017         1.4931         0.3405
 41  1.117         1.5246         0.3696
 42  1.217         1.5563         0.4036
 43  1.317         1.5883         0.4390
 44  1.417         1.6203         0.4716
 45  1.517         1.6527         0.5098
 46  1.617         1.6858         0.5521
 47  1.717         1.7202         0.6015
 48  1.817         1.7567         0.6629
 49  1.917         1.7929         0.6954
 50  2.017         1.8278         0.7154
 51  2.117         1.8614         0.7336
 52  2.217         1.8939         0.7516
 53  2.317         1.9253         0.7697
 54  2.417         1.9567         0.7997
 55  2.517         1.9908         0.8697
 56  2.617         2.0409         1.0776
 57  2.717         2.1264         1.3788
 58  2.817         2.1907         1.3289
 59  2.917         2.2504         1.3595
 60  3.017         2.3135         1.4445
 61  3.117         2.3776         1.5147
 62  3.217         2.4416         1.5788
 63  3.317         2.5046         1.6352
 64  3.417         2.5661         1.6862
 65  3.517         2.6259         1.7358
 66  3.617         2.6841         1.7826
 67  3.717         2.7413         1.8323
 68  3.817         2.7965         1.8736
 69  3.917         2.8483         1.8990
 70  4.017         2.8971         1.9232
 71  4.117         2.9435         1.9493
 72  4.217         2.9876         1.9728
 73  4.317         3.0299         1.9977
 74  4.417         3.0708         2.0244
 75  4.517         3.1102         2.0479
 76  4.617         3.1478         2.0665
 77  4.717         3.1842         2.0902
 78  4.817         3.2200         2.1178
 79  4.917         3.2544         2.1365
 80  5.017         3.2877         2.1553
 81  5.117         3.3201         2.1764
 82  5.217         3.3514         2.1944
 83  5.317         3.3819         2.2124
 84  5.417         3.4114         2.2299
 85  5.517         3.4401         2.2453
 86  5.617         3.4679         2.2608
 87  5.717         3.4950         2.2756
 88  5.817         3.5213         2.2902
 89  5.917         3.5468         2.3030
 90  6.017         3.5715         2.3142
 91  6.117         3.5954         2.3238
 92  6.217         3.6185         2.3342
 93  6.317         3.6410         2.3429
 94  6.417         3.6627         2.3508
 95  6.517         3.6837         2.3582
 96  6.617         3.7039         2.3623
 97  6.717         3.7235         2.3669
 98  6.817         3.7425         2.3735
 99  6.917         3.7609         2.3790
100  7.017         3.7790         2.3904
101  7.117         3.7969         2.4023
102  7.217         3.8143         2.4093
103  7.317         3.8312         2.4139
104  7.417         3.8480         2.4262
105  7.517         3.8648         2.4436
106  7.617         3.8818         2.4661
107  7.717         3.8989         2.4870
108  7.817         3.9161         2.5051
109  7.917         3.9334         2.5245
110  8.017         3.9509         2.5477
111  8.117         3.9689         2.5780
112  8.217         3.9876         2.6115
113  8.317         4.0070         2.6477
114  8.417         4.0271         2.6811
115  8.517         4.0478         2.7159
116  8.617         4.0694         2.7568
117  8.717         4.0924         2.8031
118  8.817         4.1162         2.8435
119  8.917         4.1409         2.8833
120  9.017         4.1670         2.9336
121  9.117         4.1954         2.9972
122  9.217         4.2268         3.0695
123  9.317         4.2615         3.1466
124  9.417         4.2960         3.1792
125  9.517         4.3287         3.1893
126  9.617         4.3604         3.2079
127  9.717         4.3919         3.2368
128  9.817         4.4229         3.2608
129  9.917         4.4531         3.2805
130 10.017         4.4821         3.2925
131 10.117         4.5103         3.3091
132 10.217         4.5379         3.3277
133 10.317         4.5648         3.3432
134 10.417         4.5910         3.3584
135 10.517         4.6165         3.3727
136 10.617         4.6414         3.3872
137 10.717         4.6658         3.4037
138 10.817         4.6898         3.4201
139 10.917         4.7133         3.4340
140 11.017         4.7362         3.4477
141 11.117         4.7587         3.4617
142 11.217         4.7806         3.4717
143 11.317         4.8017         3.4779
144 11.417         4.8221         3.4842
145 11.517         4.8419         3.4912
146 11.617         4.8612         3.4979
147 11.717         4.8798         3.5042
148 11.817         4.8979         3.5077
149 11.917         4.9155         3.5138
150 12.017         4.9328         3.5241
151 12.117         4.9499         3.5372
152 12.217         4.9667         3.5464
153 12.317         4.9834         3.5587
154 12.417         5.0000         3.5752


#AGE= 9.000 BINS=152 Power-law IMF: x=-2.350
# N  sdss_r       Log10(N)       Log10(dN)
  1 -2.853        -0.8476        -0.8476
  2 -2.753        -0.5199        -0.7958
  3 -2.653        -0.3305        -0.7821
  4 -2.553        -0.1906        -0.7505
  5 -2.453        -0.0808        -0.7319
  6 -2.353         0.0139        -0.6939
  7 -2.253         0.0971        -0.6617
  8 -2.153         0.1672        -0.6591
  9 -2.053         0.2323        -0.6240
 10 -1.953         0.2915        -0.6030
 11 -1.853         0.3490        -0.5576
 12 -1.753         0.4020        -0.5379
 13 -1.653         0.4511        -0.5201
 14 -1.553         0.4997        -0.4758
 15 -1.453         0.5456        -0.4533
 16 -1.353         0.5903        -0.4192
 17 -1.253         0.6330        -0.3953
 18 -1.153         0.6746        -0.3643
 19 -1.053         0.7158        -0.3276
 20 -0.953         0.7555        -0.3040
 21 -0.853         0.7947        -0.2690
 22 -0.753         0.8332        -0.2382
 23 -0.653         0.8701        -0.2194
 24 -0.553         0.9089        -0.1589
 25 -0.453         1.0229         0.3862
 26 -0.353         1.0582        -0.0493
 27 -0.253         1.0910        -0.0473
 28 -0.153         1.1227        -0.0290
 29 -0.053         1.1543         0.0000
 30  0.047         1.1856         0.0276
 31  0.147         1.2169         0.0592
 32  0.247         1.2482         0.0900
 33  0.347         1.2791         0.1168
 34  0.447         1.3104         0.1523
 35  0.547         1.3415         0.1804
 36  0.647         1.3725         0.2117
 37  0.747         1.4038         0.2451
 38  0.847         1.4351         0.2785
 39  0.947         1.4668         0.3135
 40  1.047         1.4985         0.3465
 41  1.147         1.5302         0.3782
 42  1.247         1.5621         0.4120
 43  1.347         1.5943         0.4482
 44  1.447         1.6265         0.4801
 45  1.547         1.6591         0.5182
 46  1.647         1.6919         0.5539
 47  1.747         1.7256         0.5989
 48  1.847         1.7612         0.6568
 49  1.947         1.7984         0.7129
 50  2.047         1.8345         0.7366
 51  2.147         1.8694         0.7571
 52  2.247         1.9030         0.7751
 53  2.347         1.9353         0.7908
 54  2.447         1.9666         0.8085
 55  2.547         1.9980         0.8409
 56  2.647         2.0320         0.9088
 57  2.747         2.0811         1.1098
 58  2.847         2.1587         1.3730
 59  2.947         2.2230         1.3613
 60  3.047         2.2838         1.4000
 61  3.147         2.3454         1.4671
 62  3.247         2.4096         1.5471
 63  3.347         2.4737         1.6117
 64  3.447         2.5371         1.6699
 65  3.547         2.5990         1.7226
 66  3.647         2.6596         1.7742
 67  3.747         2.7188         1.8242
 68  3.847         2.7769         1.8744
 69  3.947         2.8329         1.9153
 70  4.047         2.8849         1.9375
 71  4.147         2.9335         1.9587
 72  4.247         2.9795         1.9816
 73  4.347         3.0233         2.0046
 74  4.447         3.0651         2.0277
 75  4.547         3.1051         2.0496
 76  4.647         3.1438         2.0752
 77  4.747         3.1820         2.1064
 78  4.847         3.2190         2.1318
 79  4.947         3.2548         2.1532
 80  5.047         3.2896         2.1762
 81  5.147         3.3233         2.1966
 82  5.247         3.3560         2.2159
 83  5.347         3.3877         2.2357
 84  5.447         3.4184         2.2528
 85  5.547         3.4481         2.2685
 86  5.647         3.4770         2.2849
 87  5.747         3.5050         2.3003
 88  5.847         3.5322         2.3150
 89  5.947         3.5585         2.3280
 90  6.047         3.5839         2.3384
 91  6.147         3.6085         2.3492
 92  6.247         3.6323         2.3597
 93  6.347         3.6553         2.3686
 94  6.447         3.6776         2.3768
 95  6.547         3.6991         2.3830
 96  6.647         3.7198         2.3877
 97  6.747         3.7399         2.3941
 98  6.847         3.7593         2.4004
 99  6.947         3.7783         2.4089
100  7.047         3.7969         2.4192
101  7.147         3.8152         2.4312
102  7.247         3.8329         2.4354
103  7.347         3.8503         2.4439
104  7.447         3.8676         2.4585
105  7.547         3.8850         2.4788
106  7.647         3.9026         2.5013
107  7.747         3.9202         2.5201
108  7.847         3.9379         2.5384
109  7.947         3.9556         2.5588
110  8.047         3.9738         2.5856
111  8.147         3.9925         2.6167
112  8.247         4.0119         2.6542
113  8.347         4.0320         2.6873
114  8.447         4.0527         2.7200
115  8.547         4.0741         2.7564
116  8.647         4.0966         2.7994
117  8.747         4.1204         2.8475
118  8.847         4.1453         2.8913
119  8.947         4.1710         2.9307
120  9.047         4.1981         2.9799
121  9.147         4.2276         3.0439
122  9.247         4.2601         3.1190
123  9.347         4.2953         3.1865
124  9.447         4.3304         3.2204
125  9.547         4.3636         3.2306
126  9.647         4.3958         3.2498
127  9.747         4.4277         3.2775
128  9.847         4.4589         3.3003
129  9.947         4.4890         3.3151
130 10.047         4.5181         3.3289
131 10.147         4.5464         3.3470
132 10.247         4.5740         3.3633
133 10.347         4.6009         3.3790
134 10.447         4.6270         3.3926
135 10.547         4.6523         3.4053
136 10.647         4.6771         3.4210
137 10.747         4.7013         3.4367
138 10.847         4.7251         3.4511
139 10.947         4.7484         3.4661
140 11.047         4.7712         3.4794
141 11.147         4.7933         3.4897
142 11.247         4.8149         3.5010
143 11.347         4.8360         3.5112
144 11.447         4.8564         3.5180
145 11.547         4.8760         3.5216
146 11.647         4.8949         3.5246
147 11.747         4.9133         3.5304
148 11.847         4.9313         3.5394
149 11.947         4.9489         3.5489
150 12.047         4.9661         3.5548
151 12.147         4.9830         3.5659
152 12.247         5.0000         3.5831


#AGE=10.000 BINS=154 Power-law IMF: x=-2.350
# N  sdss_r       Log10(N)       Log10(dN)
  1 -2.887        -0.9026        -0.9026
  2 -2.787        -0.5870        -0.8740
  3 -2.687        -0.3948        -0.8412
  4 -2.587        -0.2528        -0.8076
  5 -2.487        -0.1389        -0.7757
  6 -2.387        -0.0450        -0.7561
  7 -2.287         0.0343        -0.7436
  8 -2.187         0.1064        -0.7085
  9 -2.087         0.1727        -0.6766
 10 -1.987         0.2309        -0.6709
 11 -1.887         0.2871        -0.6290
 12 -1.787         0.3408        -0.5933
 13 -1.687         0.3908        -0.5729
 14 -1.587         0.4387        -0.5425
 15 -1.487         0.4848        -0.5120
 16 -1.387         0.5296        -0.4794
 17 -1.287         0.5716        -0.4637
 18 -1.187         0.6132        -0.4253
 19 -1.087         0.6544        -0.3891
 20 -0.987         0.6942        -0.3640
 21 -0.887         0.7338        -0.3256
 22 -0.787         0.7717        -0.3060
 23 -0.687         0.8099        -0.2655
 24 -0.587         0.8465        -0.2458
 25 -0.487         0.8826        -0.2159
 26 -0.387         0.9957         0.3562
 27 -0.287         1.0307        -0.0807
 28 -0.187         1.0633        -0.0769
 29 -0.087         1.0951        -0.0561
 30  0.013         1.1265        -0.0303
 31  0.113         1.1579         0.0015
 32  0.213         1.1892         0.0320
 33  0.313         1.2205         0.0628
 34  0.413         1.2519         0.0944
 35  0.513         1.2830         0.1234
 36  0.613         1.3141         0.1531
 37  0.713         1.3453         0.1861
 38  0.813         1.3767         0.2200
 39  0.913         1.4082         0.2539
 40  1.013         1.4401         0.2901
 41  1.113         1.4720         0.3213
 42  1.213         1.5039         0.3541
 43  1.313         1.5360         0.3898
 44  1.413         1.5683         0.4238
 45  1.513         1.6008         0.4588
 46  1.613         1.6337         0.4958
 47  1.713         1.6667         0.5320
 48  1.813         1.7007         0.5765
 49  1.913         1.7362         0.6317
 50  2.013         1.7738         0.6922
 51  2.113         1.8107         0.7213
 52  2.213         1.8463         0.7424
 53  2.313         1.8805         0.7601
 54  2.413         1.9134         0.7758
 55  2.513         1.9450         0.7914
 56  2.613         1.9763         0.8183
 57  2.713         2.0091         0.8719
 58  2.813         2.0485         0.9860
 59  2.913         2.1112         1.2398
 60  3.013         2.1786         1.3359
 61  3.113         2.2405         1.3641
 62  3.213         2.3028         1.4285
 63  3.313         2.3645         1.4869
 64  3.413         2.4287         1.5669
 65  3.513         2.4927         1.6294
 66  3.613         2.5554         1.6836
 67  3.713         2.6164         1.7341
 68  3.813         2.6753         1.7785
 69  3.913         2.7329         1.8271
 70  4.013         2.7886         1.8689
 71  4.113         2.8410         1.8965
 72  4.213         2.8898         1.9163
 73  4.313         2.9357         1.9371
 74  4.413         2.9794         1.9600
 75  4.513         3.0213         1.9851
 76  4.613         3.0622         2.0158
 77  4.713         3.1023         2.0483
 78  4.813         3.1413         2.0754
 79  4.913         3.1791         2.0997
 80  5.013         3.2159         2.1251
 81  5.113         3.2515         2.1476
 82  5.213         3.2860         2.1688
 83  5.313         3.3195         2.1900
 84  5.413         3.3519         2.2088
 85  5.513         3.3832         2.2257
 86  5.613         3.4135         2.2428
 87  5.713         3.4429         2.2589
 88  5.813         3.4715         2.2745
 89  5.913         3.4991         2.2886
 90  6.013         3.5257         2.3004
 91  6.113         3.5515         2.3113
 92  6.213         3.5764         2.3227
 93  6.313         3.6005         2.3326
 94  6.413         3.6237         2.3413
 95  6.513         3.6462         2.3484
 96  6.613         3.6678         2.3540
 97  6.713         3.6887         2.3599
 98  6.813         3.7089         2.3680
 99  6.913         3.7286         2.3749
100  7.013         3.7479         2.3862
101  7.113         3.7668         2.3965
102  7.213         3.7853         2.4038
103  7.313         3.8032         2.4106
104  7.413         3.8210         2.4249
105  7.513         3.8389         2.4438
106  7.613         3.8569         2.4653
107  7.713         3.8749         2.4850
108  7.813         3.8930         2.5031
109  7.913         3.9112         2.5240
110  8.013         3.9296         2.5483
111  8.113         3.9486         2.5791
112  8.213         3.9682         2.6143
113  8.313         3.9887         2.6508
114  8.413         4.0096         2.6823
115  8.513         4.0312         2.7171
116  8.613         4.0538         2.7583
117  8.713         4.0774         2.8023
118  8.813         4.1023         2.8481
119  8.913         4.1284         2.8939
120  9.013         4.1556         2.9393
121  9.113         4.1846         2.9949
122  9.213         4.2162         3.0619
123  9.313         4.2511         3.1392
124  9.413         4.2870         3.1861
125  9.513         4.3217         3.2068
126  9.613         4.3547         3.2198
127  9.713         4.3872         3.2451
128  9.813         4.4191         3.2693
129  9.913         4.4499         3.2852
130 10.013         4.4797         3.3008
131 10.113         4.5085         3.3168
132 10.213         4.5366         3.3328
133 10.313         4.5639         3.3488
134 10.413         4.5904         3.3620
135 10.513         4.6160         3.3750
136 10.613         4.6411         3.3891
137 10.713         4.6655         3.4031
138 10.813         4.6894         3.4182
139 10.913         4.7128         3.4327
140 11.013         4.7356         3.4455
141 11.113         4.7580         3.4594
142 11.213         4.7799         3.4707
143 11.313         4.8010         3.4778
144 11.413         4.8215         3.4840
145 11.513         4.8413         3.4910
146 11.613         4.8606         3.4981
147 11.713         4.8793         3.5046
148 11.813         4.8974         3.5087
149 11.913         4.9151         3.5155
150 12.013         4.9325         3.5263
151 12.113         4.9497         3.5389
152 12.213         4.9666         3.5480
153 12.313         4.9833         3.5604
154 12.413         5.0000         3.5770


#AGE=11.000 BINS=152 Power-law IMF: x=-2.350
# N  sdss_r       Log10(N)       Log10(dN)
  1 -2.897        -0.8381        -0.8381
  2 -2.797        -0.5471        -0.8584
  3 -2.697        -0.3660        -0.8333
  4 -2.597        -0.2297        -0.7995
  5 -2.497        -0.1185        -0.7644
  6 -2.397        -0.0245        -0.7353
  7 -2.297         0.0552        -0.7202
  8 -2.197         0.1279        -0.6845
  9 -2.097         0.1942        -0.6545
 10 -1.997         0.2531        -0.6442
 11 -1.897         0.3079        -0.6180
 12 -1.797         0.3614        -0.5743
 13 -1.697         0.4111        -0.5547
 14 -1.597         0.4589        -0.5231
 15 -1.497         0.5056        -0.4868
 16 -1.397         0.5495        -0.4667
 17 -1.297         0.5924        -0.4350
 18 -1.197         0.6341        -0.4037
 19 -1.097         0.6746        -0.3765
 20 -0.997         0.7145        -0.3418
 21 -0.897         0.7532        -0.3156
 22 -0.797         0.7915        -0.2822
 23 -0.697         0.8292        -0.2507
 24 -0.597         0.8669        -0.2142
 25 -0.497         0.9024        -0.2020
 26 -0.397         0.9620         0.0700
 27 -0.297         1.0488         0.3068
 28 -0.197         1.0830        -0.0372
 29 -0.097         1.1154        -0.0292
 30  0.003         1.1470        -0.0061
 31  0.103         1.1784         0.0223
 32  0.203         1.2098         0.0534
 33  0.303         1.2414         0.0870
 34  0.403         1.2727         0.1154
 35  0.503         1.3043         0.1499
 36  0.603         1.3355         0.1764
 37  0.703         1.3670         0.2120
 38  0.803         1.3984         0.2421
 39  0.903         1.4300         0.2763
 40  1.003         1.4617         0.3092
 41  1.103         1.4938         0.3460
 42  1.203         1.5259         0.3796
 43  1.303         1.5582         0.4137
 44  1.403         1.5908         0.4498
 45  1.503         1.6235         0.4837
 46  1.603         1.6564         0.5200
 47  1.703         1.6896         0.5554
 48  1.803         1.7231         0.5939
 49  1.903         1.7574         0.6385
 50  2.003         1.7936         0.6960
 51  2.103         1.8318         0.7570
 52  2.203         1.8691         0.7850
 53  2.303         1.9050         0.8048
 54  2.403         1.9396         0.8236
 55  2.503         1.9725         0.8351
 56  2.603         2.0041         0.8506
 57  2.703         2.0353         0.8756
 58  2.803         2.0678         0.9258
 59  2.903         2.1053         1.0229
 60  3.003         2.1598         1.2315
 61  3.103         2.2248         1.3676
 62  3.203         2.2858         1.4033
 63  3.303         2.3467         1.4636
 64  3.403         2.4086         1.5318
 65  3.503         2.4698         1.5888
 66  3.603         2.5312         1.6512
 67  3.703         2.5920         1.7082
 68  3.803         2.6511         1.7558
 69  3.903         2.7081         1.7974
 70  4.003         2.7642         1.8477
 71  4.103         2.8187         1.8908
 72  4.203         2.8706         1.9221
 73  4.303         2.9189         1.9413
 74  4.403         2.9648         1.9659
 75  4.503         3.0091         1.9955
 76  4.603         3.0523         2.0292
 77  4.703         3.0945         2.0611
 78  4.803         3.1352         2.0868
 79  4.903         3.1747         2.1138
 80  5.003         3.2131         2.1401
 81  5.103         3.2503         2.1654
 82  5.203         3.2865         2.1885
 83  5.303         3.3216         2.2119
 84  5.403         3.3555         2.2312
 85  5.503         3.3882         2.2491
 86  5.603         3.4199         2.2670
 87  5.703         3.4506         2.2842
 88  5.803         3.4803         2.3004
 89  5.903         3.5089         2.3145
 90  6.003         3.5366         2.3276
 91  6.103         3.5633         2.3390
 92  6.203         3.5892         2.3507
 93  6.303         3.6142         2.3614
 94  6.403         3.6382         2.3702
 95  6.503         3.6615         2.3781
 96  6.603         3.6838         2.3840
 97  6.703         3.7054         2.3910
 98  6.803         3.7263         2.3987
 99  6.903         3.7467         2.4070
100  7.003         3.7665         2.4171
101  7.103         3.7860         2.4279
102  7.203         3.8049         2.4344
103  7.303         3.8234         2.4431
104  7.403         3.8417         2.4579
105  7.503         3.8601         2.4773
106  7.603         3.8786         2.4984
107  7.703         3.8971         2.5171
108  7.803         3.9155         2.5340
109  7.903         3.9340         2.5553
110  8.003         3.9529         2.5817
111  8.103         3.9723         2.6125
112  8.203         3.9924         2.6467
113  8.303         4.0132         2.6837
114  8.403         4.0345         2.7155
115  8.503         4.0565         2.7501
116  8.603         4.0795         2.7912
117  8.703         4.1035         2.8343
118  8.803         4.1286         2.8775
119  8.903         4.1549         2.9248
120  9.003         4.1826         2.9733
121  9.103         4.2119         3.0269
122  9.203         4.2435         3.0898
123  9.303         4.2780         3.1608
124  9.403         4.3144         3.2198
125  9.503         4.3501         3.2470
126  9.603         4.3840         3.2594
127  9.703         4.4171         3.2828
128  9.803         4.4494         3.3048
129  9.903         4.4807         3.3222
130 10.003         4.5109         3.3381
131 10.103         4.5401         3.3535
132 10.203         4.5685         3.3699
133 10.303         4.5961         3.3848
134 10.403         4.6227         3.3979
135 10.503         4.6486         3.4110
136 10.603         4.6737         3.4235
137 10.703         4.6983         3.4376
138 10.803         4.7222         3.4517
139 10.903         4.7456         3.4655
140 11.003         4.7685         3.4796
141 11.103         4.7909         3.4916
142 11.203         4.8127         3.5022
143 11.303         4.8340         3.5136
144 11.403         4.8546         3.5215
145 11.503         4.8745         3.5259
146 11.603         4.8937         3.5295
147 11.703         4.9123         3.5356
148 11.803         4.9306         3.5444
149 11.903         4.9484         3.5531
150 12.003         4.9658         3.5586
151 12.103         4.9829         3.5698
152 12.203         5.0000         3.5873


#AGE=12.000 BINS=153 Power-law IMF: x=-2.350
# N  sdss_r       Log10(N)       Log10(dN)
  1 -2.857        -0.9082        -0.9082
  2 -2.757        -0.5939        -0.8821
  3 -2.657        -0.4085        -0.8674
  4 -2.557        -0.2662        -0.8199
  5 -2.457        -0.1578        -0.8137
  6 -2.357        -0.0641        -0.7760
  7 -2.257         0.0173        -0.7498
  8 -2.157         0.0902        -0.7210
  9 -2.057         0.1552        -0.7020
 10 -1.957         0.2162        -0.6663
 11 -1.857         0.2732        -0.6365
 12 -1.757         0.3262        -0.6138
 13 -1.657         0.3754        -0.5952
 14 -1.557         0.4230        -0.5605
 15 -1.457         0.4697        -0.5223
 16 -1.357         0.5148        -0.4911
 17 -1.257         0.5573        -0.4732
 18 -1.157         0.5994        -0.4341
 19 -1.057         0.6405        -0.4048
 20 -0.957         0.6805        -0.3745
 21 -0.857         0.7197        -0.3445
 22 -0.757         0.7578        -0.3179
 23 -0.657         0.7961        -0.2773
 24 -0.557         0.8332        -0.2537
 25 -0.457         0.8690        -0.2328
 26 -0.357         0.9117        -0.1168
 27 -0.257         1.0124         0.3283
 28 -0.157         1.0475        -0.0629
 29 -0.057         1.0803        -0.0582
 30  0.043         1.1120        -0.0393
 31  0.143         1.1439        -0.0067
 32  0.243         1.1755         0.0216
 33  0.343         1.2073         0.0557
 34  0.443         1.2389         0.0859
 35  0.543         1.2708         0.1204
 36  0.643         1.3024         0.1489
 37  0.743         1.3339         0.1793
 38  0.843         1.3656         0.2128
 39  0.943         1.3975         0.2477
 40  1.043         1.4296         0.2821
 41  1.143         1.4617         0.3152
 42  1.243         1.4942         0.3519
 43  1.343         1.5269         0.3866
 44  1.443         1.5596         0.4205
 45  1.543         1.5926         0.4565
 46  1.643         1.6256         0.4908
 47  1.743         1.6590         0.5284
 48  1.843         1.6927         0.5659
 49  1.943         1.7270         0.6068
 50  2.043         1.7623         0.6551
 51  2.143         1.8004         0.7242
 52  2.243         1.8388         0.7660
 53  2.343         1.8755         0.7844
 54  2.443         1.9108         0.8032
 55  2.543         1.9442         0.8145
 56  2.643         1.9762         0.8274
 57  2.743         2.0073         0.8471
 58  2.843         2.0387         0.8812
 59  2.943         2.0725         0.9472
 60  3.043         2.1140         1.0737
 61  3.143         2.1716         1.2658
 62  3.243         2.2316         1.3425
 63  3.343         2.2908         1.3956
 64  3.443         2.3505         1.4596
 65  3.543         2.4112         1.5267
 66  3.643         2.4719         1.5873
 67  3.743         2.5318         1.6420
 68  3.843         2.5908         1.6944
 69  3.943         2.6483         1.7416
 70  4.043         2.7046         1.7895
 71  4.143         2.7601         1.8394
 72  4.243         2.8141         1.8817
 73  4.343         2.8649         1.9076
 74  4.443         2.9133         1.9365
 75  4.543         2.9601         1.9695
 76  4.643         3.0052         1.9990
 77  4.743         3.0485         2.0260
 78  4.843         3.0904         2.0543
 79  4.943         3.1312         2.0832
 80  5.043         3.1707         2.1103
 81  5.143         3.2091         2.1361
 82  5.243         3.2464         2.1618
 83  5.343         3.2825         2.1845
 84  5.443         3.3173         2.2039
 85  5.543         3.3509         2.2232
 86  5.643         3.3835         2.2420
 87  5.743         3.4149         2.2590
 88  5.843         3.4453         2.2751
 89  5.943         3.4746         2.2888
 90  6.043         3.5028         2.3017
 91  6.143         3.5300         2.3138
 92  6.243         3.5564         2.3259
 93  6.343         3.5818         2.3362
 94  6.443         3.6062         2.3446
 95  6.543         3.6298         2.3520
 96  6.643         3.6524         2.3590
 97  6.743         3.6744         2.3672
 98  6.843         3.6957         2.3758
 99  6.943         3.7164         2.3843
100  7.043         3.7366         2.3951
101  7.143         3.7564         2.4041
102  7.243         3.7756         2.4110
103  7.343         3.7944         2.4230
104  7.443         3.8133         2.4410
105  7.543         3.8322         2.4625
106  7.643         3.8512         2.4820
107  7.743         3.8701         2.4988
108  7.843         3.8889         2.5177
109  7.943         3.9080         2.5411
110  8.043         3.9275         2.5698
111  8.143         3.9476         2.6041
112  8.243         3.9685         2.6397
113  8.343         3.9900         2.6729
114  8.443         4.0120         2.7062
115  8.543         4.0348         2.7443
116  8.643         4.0587         2.7866
117  8.743         4.0835         2.8285
118  8.843         4.1094         2.8722
119  8.943         4.1367         2.9212
120  9.043         4.1655         2.9721
121  9.143         4.1961         3.0298
122  9.243         4.2291         3.0932
123  9.343         4.2643         3.1560
124  9.443         4.3018         3.2188
125  9.543         4.3373         3.2316
126  9.643         4.3713         3.2489
127  9.743         4.4046         3.2724
128  9.843         4.4370         3.2933
129  9.943         4.4681         3.3076
130 10.043         4.4981         3.3223
131 10.143         4.5273         3.3403
132 10.243         4.5556         3.3557
133 10.343         4.5830         3.3697
134 10.443         4.6095         3.3819
135 10.543         4.6351         3.3931
136 10.643         4.6601         3.4071
137 10.743         4.6844         3.4208
138 10.843         4.7082         3.4342
139 10.943         4.7313         3.4472
140 11.043         4.7540         3.4599
141 11.143         4.7761         3.4729
142 11.243         4.7977         3.4826
143 11.343         4.8186         3.4899
144 11.443         4.8388         3.4981
145 11.543         4.8585         3.5053
146 11.643         4.8776         3.5113
147 11.743         4.8961         3.5153
148 11.843         4.9141         3.5220
149 11.943         4.9317         3.5324
150 12.043         4.9492         3.5439
151 12.143         4.9662         3.5521
152 12.243         4.9831         3.5643
153 12.343         5.0000         3.5811


#AGE=13.000 BINS=155 Power-law IMF: x=-2.350
# N  sdss_r       Log10(N)       Log10(dN)
  1 -2.927        -0.0111        -0.0111
  2 -2.827         0.0336        -0.9756
  3 -2.727         0.0777        -0.9378
  4 -2.627         0.1237        -0.8747
  5 -2.527         0.1627        -0.9023
  6 -2.427         0.2022        -0.8592
  7 -2.327         0.2412        -0.8245
  8 -2.227         0.2794        -0.7956
  9 -2.127         0.3174        -0.7589
 10 -2.027         0.3533        -0.7481
 11 -1.927         0.3888        -0.7166
 12 -1.827         0.4239        -0.6860
 13 -1.727         0.4565        -0.6837
 14 -1.627         0.4905        -0.6329
 15 -1.527         0.5252        -0.5899
 16 -1.427         0.5580        -0.5795
 17 -1.327         0.5906        -0.5497
 18 -1.227         0.6234        -0.5158
 19 -1.127         0.6565        -0.4778
 20 -1.027         0.6889        -0.4536
 21 -0.927         0.7215        -0.4196
 22 -0.827         0.7534        -0.3960
 23 -0.727         0.7862        -0.3520
 24 -0.627         0.8186        -0.3257
 25 -0.527         0.8503        -0.3019
 26 -0.427         0.8809        -0.2869
 27 -0.327         0.9190        -0.1559
 28 -0.227         1.0069         0.2698
 29 -0.127         1.0392        -0.1063
 30 -0.027         1.0695        -0.1020
 31  0.073         1.0990        -0.0828
 32  0.173         1.1287        -0.0506
 33  0.273         1.1585        -0.0202
 34  0.373         1.1882         0.0074
 35  0.473         1.2182         0.0429
 36  0.573         1.2483         0.0744
 37  0.673         1.2786         0.1072
 38  0.773         1.3089         0.1381
 39  0.873         1.3393         0.1683
 40  0.973         1.3700         0.2041
 41  1.073         1.4007         0.2348
 42  1.173         1.4322         0.2773
 43  1.273         1.4637         0.3089
 44  1.373         1.4956         0.3451
 45  1.473         1.5275         0.3784
 46  1.573         1.5598         0.4149
 47  1.673         1.5922         0.4493
 48  1.773         1.6250         0.4868
 49  1.873         1.6581         0.5232
 50  1.973         1.6917         0.5635
 51  2.073         1.7261         0.6079
 52  2.173         1.7628         0.6718
 53  2.273         1.8012         0.7290
 54  2.373         1.8383         0.7512
 55  2.473         1.8740         0.7707
 56  2.573         1.9078         0.7829
 57  2.673         1.9400         0.7941
 58  2.773         1.9710         0.8090
 59  2.873         2.0017         0.8355
 60  2.973         2.0334         0.8812
 61  3.073         2.0691         0.9663
 62  3.173         2.1157         1.1228
 63  3.273         2.1737         1.2711
 64  3.373         2.2312         1.3246
 65  3.473         2.2897         1.3904
 66  3.573         2.3495         1.4582
 67  3.673         2.4100         1.5242
 68  3.773         2.4709         1.5875
 69  3.873         2.5310         1.6429
 70  3.973         2.5900         1.6939
 71  4.073         2.6473         1.7395
 72  4.173         2.7044         1.7949
 73  4.273         2.7605         1.8434
 74  4.373         2.8145         1.8831
 75  4.473         2.8654         1.9092
 76  4.573         2.9138         1.9365
 77  4.673         2.9600         1.9636
 78  4.773         3.0045         1.9936
 79  4.873         3.0476         2.0232
 80  4.973         3.0895         2.0524
 81  5.073         3.1300         2.0799
 82  5.173         3.1694         2.1081
 83  5.273         3.2077         2.1340
 84  5.373         3.2447         2.1564
 85  5.473         3.2804         2.1771
 86  5.573         3.3149         2.1977
 87  5.673         3.3482         2.2167
 88  5.773         3.3804         2.2343
 89  5.873         3.4114         2.2500
 90  5.973         3.4413         2.2635
 91  6.073         3.4700         2.2763
 92  6.173         3.4978         2.2900
 93  6.273         3.5246         2.3013
 94  6.373         3.5504         2.3116
 95  6.473         3.5752         2.3201
 96  6.573         3.5991         2.3274
 97  6.673         3.6221         2.3355
 98  6.773         3.6445         2.3444
 99  6.873         3.6661         2.3536
100  6.973         3.6872         2.3620
101  7.073         3.7077         2.3724
102  7.173         3.7278         2.3816
103  7.273         3.7473         2.3903
104  7.373         3.7666         2.4043
105  7.473         3.7859         2.4246
106  7.573         3.8053         2.4460
107  7.673         3.8247         2.4642
108  7.773         3.8439         2.4812
109  7.873         3.8633         2.5025
110  7.973         3.8829         2.5279
111  8.073         3.9030         2.5578
112  8.173         3.9237         2.5933
113  8.273         3.9452         2.6288
114  8.373         3.9673         2.6616
115  8.473         3.9899         2.6959
116  8.573         4.0135         2.7362
117  8.673         4.0381         2.7797
118  8.773         4.0637         2.8203
119  8.873         4.0903         2.8646
120  8.973         4.1183         2.9140
121  9.073         4.1479         2.9670
122  9.173         4.1799         3.0307
123  9.273         4.2135         3.0860
124  9.373         4.2495         3.1496
125  9.473         4.2876         3.2121
126  9.573         4.3231         3.2175
127  9.673         4.3574         3.2380
128  9.773         4.3908         3.2606
129  9.873         4.4231         3.2777
130  9.973         4.4542         3.2943
131 10.073         4.4843         3.3097
132 10.173         4.5134         3.3254
133 10.273         4.5417         3.3413
134 10.373         4.5690         3.3537
135 10.473         4.5953         3.3653
136 10.573         4.6209         3.3776
137 10.673         4.6457         3.3900
138 10.773         4.6699         3.4039
139 10.873         4.6935         3.4168
140 10.973         4.7165         3.4292
141 11.073         4.7389         3.4412
142 11.173         4.7609         3.4530
143 11.273         4.7823         3.4649
144 11.373         4.8031         3.4724
145 11.473         4.8231         3.4765
146 11.573         4.8424         3.4818
147 11.673         4.8613         3.4892
148 11.773         4.8797         3.4980
149 11.873         4.8976         3.5040
150 11.973         4.9151         3.5122
151 12.073         4.9324         3.5242
152 12.173         4.9496         3.5377
153 12.273         4.9665         3.5484
154 12.373         4.9832         3.5616
155 12.473         5.0000         3.5779
