#NUMBER OF AGES=15
#----------------------------------------------------       
#MIX-LEN  Y      Z          Zeff        [Fe/H] [a/Fe]       
# 1.9380  0.2575 8.1648E-03 8.1648E-03  -0.30   0.00        
#----------------------------------------------------       
#**PHOTOMETRIC SYSTEM**: SDSS (AB)                          
#----------------------------------------------------       
#AGE= 0.010 BINS=148 Power-law IMF: x=-2.350
# N  sdss_r       Log10(N)       Log10(dN)
  1 -3.184         1.3377         1.3377
  2 -3.084         1.6424         1.3450
  3 -2.984         1.8207         1.3480
  4 -2.884         1.9463         1.3465
  5 -2.784         2.0424         1.3400
  6 -2.684         2.1190         1.3279
  7 -2.584         2.1796         1.2944
  8 -2.484         2.2193         1.1604
  9 -2.384         2.2465         1.0296
 10 -2.284         2.2683         0.9581
 11 -2.184         2.2899         0.9750
 12 -2.084         2.3151         1.0675
 13 -1.984         2.3470         1.1966
 14 -1.884         2.3871         1.3323
 15 -1.784         2.4357         1.4610
 16 -1.684         2.4943         1.5954
 17 -1.584         2.5545         1.6667
 18 -1.484         2.6034         1.6304
 19 -1.384         2.6413         1.5628
 20 -1.284         2.6712         1.4950
 21 -1.184         2.6950         1.4210
 22 -1.084         2.7137         1.3386
 23 -0.984         2.7284         1.2522
 24 -0.884         2.7399         1.1562
 25 -0.784         2.7487         1.0496
 26 -0.684         2.7556         0.9561
 27 -0.584         2.7618         0.9139
 28 -0.484         2.7685         0.9509
 29 -0.384         2.8051         1.7127
 30 -0.284         2.8383         1.7051
 31 -0.184         2.8705         1.7253
 32 -0.084         2.9025         1.7534
 33  0.016         2.9368         1.8173
 34  0.116         2.9701         1.8383
 35  0.216         3.0014         1.8429
 36  0.316         3.0372         1.9360
 37  0.416         3.0717         1.9542
 38  0.516         3.1078         2.0095
 39  0.616         3.1433         2.0386
 40  0.716         3.1762         2.0395
 41  0.816         3.2071         2.0442
 42  0.916         3.2446         2.1613
 43  1.016         3.2931         2.3176
 44  1.116         3.3270         2.2018
 45  1.216         3.3561         2.1678
 46  1.316         3.3769         2.0485
 47  1.416         3.3977         2.0662
 48  1.516         3.4193         2.1052
 49  1.616         3.4424         2.1565
 50  1.716         3.4648         2.1661
 51  1.816         3.4868         2.1802
 52  1.916         3.5087         2.2013
 53  2.016         3.5302         2.2136
 54  2.116         3.5512         2.2253
 55  2.216         3.5718         2.2372
 56  2.316         3.5920         2.2493
 57  2.416         3.6118         2.2614
 58  2.516         3.6313         2.2737
 59  2.616         3.6505         2.2861
 60  2.716         3.6694         2.2986
 61  2.816         3.6880         2.3112
 62  2.916         3.7064         2.3240
 63  3.016         3.7245         2.3368
 64  3.116         3.7425         2.3497
 65  3.216         3.7602         2.3628
 66  3.316         3.7771         2.3579
 67  3.416         3.7936         2.3651
 68  3.516         3.8102         2.3852
 69  3.616         3.8273         2.4125
 70  3.716         3.8470         2.4932
 71  3.816         3.8642         2.4546
 72  3.916         3.8810         2.4599
 73  4.016         3.8980         2.4812
 74  4.116         3.9150         2.5004
 75  4.216         3.9296         2.4503
 76  4.316         3.9432         2.4301
 77  4.416         3.9567         2.4440
 78  4.516         3.9684         2.3922
 79  4.616         3.9797         2.3899
 80  4.716         3.9911         2.4040
 81  4.816         4.0026         2.4190
 82  4.916         4.0142         2.4344
 83  5.016         4.0258         2.4486
 84  5.116         4.0375         2.4608
 85  5.216         4.0483         2.4382
 86  5.316         4.0581         2.4064
 87  5.416         4.0679         2.4178
 88  5.516         4.0778         2.4294
 89  5.616         4.0877         2.4412
 90  5.716         4.0976         2.4532
 91  5.816         4.1077         2.4654
 92  5.916         4.1177         2.4779
 93  6.016         4.1279         2.4906
 94  6.116         4.1381         2.5036
 95  6.216         4.1483         2.5172
 96  6.316         4.1587         2.5307
 97  6.416         4.1691         2.5438
 98  6.516         4.1796         2.5565
 99  6.616         4.1898         2.5587
100  6.716         4.1983         2.4824
101  6.816         4.2065         2.4818
102  6.916         4.2147         2.4822
103  7.016         4.2226         2.4836
104  7.116         4.2305         2.4863
105  7.216         4.2384         2.4905
106  7.316         4.2462         2.4962
107  7.416         4.2540         2.5036
108  7.516         4.2618         2.5129
109  7.616         4.2706         2.5739
110  7.716         4.2758         2.3533
111  7.816         4.2808         2.3415
112  7.916         4.2895         2.5853
113  8.016         4.3077         2.9198
114  8.116         4.3245         2.9043
115  8.216         4.3412         2.9185
116  8.316         4.3620         3.0307
117  8.416         4.3836         3.0706
118  8.516         4.4061         3.1085
119  8.616         4.4295         3.1500
120  8.716         4.4548         3.2072
121  8.816         4.4799         3.2301
122  8.916         4.5045         3.2455
123  9.016         4.5285         3.2584
124  9.116         4.5517         3.2684
125  9.216         4.5740         3.2736
126  9.316         4.5953         3.2752
127  9.416         4.6156         3.2749
128  9.516         4.6348         3.2717
129  9.616         4.6531         3.2671
130  9.716         4.6705         3.2651
131  9.816         4.6873         3.2675
132  9.916         4.7039         3.2766
133 10.016         4.7206         3.2978
134 10.116         4.7381         3.3333
135 10.216         4.7529         3.2783
136 10.316         4.7686         3.3184
137 10.416         4.7861         3.3848
138 10.516         4.8042         3.4147
139 10.616         4.8228         3.4454
140 10.716         4.8419         3.4740
141 10.816         4.8612         3.5011
142 10.916         4.8809         3.5266
143 11.016         4.9007         3.5506
144 11.116         4.9207         3.5730
145 11.216         4.9407         3.5937
146 11.316         4.9606         3.6126
147 11.416         4.9804         3.6295
148 11.516         5.0000         3.6443


#AGE= 0.100 BINS=144 Power-law IMF: x=-2.350
# N  sdss_r       Log10(N)       Log10(dN)
  1 -2.680         1.3602         1.3602
  2 -2.580         1.6660         1.3696
  3 -2.480         1.8450         1.3737
  4 -2.380         1.9710         1.3722
  5 -2.280         2.0671         1.3647
  6 -2.180         2.1433         1.3502
  7 -2.080         2.2000         1.2876
  8 -1.980         2.2350         1.1231
  9 -1.880         2.2590         0.9906
 10 -1.780         2.2801         0.9557
 11 -1.680         2.3043         1.0391
 12 -1.580         2.3365         1.1897
 13 -1.480         2.3821         1.3805
 14 -1.380         2.4378         1.5188
 15 -1.280         2.5034         1.6502
 16 -1.180         2.5679         1.7078
 17 -1.080         2.6165         1.6410
 18 -0.980         2.6529         1.5576
 19 -0.880         2.6803         1.4667
 20 -0.780         2.7009         1.3668
 21 -0.680         2.7159         1.2482
 22 -0.580         2.7268         1.1188
 23 -0.480         2.7349         1.0032
 24 -0.380         2.7418         0.9391
 25 -0.280         2.7742         1.6312
 26 -0.180         2.8071         1.6695
 27 -0.080         2.8376         1.6701
 28  0.020         2.8721         1.7542
 29  0.120         2.9097         1.8289
 30  0.220         2.9458         1.8472
 31  0.320         2.9792         1.8490
 32  0.420         3.0125         1.8799
 33  0.520         3.0433         1.8797
 34  0.620         3.0763         1.9397
 35  0.720         3.1117         2.0055
 36  0.820         3.1465         2.0338
 37  0.920         3.1790         2.0362
 38  1.020         3.2191         2.1648
 39  1.120         3.2679         2.2943
 40  1.220         3.3030         2.1930
 41  1.320         3.3330         2.1579
 42  1.420         3.3550         2.0487
 43  1.520         3.3763         2.0566
 44  1.620         3.3971         2.0662
 45  1.720         3.4183         2.0956
 46  1.820         3.4391         2.1101
 47  1.920         3.4597         2.1249
 48  2.020         3.4824         2.1898
 49  2.120         3.5053         2.2153
 50  2.220         3.5276         2.2274
 51  2.320         3.5494         2.2394
 52  2.420         3.5707         2.2514
 53  2.520         3.5916         2.2635
 54  2.620         3.6121         2.2756
 55  2.720         3.6322         2.2878
 56  2.820         3.6520         2.3001
 57  2.920         3.6714         2.3124
 58  3.020         3.6905         2.3247
 59  3.120         3.7094         2.3370
 60  3.220         3.7279         2.3494
 61  3.320         3.7462         2.3618
 62  3.420         3.7634         2.3519
 63  3.520         3.7803         2.3625
 64  3.620         3.7974         2.3841
 65  3.720         3.8151         2.4159
 66  3.820         3.8349         2.4838
 67  3.920         3.8524         2.4498
 68  4.020         3.8695         2.4554
 69  4.120         3.8871         2.4877
 70  4.220         3.9033         2.4662
 71  4.320         3.9175         2.4245
 72  4.420         3.9312         2.4223
 73  4.520         3.9438         2.4024
 74  4.620         3.9553         2.3699
 75  4.720         3.9667         2.3825
 76  4.820         3.9782         2.3961
 77  4.920         3.9898         2.4105
 78  5.020         4.0015         2.4256
 79  5.120         4.0133         2.4396
 80  5.220         4.0250         2.4517
 81  5.320         4.0361         2.4355
 82  5.420         4.0461         2.4028
 83  5.520         4.0561         2.4139
 84  5.620         4.0661         2.4253
 85  5.720         4.0762         2.4368
 86  5.820         4.0863         2.4487
 87  5.920         4.0965         2.4607
 88  6.020         4.1067         2.4729
 89  6.120         4.1170         2.4854
 90  6.220         4.1273         2.4981
 91  6.320         4.1377         2.5114
 92  6.420         4.1481         2.5252
 93  6.520         4.1587         2.5385
 94  6.620         4.1693         2.5513
 95  6.720         4.1799         2.5636
 96  6.820         4.1906         2.5754
 97  6.920         4.2002         2.5423
 98  7.020         4.2086         2.4893
 99  7.120         4.2167         2.4862
100  7.220         4.2247         2.4845
101  7.320         4.2325         2.4844
102  7.420         4.2403         2.4863
103  7.520         4.2479         2.4903
104  7.620         4.2558         2.5105
105  7.720         4.2631         2.4863
106  7.820         4.2676         2.2807
107  7.920         4.2727         2.3404
108  8.020         4.2788         2.4250
109  8.120         4.2858         2.4843
110  8.220         4.2967         2.6920
111  8.320         4.3145         2.9193
112  8.420         4.3356         3.0106
113  8.520         4.3580         3.0596
114  8.620         4.3822         3.1159
115  8.720         4.4091         3.1888
116  8.820         4.4359         3.2127
117  8.920         4.4624         3.2340
118  9.020         4.4884         3.2525
119  9.120         4.5138         3.2682
120  9.220         4.5385         3.2807
121  9.320         4.5623         3.2897
122  9.420         4.5851         3.2935
123  9.520         4.6066         3.2915
124  9.620         4.6269         3.2856
125  9.720         4.6459         3.2776
126  9.820         4.6639         3.2724
127  9.920         4.6812         3.2726
128 10.020         4.6982         3.2819
129 10.120         4.7155         3.3080
130 10.220         4.7320         3.3043
131 10.320         4.7463         3.2573
132 10.420         4.7638         3.3602
133 10.520         4.7817         3.3869
134 10.620         4.8000         3.4161
135 10.720         4.8189         3.4475
136 10.820         4.8382         3.4776
137 10.920         4.8580         3.5058
138 11.020         4.8780         3.5324
139 11.120         4.8983         3.5574
140 11.220         4.9187         3.5807
141 11.320         4.9392         3.6023
142 11.420         4.9596         3.6219
143 11.520         4.9799         3.6395
144 11.620         5.0000         3.6549


#AGE= 1.000 BINS=137 Power-law IMF: x=-2.350
# N  sdss_r       Log10(N)       Log10(dN)
  1 -0.941        -0.0692        -0.0692
  2 -0.841         0.2281        -0.0766
  3 -0.741         0.4032        -0.0759
  4 -0.641         0.5266        -0.0801
  5 -0.541         0.6233        -0.0767
  6 -0.441         0.7026        -0.0747
  7 -0.341         0.7703        -0.0708
  8 -0.241         0.8291        -0.0681
  9 -0.141         0.8815        -0.0632
 10 -0.041         0.9279        -0.0660
 11  0.059         0.9698        -0.0663
 12  0.159         1.0075        -0.0729
 13  0.259         1.0419        -0.0758
 14  0.359         1.0734        -0.0830
 15  0.459         1.1021        -0.0910
 16  0.559         1.2255         0.6186
 17  0.659         1.3769         0.8457
 18  0.759         1.4331         0.5178
 19  0.859         1.6127         1.1424
 20  0.959         1.8966         1.5778
 21  1.059         2.1037         1.6827
 22  1.159         2.2527         1.7157
 23  1.259         2.3698         1.7431
 24  1.359         2.4639         1.7536
 25  1.459         2.5454         1.7788
 26  1.559         2.6189         1.8112
 27  1.659         2.6853         1.8370
 28  1.759         2.7428         1.8361
 29  1.859         2.7993         1.8856
 30  1.959         2.8535         1.9225
 31  2.059         2.9039         1.9439
 32  2.159         2.9516         1.9683
 33  2.259         2.9966         1.9899
 34  2.359         3.0389         2.0071
 35  2.459         3.0782         2.0152
 36  2.559         3.1154         2.0293
 37  2.659         3.1498         2.0310
 38  2.759         3.1815         2.0301
 39  2.859         3.2122         2.0456
 40  2.959         3.2417         2.0597
 41  3.059         3.2702         2.0732
 42  3.159         3.2978         2.0858
 43  3.259         3.3243         2.0977
 44  3.359         3.3500         2.1089
 45  3.459         3.3748         2.1193
 46  3.559         3.3988         2.1289
 47  3.659         3.4220         2.1376
 48  3.759         3.4444         2.1455
 49  3.859         3.4660         2.1538
 50  3.959         3.4873         2.1663
 51  4.059         3.5078         2.1722
 52  4.159         3.5277         2.1782
 53  4.259         3.5427         2.0736
 54  4.359         3.5632         2.2274
 55  4.459         3.5820         2.2085
 56  4.559         3.6005         2.2208
 57  4.659         3.6187         2.2323
 58  4.759         3.6367         2.2450
 59  4.859         3.6586         2.3510
 60  4.959         3.6877         2.4983
 61  5.059         3.7067         2.3376
 62  5.159         3.7213         2.2408
 63  5.259         3.7338         2.1869
 64  5.359         3.7453         2.1654
 65  5.459         3.7567         2.1677
 66  5.559         3.7682         2.1864
 67  5.659         3.7802         2.2159
 68  5.759         3.7929         2.2514
 69  5.859         3.8055         2.2623
 70  5.959         3.8177         2.2597
 71  6.059         3.8296         2.2619
 72  6.159         3.8414         2.2686
 73  6.259         3.8529         2.2732
 74  6.359         3.8644         2.2803
 75  6.459         3.8758         2.2903
 76  6.559         3.8873         2.3031
 77  6.659         3.8993         2.3349
 78  6.759         3.9121         2.3756
 79  6.859         3.9256         2.4098
 80  6.959         3.9395         2.4383
 81  7.059         3.9537         2.4614
 82  7.159         3.9680         2.4797
 83  7.259         3.9823         2.4930
 84  7.359         3.9965         2.5012
 85  7.459         4.0102         2.5041
 86  7.559         4.0235         2.5010
 87  7.659         4.0360         2.4911
 88  7.759         4.0478         2.4736
 89  7.859         4.0589         2.4622
 90  7.959         4.0698         2.4640
 91  8.059         4.0807         2.4767
 92  8.159         4.0918         2.4932
 93  8.259         4.1008         2.4101
 94  8.359         4.1114         2.4972
 95  8.459         4.1234         2.5588
 96  8.559         4.1357         2.5818
 97  8.659         4.1483         2.6043
 98  8.759         4.1611         2.6212
 99  8.859         4.1739         2.6386
100  8.959         4.1871         2.6641
101  9.059         4.2009         2.6952
102  9.159         4.2151         2.7233
103  9.259         4.2297         2.7497
104  9.359         4.2450         2.7843
105  9.459         4.2607         2.8097
106  9.559         4.2768         2.8388
107  9.659         4.2938         2.8778
108  9.759         4.3117         2.9167
109  9.859         4.3305         2.9577
110  9.959         4.3506         3.0070
111 10.059         4.3728         3.0699
112 10.159         4.3957         3.1065
113 10.259         4.4178         3.1134
114 10.359         4.4382         3.0990
115 10.459         4.4567         3.0768
116 10.559         4.4785         3.1689
117 10.659         4.5026         3.2347
118 10.759         4.5281         3.2838
119 10.859         4.5532         3.3029
120 10.959         4.5782         3.3265
121 11.059         4.6033         3.3528
122 11.159         4.6285         3.3783
123 11.259         4.6536         3.4030
124 11.359         4.6786         3.4269
125 11.459         4.7035         3.4499
126 11.559         4.7283         3.4720
127 11.659         4.7528         3.4929
128 11.759         4.7772         3.5140
129 11.859         4.8014         3.5365
130 11.959         4.8257         3.5607
131 12.059         4.8501         3.5866
132 12.159         4.8746         3.6142
133 12.259         4.8994         3.6437
134 12.359         4.9244         3.6731
135 12.459         4.9496         3.7008
136 12.559         4.9749         3.7264
137 12.659         5.0000         3.7499


#AGE= 2.000 BINS=152 Power-law IMF: x=-2.350
# N  sdss_r       Log10(N)       Log10(dN)
  1 -2.143        -0.2454        -0.2454
  2 -2.043         0.0343        -0.2892
  3 -1.943         0.2041        -0.2859
  4 -1.843         0.3290        -0.2732
  5 -1.743         0.4299        -0.2532
  6 -1.643         0.5169        -0.2243
  7 -1.543         0.5941        -0.1942
  8 -1.443         0.6627        -0.1725
  9 -1.343         0.7247        -0.1516
 10 -1.243         0.7821        -0.1251
 11 -1.143         0.8361        -0.0962
 12 -1.043         0.8872        -0.0669
 13 -0.943         0.9359        -0.0384
 14 -0.843         0.9827        -0.0083
 15 -0.743         1.0278         0.0223
 16 -0.643         1.0701         0.0375
 17 -0.543         1.1070         0.0177
 18 -0.443         1.1452         0.0710
 19 -0.343         1.1839         0.1146
 20 -0.243         1.2211         0.1345
 21 -0.143         1.2558         0.1420
 22 -0.043         1.2878         0.1382
 23  0.057         1.4681         0.9992
 24  0.157         1.5384         0.7133
 25  0.257         1.5665         0.3635
 26  0.357         1.5915         0.3387
 27  0.457         1.6138         0.3125
 28  0.557         1.6344         0.3001
 29  0.657         1.6539         0.2970
 30  0.757         1.6726         0.2968
 31  0.857         1.6903         0.2936
 32  0.957         1.7073         0.2892
 33  1.057         1.7234         0.2851
 34  1.157         1.7387         0.2794
 35  1.257         1.7534         0.2745
 36  1.357         1.7673         0.2668
 37  1.457         1.7807         0.2622
 38  1.557         1.7934         0.2543
 39  1.657         1.8880         1.1795
 40  1.757         1.9007         0.3620
 41  1.857         1.9705         1.1422
 42  1.957         2.1735         1.7455
 43  2.057         2.3484         1.8688
 44  2.157         2.4672         1.8462
 45  2.257         2.5618         1.8538
 46  2.357         2.6370         1.8382
 47  2.457         2.7022         1.8464
 48  2.557         2.7622         1.8730
 49  2.657         2.8171         1.8915
 50  2.757         2.8682         1.9136
 51  2.857         2.9171         1.9446
 52  2.957         2.9591         1.9240
 53  3.057         2.9964         1.9120
 54  3.157         3.0341         1.9532
 55  3.257         3.0730         2.0064
 56  3.357         3.1094         2.0149
 57  3.457         3.1433         2.0180
 58  3.557         3.1758         2.0344
 59  3.657         3.2074         2.0535
 60  3.757         3.2426         2.1334
 61  3.857         3.2757         2.1414
 62  3.957         3.3020         2.0714
 63  4.057         3.3287         2.1035
 64  4.157         3.3552         2.1286
 65  4.257         3.3787         2.0989
 66  4.357         3.4006         2.0924
 67  4.457         3.4220         2.1046
 68  4.557         3.4384         2.0060
 69  4.657         3.4593         2.1333
 70  4.757         3.4808         2.1635
 71  4.857         3.5017         2.1742
 72  4.957         3.5221         2.1838
 73  5.057         3.5423         2.2002
 74  5.157         3.5626         2.2217
 75  5.257         3.5819         2.2200
 76  5.357         3.6001         2.2144
 77  5.457         3.6175         2.2107
 78  5.557         3.6341         2.2086
 79  5.657         3.6501         2.2080
 80  5.757         3.6655         2.2088
 81  5.857         3.6805         2.2104
 82  5.957         3.6950         2.2095
 83  6.057         3.7090         2.2102
 84  6.157         3.7226         2.2130
 85  6.257         3.7359         2.2150
 86  6.357         3.7489         2.2184
 87  6.457         3.7615         2.2178
 88  6.557         3.7742         2.2331
 89  6.657         3.7877         2.2753
 90  6.757         3.8021         2.3164
 91  6.857         3.8172         2.3486
 92  6.957         3.8325         2.3732
 93  7.057         3.8479         2.3905
 94  7.157         3.8632         2.4005
 95  7.257         3.8780         2.4031
 96  7.357         3.8921         2.3972
 97  7.457         3.9053         2.3816
 98  7.557         3.9175         2.3607
 99  7.657         3.9292         2.3541
100  7.757         3.9408         2.3591
101  7.857         3.9524         2.3755
102  7.957         3.9643         2.3938
103  8.057         3.9761         2.4059
104  8.157         3.9857         2.3238
105  8.257         3.9986         2.4651
106  8.357         4.0112         2.4701
107  8.457         4.0240         2.4849
108  8.557         4.0372         2.5135
109  8.657         4.0506         2.5333
110  8.757         4.0642         2.5522
111  8.857         4.0779         2.5722
112  8.957         4.0920         2.5968
113  9.057         4.1067         2.6269
114  9.157         4.1218         2.6555
115  9.257         4.1374         2.6856
116  9.357         4.1535         2.7146
117  9.457         4.1697         2.7327
118  9.557         4.1870         2.7797
119  9.657         4.2064         2.8475
120  9.757         4.2276         2.9043
121  9.857         4.2499         2.9503
122  9.957         4.2730         2.9866
123 10.057         4.2962         3.0131
124 10.157         4.3191         3.0285
125 10.257         4.3409         3.0310
126 10.357         4.3597         2.9864
127 10.457         4.3781         2.9972
128 10.557         4.3996         3.0831
129 10.657         4.4234         3.1508
130 10.757         4.4485         3.1969
131 10.857         4.4746         3.2406
132 10.957         4.5006         3.2652
133 11.057         4.5260         3.2799
134 11.157         4.5511         3.3011
135 11.257         4.5761         3.3232
136 11.357         4.6009         3.3462
137 11.457         4.6257         3.3702
138 11.557         4.6506         3.3953
139 11.657         4.6754         3.4202
140 11.757         4.7001         3.4435
141 11.857         4.7249         3.4677
142 11.957         4.7496         3.4928
143 12.057         4.7744         3.5190
144 12.157         4.7994         3.5462
145 12.257         4.8245         3.5751
146 12.357         4.8500         3.6053
147 12.457         4.8755         3.6324
148 12.557         4.9010         3.6559
149 12.657         4.9261         3.6756
150 12.757         4.9508         3.6947
151 12.857         4.9754         3.7163
152 12.957         5.0000         3.7402


#AGE= 3.000 BINS=150 Power-law IMF: x=-2.350
# N  sdss_r       Log10(N)       Log10(dN)
  1 -2.018        -0.1768        -0.1768
  2 -1.918         0.1179        -0.1896
  3 -1.818         0.2876        -0.2027
  4 -1.718         0.4087        -0.2050
  5 -1.618         0.6398         0.2554
  6 -1.518         0.6910        -0.2625
  7 -1.418         0.7403        -0.2292
  8 -1.318         0.7876        -0.1987
  9 -1.218         0.8331        -0.1690
 10 -1.118         0.8765        -0.1454
 11 -1.018         0.9186        -0.1159
 12 -0.918         0.9599        -0.0829
 13 -0.818         0.9999        -0.0553
 14 -0.718         1.0396        -0.0190
 15 -0.618         1.0774        -0.0015
 16 -0.518         1.1114        -0.0118
 17 -0.418         1.1464         0.0348
 18 -0.318         1.1829         0.0895
 19 -0.218         1.2195         0.1271
 20 -0.118         1.2560         0.1622
 21 -0.018         1.2909         0.1784
 22  0.082         1.3291         0.2541
 23  0.182         1.4396         0.7912
 24  0.282         1.4743         0.3595
 25  0.382         1.5324         0.6302
 26  0.482         1.5705         0.4951
 27  0.582         1.5979         0.3829
 28  0.682         1.6258         0.4207
 29  0.782         1.6546         0.4619
 30  0.882         1.6841         0.5018
 31  0.982         1.7150         0.5516
 32  1.082         1.7463         0.5888
 33  1.182         1.7770         0.6102
 34  1.282         1.8075         0.6385
 35  1.382         1.8378         0.6673
 36  1.482         1.8679         0.6936
 37  1.582         1.8977         0.7198
 38  1.682         1.9272         0.7434
 39  1.782         1.9561         0.7658
 40  1.882         1.9847         0.7892
 41  1.982         2.0128         0.8096
 42  2.082         2.0403         0.8283
 43  2.182         2.0674         0.8490
 44  2.282         2.2985         1.9140
 45  2.382         2.4165         1.7930
 46  2.482         2.4936         1.7045
 47  2.582         2.5750         1.8079
 48  2.682         2.6197         1.6103
 49  2.782         2.6473         1.4362
 50  2.882         2.7097         1.8363
 51  2.982         2.7735         1.9093
 52  3.082         2.8358         1.9617
 53  3.182         2.8965         2.0121
 54  3.282         2.9514         2.0260
 55  3.382         2.9995         2.0195
 56  3.482         3.0457         2.0497
 57  3.582         3.0912         2.0891
 58  3.682         3.1334         2.1001
 59  3.782         3.1720         2.1012
 60  3.882         3.2101         2.1346
 61  3.982         3.2450         2.1325
 62  4.082         3.2736         2.0787
 63  4.182         3.2985         2.0440
 64  4.282         3.3241         2.0820
 65  4.382         3.3489         2.0933
 66  4.482         3.3677         1.9943
 67  4.582         3.3929         2.1449
 68  4.682         3.4162         2.1326
 69  4.782         3.4402         2.1717
 70  4.882         3.4636         2.1835
 71  4.982         3.4864         2.1940
 72  5.082         3.5087         2.2088
 73  5.182         3.5308         2.2257
 74  5.282         3.5524         2.2383
 75  5.382         3.5731         2.2412
 76  5.482         3.5927         2.2388
 77  5.582         3.6115         2.2384
 78  5.682         3.6295         2.2380
 79  5.782         3.6468         2.2387
 80  5.882         3.6635         2.2390
 81  5.982         3.6796         2.2409
 82  6.082         3.6952         2.2426
 83  6.182         3.7104         2.2462
 84  6.282         3.7252         2.2515
 85  6.382         3.7397         2.2571
 86  6.482         3.7540         2.2642
 87  6.582         3.7681         2.2728
 88  6.682         3.7826         2.2972
 89  6.782         3.7976         2.3299
 90  6.882         3.8130         2.3554
 91  6.982         3.8286         2.3737
 92  7.082         3.8439         2.3851
 93  7.182         3.8589         2.3895
 94  7.282         3.8733         2.3865
 95  7.382         3.8869         2.3751
 96  7.482         3.8996         2.3608
 97  7.582         3.9119         2.3580
 98  7.682         3.9241         2.3666
 99  7.782         3.9365         2.3851
100  7.882         3.9490         2.4000
101  7.982         3.9613         2.4101
102  8.082         3.9727         2.3862
103  8.182         3.9863         2.4749
104  8.282         3.9998         2.4839
105  8.382         4.0130         2.4888
106  8.482         4.0265         2.5151
107  8.582         4.0405         2.5388
108  8.682         4.0545         2.5589
109  8.782         4.0688         2.5769
110  8.882         4.0832         2.5983
111  8.982         4.0982         2.6269
112  9.082         4.1136         2.6566
113  9.182         4.1296         2.6870
114  9.282         4.1459         2.7140
115  9.382         4.1634         2.7584
116  9.482         4.1828         2.8228
117  9.582         4.2037         2.8773
118  9.682         4.2258         2.9203
119  9.782         4.2483         2.9516
120  9.882         4.2706         2.9695
121  9.982         4.2925         2.9848
122 10.082         4.3148         3.0143
123 10.182         4.3372         3.0386
124 10.282         4.3589         3.0469
125 10.382         4.3771         2.9911
126 10.482         4.3982         3.0735
127 10.582         4.4208         3.1268
128 10.682         4.4453         3.1842
129 10.782         4.4707         3.2249
130 10.882         4.4968         3.2629
131 10.982         4.5229         3.2882
132 11.082         4.5483         3.3029
133 11.182         4.5734         3.3219
134 11.282         4.5982         3.3432
135 11.382         4.6230         3.3671
136 11.482         4.6478         3.3933
137 11.582         4.6727         3.4181
138 11.682         4.6975         3.4422
139 11.782         4.7224         3.4673
140 11.882         4.7473         3.4933
141 11.982         4.7723         3.5204
142 12.082         4.7975         3.5488
143 12.182         4.8230         3.5790
144 12.282         4.8487         3.6074
145 12.382         4.8743         3.6332
146 12.482         4.8999         3.6564
147 12.582         4.9251         3.6770
148 12.682         4.9502         3.6987
149 12.782         4.9751         3.7219
150 12.882         5.0000         3.7460


#AGE= 4.000 BINS=149 Power-law IMF: x=-2.350
# N  sdss_r       Log10(N)       Log10(dN)
  1 -1.844        -0.3137        -0.3137
  2 -1.744        -0.0081        -0.3046
  3 -1.644         0.1677        -0.3099
  4 -1.544         0.2939        -0.3044
  5 -1.444         0.4031        -0.2499
  6 -1.344         0.4713        -0.3665
  7 -1.244         0.5346        -0.3326
  8 -1.144         0.5930        -0.3074
  9 -1.044         0.6484        -0.2737
 10 -0.944         0.6999        -0.2513
 11 -0.844         0.7493        -0.2190
 12 -0.744         0.7967        -0.1891
 13 -0.644         0.8423        -0.1594
 14 -0.544         0.8867        -0.1252
 15 -0.444         0.9267        -0.1292
 16 -0.344         0.9648        -0.1105
 17 -0.244         1.0047        -0.0525
 18 -0.144         1.0446        -0.0120
 19 -0.044         1.0840         0.0225
 20  0.056         1.1215         0.0391
 21  0.156         1.1789         0.2714
 22  0.256         1.2823         0.6083
 23  0.356         1.3169         0.2009
 24  0.456         1.3503         0.2200
 25  0.556         1.4187         0.5821
 26  0.656         1.4506         0.3007
 27  0.756         1.4773         0.2536
 28  0.856         1.5057         0.3058
 29  0.956         1.5343         0.3392
 30  1.056         1.5638         0.3818
 31  1.156         1.5937         0.4170
 32  1.256         1.6241         0.4540
 33  1.356         1.6548         0.4877
 34  1.456         1.6859         0.5254
 35  1.556         1.7173         0.5610
 36  1.656         1.7491         0.5986
 37  1.756         1.7815         0.6381
 38  1.856         1.8143         0.6754
 39  1.956         1.8475         0.7152
 40  2.056         1.8816         0.7598
 41  2.156         1.9168         0.8071
 42  2.256         1.9528         0.8535
 43  2.356         1.9897         0.9008
 44  2.456         2.0268         0.9396
 45  2.556         2.0648         0.9891
 46  2.656         2.3532         2.0391
 47  2.756         2.4863         1.9078
 48  2.856         2.6042         1.9806
 49  2.956         2.6644         1.7765
 50  3.056         2.7328         1.8960
 51  3.156         2.7973         1.9374
 52  3.256         2.8329         1.7285
 53  3.356         2.8662         1.7346
 54  3.456         2.9017         1.7962
 55  3.556         2.9446         1.9187
 56  3.656         3.0042         2.1122
 57  3.756         3.0624         2.1609
 58  3.856         3.1035         2.0592
 59  3.956         3.1344         1.9702
 60  4.056         3.1642         1.9858
 61  4.156         3.1939         2.0138
 62  4.256         3.2205         1.9948
 63  4.356         3.2428         1.9430
 64  4.456         3.2722         2.0874
 65  4.556         3.2990         2.0760
 66  4.656         3.3268         2.1192
 67  4.756         3.3539         2.1368
 68  4.856         3.3802         2.1483
 69  4.956         3.4057         2.1621
 70  5.056         3.4308         2.1795
 71  5.156         3.4554         2.1963
 72  5.256         3.4793         2.2083
 73  5.356         3.5023         2.2141
 74  5.456         3.5242         2.2170
 75  5.556         3.5451         2.2177
 76  5.656         3.5653         2.2211
 77  5.756         3.5848         2.2283
 78  5.856         3.6037         2.2324
 79  5.956         3.6219         2.2347
 80  6.056         3.6395         2.2396
 81  6.156         3.6567         2.2444
 82  6.256         3.6733         2.2481
 83  6.356         3.6896         2.2562
 84  6.456         3.7059         2.2728
 85  6.556         3.7221         2.2857
 86  6.656         3.7380         2.2943
 87  6.756         3.7539         2.3071
 88  6.856         3.7694         2.3167
 89  6.956         3.7846         2.3212
 90  7.056         3.7993         2.3207
 91  7.156         3.8134         2.3158
 92  7.256         3.8269         2.3132
 93  7.356         3.8401         2.3160
 94  7.456         3.8531         2.3243
 95  7.556         3.8661         2.3344
 96  7.656         3.8787         2.3370
 97  7.756         3.8908         2.3287
 98  7.856         3.9033         2.3580
 99  7.956         3.9173         2.4174
100  8.056         3.9315         2.4375
101  8.156         3.9457         2.4536
102  8.256         3.9597         2.4625
103  8.356         3.9735         2.4682
104  8.456         3.9876         2.4922
105  8.556         4.0021         2.5176
106  8.656         4.0167         2.5375
107  8.756         4.0315         2.5557
108  8.856         4.0465         2.5765
109  8.956         4.0619         2.6033
110  9.056         4.0777         2.6334
111  9.156         4.0942         2.6633
112  9.256         4.1111         2.6929
113  9.356         4.1286         2.7259
114  9.456         4.1477         2.7826
115  9.556         4.1687         2.8415
116  9.656         4.1910         2.8897
117  9.756         4.2140         2.9275
118  9.856         4.2373         2.9543
119  9.956         4.2600         2.9687
120 10.056         4.2829         2.9921
121 10.156         4.3059         3.0197
122 10.256         4.3289         3.0404
123 10.356         4.3490         3.0048
124 10.456         4.3706         3.0566
125 10.556         4.3938         3.1093
126 10.656         4.4183         3.1571
127 10.756         4.4438         3.2008
128 10.856         4.4701         3.2395
129 10.956         4.4961         3.2595
130 11.056         4.5217         3.2796
131 11.156         4.5471         3.3014
132 11.256         4.5722         3.3227
133 11.356         4.5971         3.3426
134 11.456         4.6218         3.3648
135 11.556         4.6466         3.3898
136 11.656         4.6715         3.4172
137 11.756         4.6964         3.4433
138 11.856         4.7214         3.4692
139 11.956         4.7465         3.4956
140 12.056         4.7717         3.5224
141 12.156         4.7970         3.5496
142 12.256         4.8225         3.5785
143 12.356         4.8482         3.6088
144 12.456         4.8741         3.6358
145 12.556         4.8998         3.6592
146 12.656         4.9252         3.6790
147 12.756         4.9502         3.6991
148 12.856         4.9751         3.7214
149 12.956         5.0000         3.7454


#AGE= 5.000 BINS=148 Power-law IMF: x=-2.350
# N  sdss_r       Log10(N)       Log10(dN)
  1 -1.755        -0.2860        -0.2860
  2 -1.655         0.0074        -0.3013
  3 -1.555         0.1858        -0.2867
  4 -1.455         0.3133        -0.2814
  5 -1.355         0.4212        -0.2365
  6 -1.255         0.6233         0.1939
  7 -1.155         0.6699        -0.3219
  8 -1.055         0.7154        -0.2872
  9 -0.955         0.7593        -0.2575
 10 -0.855         0.8018        -0.2289
 11 -0.755         0.8429        -0.2014
 12 -0.655         0.8831        -0.1702
 13 -0.555         0.9229        -0.1348
 14 -0.455         0.9617        -0.1068
 15 -0.355         0.9972        -0.1078
 16 -0.255         1.0315        -0.0882
 17 -0.155         1.0670        -0.0380
 18 -0.055         1.1033         0.0078
 19  0.045         1.1394         0.0413
 20  0.145         1.1752         0.0726
 21  0.245         1.2100         0.0971
 22  0.345         1.3277         0.7030
 23  0.445         1.3631         0.2578
 24  0.545         1.3914         0.1911
 25  0.645         1.4765         0.7265
 26  0.745         1.4996         0.2141
 27  0.845         1.5218         0.2191
 28  0.945         1.5451         0.2638
 29  1.045         1.5720         0.3513
 30  1.145         1.5997         0.3898
 31  1.245         1.6277         0.4230
 32  1.345         1.6561         0.4579
 33  1.445         1.6849         0.4920
 34  1.545         1.7142         0.5286
 35  1.645         1.7438         0.5634
 36  1.745         1.7738         0.5969
 37  1.845         1.8043         0.6369
 38  1.945         1.8354         0.6748
 39  2.045         1.8672         0.7153
 40  2.145         1.8996         0.7567
 41  2.245         1.9334         0.8080
 42  2.345         1.9697         0.8735
 43  2.445         2.0068         0.9202
 44  2.545         2.0431         0.9468
 45  2.645         2.0786         0.9742
 46  2.745         2.1141         1.0089
 47  2.845         2.2776         1.7739
 48  2.945         2.4543         1.9785
 49  3.045         2.5671         1.9267
 50  3.145         2.6331         1.7823
 51  3.245         2.6933         1.8048
 52  3.345         2.7558         1.8836
 53  3.445         2.8107         1.8852
 54  3.545         2.8659         1.9424
 55  3.645         2.9199         1.9882
 56  3.745         2.9655         1.9634
 57  3.845         3.0075         1.9731
 58  3.945         3.0497         2.0161
 59  4.045         3.0860         1.9894
 60  4.145         3.1185         1.9768
 61  4.245         3.1440         1.8997
 62  4.345         3.1769         2.0403
 63  4.445         3.2057         2.0131
 64  4.545         3.2378         2.0907
 65  4.645         3.2691         2.1107
 66  4.745         3.2991         2.1239
 67  4.845         3.3280         2.1368
 68  4.945         3.3562         2.1553
 69  5.045         3.3839         2.1742
 70  5.145         3.4108         2.1896
 71  5.245         3.4367         2.1998
 72  5.345         3.4615         2.2044
 73  5.445         3.4851         2.2099
 74  5.545         3.5079         2.2163
 75  5.645         3.5299         2.2230
 76  5.745         3.5513         2.2334
 77  5.845         3.5721         2.2423
 78  5.945         3.5921         2.2460
 79  6.045         3.6115         2.2505
 80  6.145         3.6302         2.2559
 81  6.245         3.6484         2.2620
 82  6.345         3.6662         2.2685
 83  6.445         3.6835         2.2751
 84  6.545         3.7003         2.2800
 85  6.645         3.7167         2.2857
 86  6.745         3.7326         2.2894
 87  6.845         3.7480         2.2899
 88  6.945         3.7629         2.2901
 89  7.045         3.7774         2.2932
 90  7.145         3.7916         2.2984
 91  7.245         3.8054         2.3027
 92  7.345         3.8190         2.3073
 93  7.445         3.8321         2.3047
 94  7.545         3.8452         2.3178
 95  7.645         3.8590         2.3558
 96  7.745         3.8732         2.3799
 97  7.845         3.8873         2.3914
 98  7.945         3.9016         2.4119
 99  8.045         3.9162         2.4349
100  8.145         3.9309         2.4539
101  8.245         3.9455         2.4630
102  8.345         3.9597         2.4684
103  8.445         3.9743         2.4946
104  8.545         3.9893         2.5188
105  8.645         4.0044         2.5398
106  8.745         4.0197         2.5577
107  8.845         4.0351         2.5783
108  8.945         4.0510         2.6060
109  9.045         4.0674         2.6350
110  9.145         4.0842         2.6650
111  9.245         4.1016         2.6939
112  9.345         4.1197         2.7318
113  9.445         4.1394         2.7862
114  9.545         4.1604         2.8338
115  9.645         4.1821         2.8707
116  9.745         4.2040         2.8958
117  9.845         4.2254         2.9077
118  9.945         4.2467         2.9255
119 10.045         4.2688         2.9658
120 10.145         4.2933         3.0326
121 10.245         4.3208         3.1077
122 10.345         4.3452         3.0823
123 10.445         4.3677         3.0712
124 10.545         4.3916         3.1203
125 10.645         4.4165         3.1621
126 10.745         4.4424         3.2066
127 10.845         4.4687         3.2376
128 10.945         4.4951         3.2656
129 11.045         4.5209         3.2820
130 11.145         4.5461         3.2961
131 11.245         4.5710         3.3174
132 11.345         4.5959         3.3425
133 11.445         4.6207         3.3656
134 11.545         4.6456         3.3903
135 11.645         4.6705         3.4166
136 11.745         4.6954         3.4427
137 11.845         4.7205         3.4686
138 11.945         4.7456         3.4950
139 12.045         4.7708         3.5220
140 12.145         4.7961         3.5496
141 12.245         4.8217         3.5793
142 12.345         4.8476         3.6097
143 12.445         4.8735         3.6367
144 12.545         4.8993         3.6602
145 12.645         4.9248         3.6801
146 12.745         4.9500         3.7009
147 12.845         4.9750         3.7236
148 12.945         5.0000         3.7476


#AGE= 6.000 BINS=147 Power-law IMF: x=-2.350
# N  sdss_r       Log10(N)       Log10(dN)
  1 -1.723        -0.3546        -0.3546
  2 -1.623        -0.0662        -0.3801
  3 -1.523         0.1105        -0.3655
  4 -1.423         0.2418        -0.3416
  5 -1.323         0.3464        -0.3230
  6 -1.223         0.4554        -0.1984
  7 -1.123         0.5138        -0.3869
  8 -1.023         0.5691        -0.3531
  9 -0.923         0.6214        -0.3233
 10 -0.823         0.6714        -0.2922
 11 -0.723         0.7194        -0.2610
 12 -0.623         0.7653        -0.2336
 13 -0.523         0.8097        -0.2029
 14 -0.423         0.8532        -0.1671
 15 -0.323         0.8949        -0.1435
 16 -0.223         0.9324        -0.1498
 17 -0.123         0.9703        -0.1076
 18 -0.023         1.0091        -0.0597
 19  0.077         1.0481        -0.0181
 20  0.177         1.0865         0.0136
 21  0.277         1.1244         0.0469
 22  0.377         1.2169         0.4996
 23  0.477         1.2808         0.4170
 24  0.577         1.3134         0.1735
 25  0.677         1.3764         0.5067
 26  0.777         1.4217         0.4176
 27  0.877         1.4438         0.1398
 28  0.977         1.4653         0.1491
 29  1.077         1.4930         0.2842
 30  1.177         1.5220         0.3311
 31  1.277         1.5509         0.3603
 32  1.377         1.5803         0.3960
 33  1.477         1.6098         0.4276
 34  1.577         1.6398         0.4644
 35  1.677         1.6701         0.4985
 36  1.777         1.7007         0.5334
 37  1.877         1.7317         0.5691
 38  1.977         1.7630         0.6062
 39  2.077         1.7948         0.6435
 40  2.177         1.8278         0.6913
 41  2.277         1.8619         0.7401
 42  2.377         1.8986         0.8073
 43  2.477         1.9357         0.8492
 44  2.577         1.9719         0.8747
 45  2.677         2.0074         0.9019
 46  2.777         2.0420         0.9270
 47  2.877         2.0764         0.9575
 48  2.977         2.1117         1.0042
 49  3.077         2.3898         2.0646
 50  3.177         2.5232         1.9456
 51  3.277         2.5948         1.7765
 52  3.377         2.6594         1.7999
 53  3.477         2.7189         1.8266
 54  3.577         2.7760         1.8663
 55  3.677         2.8310         1.9064
 56  3.777         2.8876         1.9748
 57  3.877         2.9412         2.0056
 58  3.977         2.9899         2.0161
 59  4.077         3.0350         2.0282
 60  4.177         3.0752         2.0226
 61  4.277         3.1021         1.8801
 62  4.377         3.1399         2.0614
 63  4.477         3.1765         2.0839
 64  4.577         3.2116         2.1017
 65  4.677         3.2452         2.1160
 66  4.777         3.2774         2.1317
 67  4.877         3.3087         2.1514
 68  4.977         3.3393         2.1724
 69  5.077         3.3690         2.1881
 70  5.177         3.3974         2.1988
 71  5.277         3.4244         2.2056
 72  5.377         3.4502         2.2112
 73  5.477         3.4751         2.2202
 74  5.577         3.4991         2.2298
 75  5.677         3.5226         2.2434
 76  5.777         3.5455         2.2572
 77  5.877         3.5677         2.2643
 78  5.977         3.5887         2.2637
 79  6.077         3.6089         2.2661
 80  6.177         3.6284         2.2708
 81  6.277         3.6472         2.2750
 82  6.377         3.6655         2.2795
 83  6.477         3.6832         2.2849
 84  6.577         3.7003         2.2885
 85  6.677         3.7169         2.2914
 86  6.777         3.7330         2.2935
 87  6.877         3.7485         2.2939
 88  6.977         3.7636         2.2971
 89  7.077         3.7784         2.3026
 90  7.177         3.7929         2.3082
 91  7.277         3.8071         2.3158
 92  7.377         3.8212         2.3243
 93  7.477         3.8355         2.3462
 94  7.577         3.8500         2.3665
 95  7.677         3.8645         2.3812
 96  7.777         3.8791         2.3971
 97  7.877         3.8937         2.4141
 98  7.977         3.9085         2.4334
 99  8.077         3.9237         2.4603
100  8.177         3.9388         2.4713
101  8.277         3.9536         2.4809
102  8.377         3.9684         2.4940
103  8.477         3.9837         2.5211
104  8.577         3.9992         2.5447
105  8.677         4.0149         2.5637
106  8.777         4.0306         2.5812
107  8.877         4.0466         2.6053
108  8.977         4.0631         2.6340
109  9.077         4.0801         2.6653
110  9.177         4.0996         2.7420
111  9.277         4.1235         2.8528
112  9.377         4.1555         3.0066
113  9.477         4.1809         2.9354
114  9.577         4.1695         2.9354
115  9.677         4.1924         2.9038
116  9.777         4.2155         2.9287
117  9.877         4.2388         2.9578
118  9.977         4.2628         2.9931
119 10.077         4.2876         3.0322
120 10.177         4.3135         3.0756
121 10.277         4.3419         3.1437
122 10.377         4.3660         3.0976
123 10.477         4.3899         3.1191
124 10.577         4.4146         3.1572
125 10.677         4.4404         3.2015
126 10.777         4.4669         3.2386
127 10.877         4.4934         3.2661
128 10.977         4.5198         3.2894
129 11.077         4.5455         3.3055
130 11.177         4.5705         3.3176
131 11.277         4.5953         3.3396
132 11.377         4.6201         3.3656
133 11.477         4.6450         3.3900
134 11.577         4.6698         3.4155
135 11.677         4.6947         3.4409
136 11.777         4.7197         3.4663
137 11.877         4.7447         3.4926
138 11.977         4.7698         3.5200
139 12.077         4.7952         3.5487
140 12.177         4.8209         3.5797
141 12.277         4.8467         3.6091
142 12.377         4.8727         3.6358
143 12.477         4.8985         3.6595
144 12.577         4.9240         3.6808
145 12.677         4.9494         3.7040
146 12.777         4.9748         3.7279
147 12.877         5.0000         3.7519


#AGE= 7.000 BINS=149 Power-law IMF: x=-2.350
# N  sdss_r       Log10(N)       Log10(dN)
  1 -1.710        -0.3659        -0.3659
  2 -1.610        -0.1147        -0.4720
  3 -1.510         0.0486        -0.4552
  4 -1.410         0.1704        -0.4411
  5 -1.310         0.2694        -0.4216
  6 -1.210         0.3592        -0.3693
  7 -1.110         0.5061        -0.0362
  8 -1.010         0.5515        -0.4509
  9 -0.910         0.5959        -0.4172
 10 -0.810         0.6385        -0.3906
 11 -0.710         0.6798        -0.3631
 12 -0.610         0.7206        -0.3264
 13 -0.510         0.7605        -0.2965
 14 -0.410         0.7991        -0.2705
 15 -0.310         0.8377        -0.2333
 16 -0.210         0.8744        -0.2166
 17 -0.110         0.9081        -0.2191
 18 -0.010         0.9432        -0.1659
 19  0.090         0.9791        -0.1218
 20  0.190         1.0151        -0.0841
 21  0.290         1.0505        -0.0562
 22  0.390         1.0852        -0.0298
 23  0.490         1.1958         0.5479
 24  0.590         1.2352         0.1730
 25  0.690         1.2630         0.0551
 26  0.790         1.3469         0.5917
 27  0.890         1.3687         0.0582
 28  0.990         1.3910         0.0912
 29  1.090         1.4142         0.1290
 30  1.190         1.4414         0.2247
 31  1.290         1.4690         0.2597
 32  1.390         1.4972         0.2943
 33  1.490         1.5255         0.3265
 34  1.590         1.5543         0.3614
 35  1.690         1.5836         0.3983
 36  1.790         1.6132         0.4318
 37  1.890         1.6433         0.4695
 38  1.990         1.6736         0.5020
 39  2.090         1.7049         0.5473
 40  2.190         1.7365         0.5828
 41  2.290         1.7694         0.6318
 42  2.390         1.8043         0.6919
 43  2.490         1.8422         0.7640
 44  2.590         1.8825         0.8299
 45  2.690         1.9234         0.8777
 46  2.790         1.9628         0.9011
 47  2.890         2.0002         0.9159
 48  2.990         2.0360         0.9344
 49  3.090         2.0720         0.9731
 50  3.190         2.2771         1.8527
 51  3.290         2.4365         1.9241
 52  3.390         2.5116         1.7121
 53  3.490         2.5795         1.7405
 54  3.590         2.6422         1.7703
 55  3.690         2.7006         1.8004
 56  3.790         2.7561         1.8349
 57  3.890         2.8127         1.9003
 58  3.990         2.8699         1.9609
 59  4.090         2.9091         1.8453
 60  4.190         2.9563         1.9687
 61  4.290         3.0003         1.9847
 62  4.390         3.0415         1.9982
 63  4.490         3.0804         2.0136
 64  4.590         3.1175         2.0296
 65  4.690         3.1531         2.0493
 66  4.790         3.1876         2.0712
 67  4.890         3.2213         2.0944
 68  4.990         3.2539         2.1128
 69  5.090         3.2851         2.1256
 70  5.190         3.3147         2.1339
 71  5.290         3.3428         2.1395
 72  5.390         3.3698         2.1498
 73  5.490         3.3958         2.1608
 74  5.590         3.4211         2.1740
 75  5.690         3.4458         2.1888
 76  5.790         3.4698         2.1992
 77  5.890         3.4929         2.2068
 78  5.990         3.5148         2.2080
 79  6.090         3.5358         2.2085
 80  6.190         3.5559         2.2116
 81  6.290         3.5753         2.2157
 82  6.390         3.5941         2.2208
 83  6.490         3.6123         2.2267
 84  6.590         3.6299         2.2292
 85  6.690         3.6469         2.2309
 86  6.790         3.6633         2.2323
 87  6.890         3.6792         2.2352
 88  6.990         3.6948         2.2419
 89  7.090         3.7101         2.2493
 90  7.190         3.7252         2.2586
 91  7.290         3.7401         2.2691
 92  7.390         3.7550         2.2803
 93  7.490         3.7698         2.2952
 94  7.590         3.7847         2.3134
 95  7.690         3.7997         2.3295
 96  7.790         3.8146         2.3440
 97  7.890         3.8297         2.3632
 98  7.990         3.8450         2.3845
 99  8.090         3.8606         2.4072
100  8.190         3.8761         2.4206
101  8.290         3.8912         2.4248
102  8.390         3.9065         2.4471
103  8.490         3.9222         2.4715
104  8.590         3.9381         2.4959
105  8.690         3.9541         2.5121
106  8.790         3.9703         2.5326
107  8.890         3.9868         2.5578
108  8.990         4.0037         2.5861
109  9.090         4.0211         2.6160
110  9.190         4.0406         2.6830
111  9.290         4.0574         2.6360
112  9.390         4.2009         3.6501
113  9.490         4.0749         3.6501
114  9.590         4.0990         2.8323
115  9.690         4.1250         2.8888
116  9.790         4.1515         2.9240
117  9.890         4.1781         2.9525
118  9.990         4.2049         2.9811
119 10.090         4.2320         3.0143
120 10.190         4.2602         3.0575
121 10.290         4.2884         3.0876
122 10.390         4.3132         3.0577
123 10.490         4.3381         3.0843
124 10.590         4.3635         3.1167
125 10.690         4.3898         3.1605
126 10.790         4.4166         3.1932
127 10.890         4.4433         3.2185
128 10.990         4.4697         3.2395
129 11.090         4.4953         3.2545
130 11.190         4.5203         3.2667
131 11.290         4.5451         3.2897
132 11.390         4.5699         3.3137
133 11.490         4.5946         3.3386
134 11.590         4.6195         3.3651
135 11.690         4.6444         3.3911
136 11.790         4.6695         3.4177
137 11.890         4.6946         3.4448
138 11.990         4.7199         3.4731
139 12.090         4.7454         3.5015
140 12.190         4.7711         3.5289
141 12.290         4.7967         3.5553
142 12.390         4.8223         3.5806
143 12.490         4.8481         3.6078
144 12.590         4.8739         3.6349
145 12.690         4.8996         3.6588
146 12.790         4.9250         3.6796
147 12.890         4.9501         3.7001
148 12.990         4.9751         3.7224
149 13.090         5.0000         3.7463


#AGE= 8.000 BINS=147 Power-law IMF: x=-2.350
# N  sdss_r       Log10(N)       Log10(dN)
  1 -1.645        -0.3616        -0.3616
  2 -1.545        -0.1020        -0.4488
  3 -1.445         0.0620        -0.4403
  4 -1.345         0.1864        -0.4172
  5 -1.245         0.2879        -0.3932
  6 -1.145         0.3879        -0.2990
  7 -1.045         0.4564        -0.3795
  8 -0.945         0.5100        -0.4253
  9 -0.845         0.5607        -0.3970
 10 -0.745         0.6093        -0.3659
 11 -0.645         0.6560        -0.3357
 12 -0.545         0.7009        -0.3066
 13 -0.445         0.7451        -0.2690
 14 -0.345         0.7878        -0.2414
 15 -0.245         0.8293        -0.2109
 16 -0.145         0.8679        -0.2029
 17 -0.045         0.9049        -0.1830
 18  0.055         0.9422        -0.1425
 19  0.155         0.9807        -0.0899
 20  0.255         1.0187        -0.0587
 21  0.355         1.0560        -0.0283
 22  0.455         1.0939         0.0160
 23  0.555         1.2093         0.5771
 24  0.655         1.2478         0.1771
 25  0.755         1.2812         0.1505
 26  0.855         1.3651         0.6099
 27  0.955         1.3883         0.1043
 28  1.055         1.4123         0.1427
 29  1.155         1.4392         0.2171
 30  1.255         1.4671         0.2608
 31  1.355         1.4955         0.2969
 32  1.455         1.5241         0.3294
 33  1.555         1.5531         0.3635
 34  1.655         1.5824         0.3972
 35  1.755         1.6122         0.4326
 36  1.855         1.6422         0.4666
 37  1.955         1.6728         0.5054
 38  2.055         1.7036         0.5397
 39  2.155         1.7353         0.5826
 40  2.255         1.7675         0.6212
 41  2.355         1.8006         0.6660
 42  2.455         1.8358         0.7272
 43  2.555         1.8743         0.8029
 44  2.655         1.9159         0.8763
 45  2.755         1.9575         0.9186
 46  2.855         1.9969         0.9356
 47  2.955         2.0342         0.9487
 48  3.055         2.0698         0.9666
 49  3.155         2.1052         0.9989
 50  3.255         2.1436         1.0708
 51  3.355         2.4118         2.0752
 52  3.455         2.5003         1.7662
 53  3.555         2.5742         1.7687
 54  3.655         2.6407         1.7923
 55  3.755         2.7020         1.8213
 56  3.855         2.7595         1.8533
 57  3.955         2.8127         1.8742
 58  4.055         2.8649         1.9194
 59  4.155         2.9180         1.9785
 60  4.255         2.9681         2.0059
 61  4.355         3.0134         2.0094
 62  4.455         3.0554         2.0198
 63  4.555         3.0954         2.0397
 64  4.655         3.1339         2.0620
 65  4.755         3.1712         2.0865
 66  4.855         3.2075         2.1115
 67  4.955         3.2424         2.1304
 68  5.055         3.2755         2.1418
 69  5.155         3.3069         2.1504
 70  5.255         3.3367         2.1582
 71  5.355         3.3654         2.1704
 72  5.455         3.3931         2.1840
 73  5.555         3.4199         2.1979
 74  5.655         3.4461         2.2131
 75  5.755         3.4714         2.2239
 76  5.855         3.4956         2.2305
 77  5.955         3.5187         2.2330
 78  6.055         3.5407         2.2343
 79  6.155         3.5619         2.2385
 80  6.255         3.5822         2.2430
 81  6.355         3.6019         2.2479
 82  6.455         3.6209         2.2538
 83  6.555         3.6393         2.2565
 84  6.655         3.6570         2.2589
 85  6.755         3.6741         2.2609
 86  6.855         3.6908         2.2660
 87  6.955         3.7071         2.2727
 88  7.055         3.7231         2.2813
 89  7.155         3.7388         2.2898
 90  7.255         3.7542         2.2965
 91  7.355         3.7695         2.3078
 92  7.455         3.7847         2.3229
 93  7.555         3.8000         2.3385
 94  7.655         3.8153         2.3553
 95  7.755         3.8307         2.3713
 96  7.855         3.8460         2.3867
 97  7.955         3.8617         2.4109
 98  8.055         3.8776         2.4330
 99  8.155         3.8935         2.4488
100  8.255         3.9091         2.4571
101  8.355         3.9246         2.4714
102  8.455         3.9406         2.4987
103  8.555         3.9569         2.5218
104  8.655         3.9732         2.5411
105  8.755         3.9897         2.5595
106  8.855         4.0063         2.5823
107  8.955         4.0235         2.6121
108  9.055         4.0412         2.6413
109  9.155         4.0593         2.6701
110  9.255         4.0810         2.7689
111  9.355         4.0923         2.5028
112  9.455         4.0995         2.3184
113  9.555         4.1142         2.6356
114  9.655         4.1351         2.8058
115  9.755         4.1607         2.9196
116  9.855         4.1897         3.0002
117  9.955         4.2205         3.0550
118 10.055         4.2511         3.0842
119 10.155         4.2798         3.0861
120 10.255         4.3086         3.1162
121 10.355         4.3350         3.1054
122 10.455         4.3610         3.1250
123 10.555         4.3867         3.1450
124 10.655         4.4131         3.1853
125 10.755         4.4401         3.2196
126 10.855         4.4671         3.2478
127 10.955         4.4938         3.2680
128 11.055         4.5198         3.2849
129 11.155         4.5450         3.2956
130 11.255         4.5699         3.3158
131 11.355         4.5946         3.3379
132 11.455         4.6194         3.3631
133 11.555         4.6443         3.3907
134 11.655         4.6693         3.4171
135 11.755         4.6943         3.4427
136 11.855         4.7194         3.4677
137 11.955         4.7445         3.4934
138 12.055         4.7696         3.5203
139 12.155         4.7950         3.5484
140 12.255         4.8206         3.5785
141 12.355         4.8465         3.6100
142 12.455         4.8726         3.6380
143 12.555         4.8985         3.6619
144 12.655         4.9242         3.6821
145 12.755         4.9495         3.7038
146 12.855         4.9748         3.7269
147 12.955         5.0000         3.7509


#AGE= 9.000 BINS=148 Power-law IMF: x=-2.350
# N  sdss_r       Log10(N)       Log10(dN)
  1 -1.579        -0.4338        -0.4338
  2 -1.479        -0.1702        -0.5122
  3 -1.379         0.0070        -0.4680
  4 -1.279         0.1295        -0.4798
  5 -1.179         0.2310        -0.4501
  6 -1.079         0.3581        -0.2375
  7 -0.979         0.4197        -0.4590
  8 -0.879         0.4717        -0.4763
  9 -0.779         0.5216        -0.4425
 10 -0.679         0.5695        -0.4116
 11 -0.579         0.6151        -0.3861
 12 -0.479         0.6589        -0.3594
 13 -0.379         0.7019        -0.3236
 14 -0.279         0.7444        -0.2859
 15 -0.179         0.7854        -0.2602
 16 -0.079         0.8244        -0.2415
 17  0.021         0.8606        -0.2368
 18  0.121         0.8981        -0.1847
 19  0.221         0.9359        -0.1427
 20  0.321         0.9737        -0.1048
 21  0.421         1.0111        -0.0724
 22  0.521         1.0454        -0.0747
 23  0.621         1.1586         0.5191
 24  0.721         1.2010         0.1697
 25  0.821         1.2356         0.1200
 26  0.921         1.3181         0.5565
 27  1.021         1.3449         0.1204
 28  1.121         1.3680         0.0833
 29  1.221         1.3942         0.1618
 30  1.321         1.4223         0.2196
 31  1.421         1.4507         0.2522
 32  1.521         1.4793         0.2831
 33  1.621         1.5083         0.3178
 34  1.721         1.5375         0.3515
 35  1.821         1.5673         0.3883
 36  1.921         1.5974         0.4238
 37  2.021         1.6279         0.4582
 38  2.121         1.6589         0.4971
 39  2.221         1.6904         0.5358
 40  2.321         1.7226         0.5773
 41  2.421         1.7558         0.6226
 42  2.521         1.7918         0.6919
 43  2.621         1.8314         0.7718
 44  2.721         1.8721         0.8234
 45  2.821         1.9129         0.8656
 46  2.921         1.9518         0.8845
 47  3.021         1.9891         0.9044
 48  3.121         2.0246         0.9199
 49  3.221         2.0595         0.9471
 50  3.321         2.0964         1.0073
 51  3.421         2.1943         1.4993
 52  3.521         2.4135         2.0115
 53  3.621         2.4948         1.7270
 54  3.721         2.5655         1.7426
 55  3.821         2.6301         1.7705
 56  3.921         2.6907         1.8053
 57  4.021         2.7475         1.8360
 58  4.121         2.8025         1.8777
 59  4.221         2.8556         1.9174
 60  4.321         2.9070         1.9546
 61  4.421         2.9539         1.9641
 62  4.521         2.9975         1.9773
 63  4.621         3.0391         1.9995
 64  4.721         3.0793         2.0258
 65  4.821         3.1181         2.0499
 66  4.921         3.1553         2.0694
 67  5.021         3.1906         2.0828
 68  5.121         3.2238         2.0909
 69  5.221         3.2554         2.1013
 70  5.321         3.2857         2.1155
 71  5.421         3.3152         2.1315
 72  5.521         3.3437         2.1467
 73  5.621         3.3713         2.1614
 74  5.721         3.3980         2.1726
 75  5.821         3.4235         2.1792
 76  5.921         3.4477         2.1823
 77  6.021         3.4708         2.1844
 78  6.121         3.4929         2.1893
 79  6.221         3.5142         2.1945
 80  6.321         3.5348         2.2006
 81  6.421         3.5547         2.2059
 82  6.521         3.5739         2.2099
 83  6.621         3.5924         2.2132
 84  6.721         3.6103         2.2162
 85  6.821         3.6277         2.2213
 86  6.921         3.6447         2.2277
 87  7.021         3.6613         2.2356
 88  7.121         3.6775         2.2421
 89  7.221         3.6934         2.2500
 90  7.321         3.7091         2.2593
 91  7.421         3.7248         2.2734
 92  7.521         3.7405         2.2914
 93  7.621         3.7562         2.3070
 94  7.721         3.7719         2.3225
 95  7.821         3.7876         2.3386
 96  7.921         3.8035         2.3575
 97  8.021         3.8198         2.3867
 98  8.121         3.8360         2.4007
 99  8.221         3.8521         2.4118
100  8.321         3.8680         2.4245
101  8.421         3.8843         2.4486
102  8.521         3.9008         2.4732
103  8.621         3.9175         2.4939
104  8.721         3.9342         2.5115
105  8.821         3.9511         2.5334
106  8.921         3.9684         2.5599
107  9.021         3.9863         2.5920
108  9.121         4.0046         2.6199
109  9.221         4.0235         2.6532
110  9.321         4.0433         2.6919
111  9.421         4.0590         2.6087
112  9.521         4.0746         2.6231
113  9.621         4.0939         2.7308
114  9.721         4.1162         2.8157
115  9.821         4.1411         2.8869
116  9.921         4.1680         2.9466
117 10.021         4.1962         2.9950
118 10.121         4.2248         3.0301
119 10.221         4.2539         3.0656
120 10.321         4.2820         3.0779
121 10.421         4.3083         3.0777
122 10.521         4.3346         3.1037
123 10.621         4.3612         3.1345
124 10.721         4.3883         3.1707
125 10.821         4.4157         3.2026
126 10.921         4.4427         3.2225
127 11.021         4.4691         3.2399
128 11.121         4.4946         3.2506
129 11.221         4.5197         3.2687
130 11.321         4.5445         3.2882
131 11.421         4.5693         3.3141
132 11.521         4.5943         3.3413
133 11.621         4.6192         3.3664
134 11.721         4.6441         3.3898
135 11.821         4.6690         3.4143
136 11.921         4.6939         3.4413
137 12.021         4.7192         3.4708
138 12.121         4.7447         3.5015
139 12.221         4.7705         3.5305
140 12.321         4.7963         3.5574
141 12.421         4.8220         3.5820
142 12.521         4.8478         3.6081
143 12.621         4.8736         3.6347
144 12.721         4.8993         3.6586
145 12.821         4.9247         3.6799
146 12.921         4.9499         3.7012
147 13.021         4.9750         3.7239
148 13.121         5.0000         3.7477


#AGE=10.000 BINS=146 Power-law IMF: x=-2.350
# N  sdss_r       Log10(N)       Log10(dN)
  1 -1.558        -0.3326        -0.3326
  2 -1.458        -0.0897        -0.4579
  3 -1.358         0.0686        -0.4465
  4 -1.258         0.1891        -0.4263
  5 -1.158         0.2832        -0.4273
  6 -1.058         0.3770        -0.3347
  7 -0.958         0.4805        -0.1933
  8 -0.858         0.5282        -0.4542
  9 -0.758         0.5752        -0.4140
 10 -0.658         0.6201        -0.3876
 11 -0.558         0.6639        -0.3540
 12 -0.458         0.7059        -0.3293
 13 -0.358         0.7473        -0.2948
 14 -0.258         0.7881        -0.2588
 15 -0.158         0.8282        -0.2263
 16 -0.058         0.8662        -0.2114
 17  0.042         0.9016        -0.2046
 18  0.142         0.9376        -0.1620
 19  0.242         0.9743        -0.1160
 20  0.342         1.0113        -0.0773
 21  0.442         1.0476        -0.0481
 22  0.542         1.0838        -0.0138
 23  0.642         1.1638         0.3900
 24  0.742         1.2341         0.4086
 25  0.842         1.2663         0.1205
 26  0.942         1.3164         0.3532
 27  1.042         1.3843         0.5454
 28  1.142         1.4063         0.0990
 29  1.242         1.4303         0.1603
 30  1.342         1.4575         0.2413
 31  1.442         1.4855         0.2812
 32  1.542         1.5140         0.3165
 33  1.642         1.5427         0.3484
 34  1.742         1.5718         0.3834
 35  1.842         1.6013         0.4195
 36  1.942         1.6312         0.4538
 37  2.042         1.6614         0.4881
 38  2.142         1.6923         0.5292
 39  2.242         1.7234         0.5635
 40  2.342         1.7554         0.6061
 41  2.442         1.7882         0.6505
 42  2.542         1.8236         0.7166
 43  2.642         1.8622         0.7920
 44  2.742         1.9018         0.8420
 45  2.842         1.9422         0.8912
 46  2.942         1.9811         0.9138
 47  3.042         2.0182         0.9320
 48  3.142         2.0535         0.9457
 49  3.242         2.0876         0.9648
 50  3.342         2.1220         1.0048
 51  3.442         2.1606         1.0904
 52  3.542         2.3583         1.9214
 53  3.642         2.4695         1.8235
 54  3.742         2.5498         1.7769
 55  3.842         2.6209         1.8003
 56  3.942         2.6866         1.8337
 57  4.042         2.7477         1.8659
 58  4.142         2.8043         1.8914
 59  4.242         2.8590         1.9317
 60  4.342         2.9126         1.9777
 61  4.442         2.9635         2.0072
 62  4.542         3.0102         2.0190
 63  4.642         3.0544         2.0393
 64  4.742         3.0965         2.0626
 65  4.842         3.1368         2.0843
 66  4.942         3.1750         2.1005
 67  5.042         3.2111         2.1123
 68  5.142         3.2453         2.1244
 69  5.242         3.2780         2.1385
 70  5.342         3.3096         2.1566
 71  5.442         3.3403         2.1749
 72  5.542         3.3700         2.1894
 73  5.642         3.3986         2.2026
 74  5.742         3.4259         2.2106
 75  5.842         3.4518         2.2154
 76  5.942         3.4766         2.2197
 77  6.042         3.5001         2.2227
 78  6.142         3.5228         2.2296
 79  6.242         3.5447         2.2358
 80  6.342         3.5658         2.2421
 81  6.442         3.5862         2.2472
 82  6.542         3.6058         2.2512
 83  6.642         3.6247         2.2548
 84  6.742         3.6431         2.2606
 85  6.842         3.6610         2.2673
 86  6.942         3.6784         2.2709
 87  7.042         3.6953         2.2783
 88  7.142         3.7119         2.2853
 89  7.242         3.7281         2.2921
 90  7.342         3.7442         2.3057
 91  7.442         3.7603         2.3202
 92  7.542         3.7764         2.3384
 93  7.642         3.7925         2.3540
 94  7.742         3.8086         2.3677
 95  7.842         3.8247         2.3868
 96  7.942         3.8410         2.4078
 97  8.042         3.8577         2.4346
 98  8.142         3.8743         2.4465
 99  8.242         3.8906         2.4577
100  8.342         3.9069         2.4744
101  8.442         3.9236         2.5000
102  8.542         3.9406         2.5236
103  8.642         3.9576         2.5416
104  8.742         3.9747         2.5608
105  8.842         3.9920         2.5851
106  8.942         4.0098         2.6128
107  9.042         4.0281         2.6431
108  9.142         4.0468         2.6718
109  9.242         4.0660         2.7026
110  9.342         4.0858         2.7347
111  9.442         4.1060         2.7641
112  9.542         4.1267         2.7950
113  9.642         4.1482         2.8324
114  9.742         4.1706         2.8720
115  9.842         4.1937         2.9075
116  9.942         4.2179         2.9513
117 10.042         4.2437         3.0057
118 10.142         4.2721         3.0727
119 10.242         4.3017         3.1203
120 10.342         4.3296         3.1232
121 10.442         4.3564         3.1346
122 10.542         4.3833         3.1613
123 10.642         4.4104         3.1914
124 10.742         4.4380         3.2281
125 10.842         4.4655         3.2536
126 10.942         4.4926         3.2748
127 11.042         4.5189         3.2871
128 11.142         4.5445         3.3016
129 11.242         4.5695         3.3182
130 11.342         4.5944         3.3402
131 11.442         4.6193         3.3651
132 11.542         4.6442         3.3901
133 11.642         4.6691         3.4156
134 11.742         4.6941         3.4412
135 11.842         4.7191         3.4670
136 11.942         4.7441         3.4923
137 12.042         4.7692         3.5187
138 12.142         4.7945         3.5468
139 12.242         4.8200         3.5769
140 12.342         4.8460         3.6089
141 12.442         4.8720         3.6376
142 12.542         4.8980         3.6621
143 12.642         4.9237         3.6829
144 12.742         4.9492         3.7058
145 12.842         4.9747         3.7294
146 12.942         5.0000         3.7533


#AGE=11.000 BINS=147 Power-law IMF: x=-2.350
# N  sdss_r       Log10(N)       Log10(dN)
  1 -1.520        -0.3390        -0.3390
  2 -1.420        -0.1071        -0.4905
  3 -1.320         0.0387        -0.5061
  4 -1.220         0.1559        -0.4703
  5 -1.120         0.2487        -0.4669
  6 -1.020         0.3392        -0.3864
  7 -0.920         0.4368        -0.2594
  8 -0.820         0.4843        -0.5005
  9 -0.720         0.5313        -0.4583
 10 -0.620         0.5760        -0.4330
 11 -0.520         0.6193        -0.4034
 12 -0.420         0.6611        -0.3760
 13 -0.320         0.7028        -0.3357
 14 -0.220         0.7436        -0.3039
 15 -0.120         0.7833        -0.2756
 16 -0.020         0.8212        -0.2564
 17  0.080         0.8574        -0.2401
 18  0.180         0.8929        -0.2115
 19  0.280         0.9298        -0.1602
 20  0.380         0.9664        -0.1253
 21  0.480         1.0029        -0.0909
 22  0.580         1.0386        -0.0643
 23  0.680         1.1253         0.3827
 24  0.780         1.1869         0.3083
 25  0.880         1.2208         0.0968
 26  0.980         1.2546         0.1285
 27  1.080         1.3433         0.6098
 28  1.180         1.3649         0.0504
 29  1.280         1.3871         0.0850
 30  1.380         1.4127         0.1701
 31  1.480         1.4408         0.2377
 32  1.580         1.4692         0.2704
 33  1.680         1.4979         0.3051
 34  1.780         1.5272         0.3417
 35  1.880         1.5568         0.3757
 36  1.980         1.5868         0.4106
 37  2.080         1.6172         0.4465
 38  2.180         1.6480         0.4834
 39  2.280         1.6791         0.5197
 40  2.380         1.7109         0.5596
 41  2.480         1.7435         0.6025
 42  2.580         1.7782         0.6629
 43  2.680         1.8164         0.7428
 44  2.780         1.8568         0.8048
 45  2.880         1.8970         0.8438
 46  2.980         1.9351         0.8595
 47  3.080         1.9715         0.8770
 48  3.180         2.0061         0.8891
 49  3.280         2.0392         0.9055
 50  3.380         2.0725         0.9405
 51  3.480         2.1083         1.0069
 52  3.580         2.1565         1.1777
 53  3.680         2.3736         1.9684
 54  3.780         2.4667         1.7522
 55  3.880         2.5440         1.7562
 56  3.980         2.6135         1.7840
 57  4.080         2.6779         1.8172
 58  4.180         2.7377         1.8467
 59  4.280         2.7943         1.8813
 60  4.380         2.8494         1.9252
 61  4.480         2.9035         1.9726
 62  4.580         2.9533         1.9876
 63  4.680         2.9993         2.0019
 64  4.780         3.0427         2.0206
 65  4.880         3.0835         2.0366
 66  4.980         3.1222         2.0530
 67  5.080         3.1589         2.0674
 68  5.180         3.1941         2.0850
 69  5.280         3.2280         2.1034
 70  5.380         3.2608         2.1231
 71  5.480         3.2925         2.1399
 72  5.580         3.3230         2.1542
 73  5.680         3.3520         2.1631
 74  5.780         3.3796         2.1690
 75  5.880         3.4059         2.1744
 76  5.980         3.4309         2.1783
 77  6.080         3.4548         2.1846
 78  6.180         3.4780         2.1927
 79  6.280         3.5003         2.1995
 80  6.380         3.5217         2.2049
 81  6.480         3.5424         2.2099
 82  6.580         3.5623         2.2142
 83  6.680         3.5816         2.2192
 84  6.780         3.6003         2.2260
 85  6.880         3.6185         2.2316
 86  6.980         3.6362         2.2369
 87  7.080         3.6534         2.2431
 88  7.180         3.6703         2.2506
 89  7.280         3.6868         2.2592
 90  7.380         3.7033         2.2752
 91  7.480         3.7198         2.2915
 92  7.580         3.7363         2.3076
 93  7.680         3.7528         2.3226
 94  7.780         3.7691         2.3371
 95  7.880         3.7858         2.3607
 96  7.980         3.8026         2.3833
 97  8.080         3.8197         2.4054
 98  8.180         3.8364         2.4144
 99  8.280         3.8531         2.4292
100  8.380         3.8699         2.4488
101  8.480         3.8871         2.4752
102  8.580         3.9044         2.4965
103  8.680         3.9218         2.5154
104  8.780         3.9392         2.5341
105  8.880         3.9570         2.5615
106  8.980         3.9753         2.5907
107  9.080         3.9941         2.6205
108  9.180         4.0133         2.6489
109  9.280         4.0330         2.6809
110  9.380         4.0533         2.7128
111  9.480         4.0740         2.7419
112  9.580         4.0953         2.7750
113  9.680         4.1175         2.8144
114  9.780         4.1406         2.8549
115  9.880         4.1646         2.8948
116  9.980         4.1897         2.9402
117 10.080         4.2164         2.9919
118 10.180         4.2453         3.0532
119 10.280         4.2748         3.0924
120 10.380         4.3027         3.0975
121 10.480         4.3299         3.1130
122 10.580         4.3573         3.1429
123 10.680         4.3850         3.1763
124 10.780         4.4128         3.2058
125 10.880         4.4405         3.2312
126 10.980         4.4674         3.2462
127 11.080         4.4936         3.2606
128 11.180         4.5190         3.2740
129 11.280         4.5441         3.2931
130 11.380         4.5690         3.3155
131 11.480         4.5940         3.3408
132 11.580         4.6190         3.3673
133 11.680         4.6440         3.3915
134 11.780         4.6688         3.4138
135 11.880         4.6937         3.4385
136 11.980         4.7187         3.4670
137 12.080         4.7441         3.4976
138 12.180         4.7696         3.5270
139 12.280         4.7953         3.5546
140 12.380         4.8210         3.5806
141 12.480         4.8469         3.6088
142 12.580         4.8728         3.6363
143 12.680         4.8987         3.6606
144 12.780         4.9243         3.6816
145 12.880         4.9496         3.7033
146 12.980         4.9749         3.7263
147 13.080         5.0000         3.7502


#AGE=12.000 BINS=144 Power-law IMF: x=-2.350
# N  sdss_r       Log10(N)       Log10(dN)
  1 -1.430        -0.4127        -0.4127
  2 -1.330        -0.1415        -0.4746
  3 -1.230         0.0378        -0.4329
  4 -1.130         0.1639        -0.4349
  5 -1.030         0.2692        -0.3976
  6 -0.930         0.3970        -0.1967
  7 -0.830         0.4799        -0.2801
  8 -0.730         0.5294        -0.4377
  9 -0.630         0.5775        -0.4027
 10 -0.530         0.6236        -0.3729
 11 -0.430         0.6680        -0.3448
 12 -0.330         0.7112        -0.3120
 13 -0.230         0.7531        -0.2838
 14 -0.130         0.7946        -0.2460
 15 -0.030         0.8345        -0.2218
 16  0.070         0.8720        -0.2100
 17  0.170         0.9083        -0.1882
 18  0.270         0.9456        -0.1386
 19  0.370         0.9833        -0.0966
 20  0.470         1.0207        -0.0629
 21  0.570         1.0570        -0.0393
 22  0.670         1.0896        -0.0508
 23  0.770         1.2036         0.5671
 24  0.870         1.2423         0.1723
 25  0.970         1.2755         0.1421
 26  1.070         1.3516         0.5581
 27  1.170         1.3954         0.3772
 28  1.270         1.4176         0.1145
 29  1.370         1.4402         0.1456
 30  1.470         1.4671         0.2453
 31  1.570         1.4956         0.2987
 32  1.670         1.5244         0.3326
 33  1.770         1.5537         0.3668
 34  1.870         1.5832         0.4016
 35  1.970         1.6133         0.4386
 36  2.070         1.6435         0.4711
 37  2.170         1.6743         0.5097
 38  2.270         1.7055         0.5466
 39  2.370         1.7372         0.5849
 40  2.470         1.7693         0.6217
 41  2.570         1.8031         0.6774
 42  2.670         1.8389         0.7378
 43  2.770         1.8791         0.8249
 44  2.870         1.9199         0.8730
 45  2.970         1.9592         0.8956
 46  3.070         1.9962         0.9084
 47  3.170         2.0314         0.9233
 48  3.270         2.0651         0.9381
 49  3.370         2.0980         0.9605
 50  3.470         2.1315         1.0028
 51  3.570         2.1684         1.0796
 52  3.670         2.2234         1.2981
 53  3.770         2.4252         1.9955
 54  3.870         2.5193         1.8087
 55  3.970         2.5977         1.8154
 56  4.070         2.6685         1.8458
 57  4.170         2.7340         1.8801
 58  4.270         2.7948         1.9109
 59  4.370         2.8525         1.9476
 60  4.470         2.9086         1.9917
 61  4.570         2.9630         2.0338
 62  4.670         3.0123         2.0435
 63  4.770         3.0577         2.0544
 64  4.870         3.1001         2.0689
 65  4.970         3.1404         2.0872
 66  5.070         3.1787         2.1057
 67  5.170         3.2156         2.1259
 68  5.270         3.2513         2.1484
 69  5.370         3.2858         2.1694
 70  5.470         3.3189         2.1836
 71  5.570         3.3504         2.1963
 72  5.670         3.3805         2.2059
 73  5.770         3.4090         2.2123
 74  5.870         3.4362         2.2183
 75  5.970         3.4620         2.2238
 76  6.070         3.4868         2.2311
 77  6.170         3.5108         2.2405
 78  6.270         3.5338         2.2472
 79  6.370         3.5560         2.2525
 80  6.470         3.5773         2.2581
 81  6.570         3.5979         2.2628
 82  6.670         3.6177         2.2671
 83  6.770         3.6370         2.2764
 84  6.870         3.6557         2.2800
 85  6.970         3.6739         2.2858
 86  7.070         3.6916         2.2939
 87  7.170         3.7088         2.2991
 88  7.270         3.7258         2.3097
 89  7.370         3.7427         2.3236
 90  7.470         3.7596         2.3421
 91  7.570         3.7765         2.3569
 92  7.670         3.7933         2.3718
 93  7.770         3.8100         2.3872
 94  7.870         3.8269         2.4098
 95  7.970         3.8442         2.4342
 96  8.070         3.8616         2.4560
 97  8.170         3.8787         2.4663
 98  8.270         3.8957         2.4783
 99  8.370         3.9128         2.5013
100  8.470         3.9303         2.5253
101  8.570         3.9479         2.5474
102  8.670         3.9656         2.5667
103  8.770         3.9833         2.5864
104  8.870         4.0014         2.6123
105  8.970         4.0200         2.6411
106  9.070         4.0390         2.6716
107  9.170         4.0585         2.7000
108  9.270         4.0785         2.7317
109  9.370         4.0990         2.7640
110  9.470         4.1200         2.7936
111  9.570         4.1415         2.8259
112  9.670         4.1638         2.8625
113  9.770         4.1867         2.8964
114  9.870         4.2103         2.9339
115  9.970         4.2354         2.9854
116 10.070         4.2629         3.0507
117 10.170         4.2920         3.1037
118 10.270         4.3218         3.1434
119 10.370         4.3501         3.1497
120 10.470         4.3781         3.1741
121 10.570         4.4059         3.1988
122 10.670         4.4340         3.2300
123 10.770         4.4621         3.2593
124 10.870         4.4899         3.2830
125 10.970         4.5171         3.3006
126 11.070         4.5436         3.3144
127 11.170         4.5691         3.3267
128 11.270         4.5944         3.3456
129 11.370         4.6193         3.3669
130 11.470         4.6444         3.3931
131 11.570         4.6694         3.4172
132 11.670         4.6943         3.4403
133 11.770         4.7192         3.4650
134 11.870         4.7441         3.4909
135 11.970         4.7691         3.5162
136 12.070         4.7942         3.5437
137 12.170         4.8196         3.5738
138 12.270         4.8454         3.6062
139 12.370         4.8714         3.6355
140 12.470         4.8973         3.6610
141 12.570         4.9231         3.6835
142 12.670         4.9488         3.7084
143 12.770         4.9745         3.7330
144 12.870         5.0000         3.7567


#AGE=13.000 BINS=145 Power-law IMF: x=-2.350
# N  sdss_r       Log10(N)       Log10(dN)
  1 -1.412        -0.4122        -0.4122
  2 -1.312        -0.1512        -0.4963
  3 -1.212         0.0144        -0.4847
  4 -1.112         0.1343        -0.4832
  5 -1.012         0.2344        -0.4521
  6 -0.912         0.3586        -0.2457
  7 -0.812         0.4285        -0.3992
  8 -0.712         0.4828        -0.4469
  9 -0.612         0.5307        -0.4510
 10 -0.512         0.5769        -0.4191
 11 -0.412         0.6210        -0.3942
 12 -0.312         0.6649        -0.3513
 13 -0.212         0.7074        -0.3231
 14 -0.112         0.7486        -0.2955
 15 -0.012         0.7887        -0.2653
 16  0.088         0.8269        -0.2480
 17  0.188         0.8636        -0.2277
 18  0.288         0.9008        -0.1846
 19  0.388         0.9384        -0.1436
 20  0.488         0.9761        -0.1038
 21  0.588         1.0129        -0.0776
 22  0.688         1.0493        -0.0449
 23  0.788         1.1519         0.4750
 24  0.888         1.1967         0.1882
 25  0.988         1.2309         0.1101
 26  1.088         1.2635         0.1227
 27  1.188         1.3538         0.6272
 28  1.288         1.3786         0.1233
 29  1.388         1.4008         0.0980
 30  1.488         1.4251         0.1615
 31  1.588         1.4537         0.2566
 32  1.688         1.4826         0.2925
 33  1.788         1.5118         0.3248
 34  1.888         1.5415         0.3616
 35  1.988         1.5716         0.3967
 36  2.088         1.6019         0.4307
 37  2.188         1.6327         0.4679
 38  2.288         1.6638         0.5040
 39  2.388         1.6954         0.5416
 40  2.488         1.7275         0.5799
 41  2.588         1.7608         0.6296
 42  2.688         1.7958         0.6848
 43  2.788         1.8354         0.7756
 44  2.888         1.8761         0.8279
 45  2.988         1.9159         0.8574
 46  3.088         1.9534         0.8716
 47  3.188         1.9895         0.8910
 48  3.288         2.0238         0.9043
 49  3.388         2.0569         0.9219
 50  3.488         2.0899         0.9546
 51  3.588         2.1246         1.0101
 52  3.688         2.1664         1.1291
 53  3.788         2.2989         1.7187
 54  3.888         2.4345         1.8628
 55  3.988         2.5223         1.7852
 56  4.088         2.5988         1.8071
 57  4.188         2.6686         1.8403
 58  4.288         2.7332         1.8737
 59  4.388         2.7929         1.9013
 60  4.488         2.8499         1.9398
 61  4.588         2.9051         1.9818
 62  4.688         2.9566         2.0051
 63  4.788         3.0033         2.0115
 64  4.888         3.0469         2.0271
 65  4.988         3.0883         2.0472
 66  5.088         3.1279         2.0678
 67  5.188         3.1661         2.0923
 68  5.288         3.2033         2.1171
 69  5.388         3.2389         2.1347
 70  5.488         3.2727         2.1475
 71  5.588         3.3049         2.1583
 72  5.688         3.3353         2.1660
 73  5.788         3.3643         2.1746
 74  5.888         3.3920         2.1822
 75  5.988         3.4184         2.1887
 76  6.088         3.4438         2.1984
 77  6.188         3.4683         2.2070
 78  6.288         3.4918         2.2138
 79  6.388         3.5144         2.2195
 80  6.488         3.5361         2.2239
 81  6.588         3.5570         2.2298
 82  6.688         3.5773         2.2362
 83  6.788         3.5969         2.2427
 84  6.888         3.6160         2.2480
 85  6.988         3.6344         2.2544
 86  7.088         3.6524         2.2603
 87  7.188         3.6700         2.2679
 88  7.288         3.6873         2.2802
 89  7.388         3.7047         2.2982
 90  7.488         3.7220         2.3127
 91  7.588         3.7391         2.3272
 92  7.688         3.7562         2.3425
 93  7.788         3.7733         2.3589
 94  7.888         3.7906         2.3837
 95  7.988         3.8083         2.4090
 96  8.088         3.8260         2.4273
 97  8.188         3.8434         2.4376
 98  8.288         3.8607         2.4520
 99  8.388         3.8782         2.4752
100  8.488         3.8960         2.5003
101  8.588         3.9140         2.5216
102  8.688         3.9320         2.5405
103  8.788         3.9501         2.5622
104  8.888         3.9686         2.5891
105  8.988         3.9876         2.6170
106  9.088         4.0069         2.6461
107  9.188         4.0267         2.6767
108  9.288         4.0472         2.7093
109  9.388         4.0681         2.7408
110  9.488         4.0894         2.7703
111  9.588         4.1114         2.8043
112  9.688         4.1342         2.8427
113  9.788         4.1577         2.8801
114  9.888         4.1823         2.9227
115  9.988         4.2082         2.9714
116 10.088         4.2356         3.0217
117 10.188         4.2647         3.0764
118 10.288         4.2942         3.1118
119 10.388         4.3230         3.1301
120 10.488         4.3515         3.1546
121 10.588         4.3796         3.1767
122 10.688         4.4080         3.2093
123 10.788         4.4364         3.2372
124 10.888         4.4644         3.2602
125 10.988         4.4917         3.2758
126 11.088         4.5179         3.2862
127 11.188         4.5436         3.3027
128 11.288         4.5689         3.3210
129 11.388         4.5939         3.3430
130 11.488         4.6190         3.3671
131 11.588         4.6441         3.3934
132 11.688         4.6691         3.4168
133 11.788         4.6938         3.4379
134 11.888         4.7186         3.4628
135 11.988         4.7437         3.4923
136 12.088         4.7690         3.5214
137 12.188         4.7944         3.5497
138 12.288         4.8200         3.5776
139 12.388         4.8459         3.6080
140 12.488         4.8719         3.6370
141 12.588         4.8979         3.6619
142 12.688         4.9236         3.6833
143 12.788         4.9492         3.7063
144 12.888         4.9746         3.7299
145 12.988         5.0000         3.7537
