#NUMBER OF AGES=15
#----------------------------------------------------       
#MIX-LEN  Y      Z          Zeff        [Fe/H] [a/Fe]       
# 1.9380  0.2472 1.3443E-03 1.3443E-03  -1.10   0.00        
#----------------------------------------------------       
#**PHOTOMETRIC SYSTEM**: SDSS (AB)                          
#----------------------------------------------------       
#AGE= 0.010 BINS=134 Power-law IMF: x=-2.350
# N  sdss_r       Log10(N)       Log10(dN)
  1 -1.937            NaN         0.0000
  2 -1.837            NaN         0.0000
  3 -1.737            NaN         0.0000
  4 -1.637            NaN         0.0000
  5 -1.537            NaN         0.1062
  6 -1.437            NaN         0.1062
  7 -1.337            NaN         0.8909
  8 -1.237            NaN         1.0398
  9 -1.137            NaN         1.1175
 10 -1.037         0.9926         1.1826
 11 -0.937         1.5342         1.3871
 12 -0.837         1.8005         1.4619
 13 -0.737         1.9604         1.4487
 14 -0.637         2.0772         1.4498
 15 -0.537         2.1668         1.4372
 16 -0.437         2.2383         1.4196
 17 -0.337         2.2953         1.3852
 18 -0.237         2.3468         1.3957
 19 -0.137         2.3963         1.4282
 20 -0.037         2.4247         1.2265
 21  0.063         2.4872         1.6144
 22  0.163         2.5442         1.6343
 23  0.263         2.6206         1.8285
 24  0.363         2.6991         1.9174
 25  0.463         2.7623         1.8939
 26  0.563         2.8180         1.8987
 27  0.663         2.8683         1.9065
 28  0.763         2.9217         1.9854
 29  0.863         2.9719         2.0103
 30  0.963         3.0111         1.9462
 31  1.063         3.0461         1.9358
 32  1.163         3.0785         1.9347
 33  1.263         3.1095         1.9472
 34  1.363         3.1404         1.9778
 35  1.463         3.1730         2.0320
 36  1.563         3.2095         2.1163
 37  1.663         3.2917         2.5284
 38  1.763         3.3707         2.5913
 39  1.863         3.4028         2.2554
 40  1.963         3.4396         2.3499
 41  2.063         3.4772         2.3957
 42  2.163         3.4961         2.1264
 43  2.263         3.5148         2.1393
 44  2.363         3.5331         2.1488
 45  2.463         3.5511         2.1603
 46  2.563         3.5690         2.1738
 47  2.663         3.5866         2.1850
 48  2.763         3.6035         2.1848
 49  2.863         3.6202         2.1991
 50  2.963         3.6377         2.2336
 51  3.063         3.6568         2.2904
 52  3.163         3.6776         2.3466
 53  3.263         3.7035         2.4668
 54  3.363         3.7211         2.3204
 55  3.463         3.7368         2.2878
 56  3.563         3.7524         2.2989
 57  3.663         3.7659         2.2501
 58  3.763         3.7782         2.2268
 59  3.863         3.7907         2.2425
 60  3.963         3.8032         2.2576
 61  4.063         3.8158         2.2716
 62  4.163         3.8284         2.2842
 63  4.263         3.8410         2.2957
 64  4.363         3.8535         2.3059
 65  4.463         3.8658         2.3147
 66  4.563         3.8781         2.3223
 67  4.663         3.8902         2.3284
 68  4.763         3.9020         2.3331
 69  4.863         3.9137         2.3367
 70  4.963         3.9252         2.3418
 71  5.063         3.9365         2.3478
 72  5.163         3.9478         2.3546
 73  5.263         3.9589         2.3623
 74  5.363         3.9700         2.3708
 75  5.463         3.9810         2.3803
 76  5.563         3.9920         2.3906
 77  5.663         4.0030         2.4018
 78  5.763         4.0141         2.4136
 79  5.863         4.0251         2.4230
 80  5.963         4.0360         2.4325
 81  6.063         4.0470         2.4429
 82  6.163         4.0579         2.4543
 83  6.263         4.0689         2.4667
 84  6.363         4.0788         2.4337
 85  6.463         4.0885         2.4302
 86  6.563         4.0984         2.4514
 87  6.663         4.1100         2.5313
 88  6.763         4.1191         2.4369
 89  6.863         4.1273         2.3956
 90  6.963         4.1362         2.4449
 91  7.063         4.1459         2.4907
 92  7.163         4.1555         2.4953
 93  7.263         4.1649         2.4952
 94  7.363         4.1742         2.5007
 95  7.463         4.1832         2.4964
 96  7.563         4.1922         2.5019
 97  7.663         4.2015         2.5257
 98  7.763         4.2107         2.5340
 99  7.863         4.2193         2.5130
100  7.963         4.2820         3.4107
101  8.063         4.3438         3.4664
102  8.163         4.3953         3.4437
103  8.263         4.4350         3.3764
104  8.363         4.4682         3.3344
105  8.463         4.4968         3.3022
106  8.563         4.5222         3.2768
107  8.663         4.5451         3.2553
108  8.763         4.5661         3.2388
109  8.863         4.5858         3.2326
110  8.963         4.6048         3.2383
111  9.063         4.6238         3.2552
112  9.163         4.6422         3.2587
113  9.263         4.6600         3.2647
114  9.363         4.6763         3.2409
115  9.463         4.6904         3.1972
116  9.563         4.7056         3.2413
117  9.663         4.7204         3.2446
118  9.763         4.7349         3.2514
119  9.863         4.7493         3.2620
120  9.963         4.7636         3.2764
121 10.063         4.7781         3.2946
122 10.163         4.7929         3.3164
123 10.263         4.8080         3.3416
124 10.363         4.8236         3.3702
125 10.463         4.8397         3.4018
126 10.563         4.8563         3.4294
127 10.663         4.8728         3.4454
128 10.763         4.8895         3.4648
129 10.863         4.9064         3.4887
130 10.963         4.9238         3.5174
131 11.063         4.9418         3.5510
132 11.163         4.9607         3.5901
133 11.263         4.9803         3.6256
134 11.363         5.0000         3.6464


#AGE= 0.100 BINS=132 Power-law IMF: x=-2.350
# N  sdss_r       Log10(N)       Log10(dN)
  1 -1.628            NaN         3.6464
  2 -1.528            NaN         3.6464
  3 -1.428            NaN         3.6464
  4 -1.328            NaN         3.6464
  5 -1.228            NaN         3.6464
  6 -1.128            NaN         3.6464
  7 -1.028            NaN         3.6464
  8 -0.928            NaN         3.6464
  9 -0.828            NaN         0.5929
 10 -0.728            NaN         1.2805
 11 -0.628         0.7420         1.4441
 12 -0.528         1.5474         1.4735
 13 -0.428         1.7969         1.4374
 14 -0.328         1.9568         1.4452
 15 -0.228         2.0655         1.4107
 16 -0.128         2.1488         1.3908
 17 -0.028         2.2247         1.4298
 18  0.072         2.2577         1.1219
 19  0.172         2.3459         1.6102
 20  0.272         2.4231         1.6347
 21  0.372         2.5340         1.8871
 22  0.472         2.6264         1.9086
 23  0.572         2.7008         1.8981
 24  0.672         2.7649         1.9026
 25  0.772         2.8215         1.9082
 26  0.872         2.8730         1.9220
 27  0.972         2.9351         2.0597
 28  1.072         2.9794         1.9653
 29  1.172         3.0183         1.9514
 30  1.272         3.0536         1.9467
 31  1.372         3.0870         1.9557
 32  1.472         3.1199         1.9837
 33  1.572         3.1544         2.0363
 34  1.672         3.1928         2.1202
 35  1.772         3.2680         2.4695
 36  1.872         3.3476         2.5719
 37  1.972         3.3845         2.2952
 38  2.072         3.4140         2.2317
 39  2.172         3.4600         2.4617
 40  2.272         3.4796         2.1253
 41  2.372         3.4991         2.1415
 42  2.472         3.5182         2.1510
 43  2.572         3.5369         2.1619
 44  2.672         3.5554         2.1751
 45  2.772         3.5736         2.1881
 46  2.872         3.5912         2.1887
 47  2.972         3.6085         2.2016
 48  3.072         3.6265         2.2354
 49  3.172         3.6457         2.2801
 50  3.272         3.6695         2.3973
 51  3.372         3.6927         2.4094
 52  3.472         3.7106         2.3150
 53  3.572         3.7267         2.2873
 54  3.672         3.7428         2.3037
 55  3.772         3.7556         2.2197
 56  3.872         3.7681         2.2231
 57  3.972         3.7808         2.2375
 58  4.072         3.7935         2.2534
 59  4.172         3.8062         2.2686
 60  4.272         3.8191         2.2824
 61  4.372         3.8319         2.2949
 62  4.472         3.8446         2.3060
 63  4.572         3.8573         2.3157
 64  4.672         3.8698         2.3240
 65  4.772         3.8822         2.3308
 66  4.872         3.8944         2.3361
 67  4.972         3.9063         2.3397
 68  5.072         3.9180         2.3439
 69  5.172         3.9296         2.3496
 70  5.272         3.9411         2.3560
 71  5.372         3.9524         2.3634
 72  5.472         3.9637         2.3718
 73  5.572         3.9749         2.3811
 74  5.672         3.9861         2.3913
 75  5.772         3.9972         2.4025
 76  5.872         4.0084         2.4140
 77  5.972         4.0196         2.4232
 78  6.072         4.0307         2.4329
 79  6.172         4.0418         2.4435
 80  6.272         4.0529         2.4550
 81  6.372         4.0640         2.4675
 82  6.472         4.0751         2.4781
 83  6.572         4.0855         2.4577
 84  6.672         4.0977         2.5392
 85  6.772         4.1072         2.4445
 86  6.872         4.1150         2.3621
 87  6.972         4.1233         2.4014
 88  7.072         4.1325         2.4537
 89  7.172         4.1422         2.4893
 90  7.272         4.1518         2.4901
 91  7.372         4.1615         2.5038
 92  7.472         4.1711         2.5112
 93  7.572         4.1804         2.5088
 94  7.672         4.1898         2.5204
 95  7.772         4.1995         2.5430
 96  7.872         4.2087         2.5308
 97  7.972         4.2170         2.4930
 98  8.072         4.2272         2.5914
 99  8.172         4.2893         3.4142
100  8.272         4.3521         3.4814
101  8.372         4.4039         3.4541
102  8.472         4.4440         3.3902
103  8.572         4.4778         3.3518
104  8.672         4.5069         3.3187
105  8.772         4.5323         3.2872
106  8.872         4.5549         3.2589
107  8.972         4.5755         3.2413
108  9.072         4.5950         3.2374
109  9.172         4.6142         3.2506
110  9.272         4.6340         3.2827
111  9.372         4.6525         3.2723
112  9.472         4.6681         3.2177
113  9.572         4.6848         3.2615
114  9.672         4.7008         3.2596
115  9.772         4.7163         3.2609
116  9.872         4.7315         3.2657
117  9.972         4.7464         3.2744
118 10.072         4.7612         3.2869
119 10.172         4.7761         3.3033
120 10.272         4.7911         3.3235
121 10.372         4.8065         3.3475
122 10.472         4.8223         3.3749
123 10.572         4.8386         3.4055
124 10.672         4.8554         3.4355
125 10.772         4.8723         3.4530
126 10.872         4.8892         3.4722
127 10.972         4.9064         3.4952
128 11.072         4.9240         3.5223
129 11.172         4.9421         3.5537
130 11.272         4.9610         3.5898
131 11.372         4.9805         3.6226
132 11.472         5.0000         3.6429


#AGE= 1.000 BINS=136 Power-law IMF: x=-2.350
# N  sdss_r       Log10(N)       Log10(dN)
  1 -0.936         0.0731         0.0731
  2 -0.836         0.3754         0.0756
  3 -0.736         0.5528         0.0784
  4 -0.636         0.6805         0.0864
  5 -0.536         0.7791         0.0870
  6 -0.436         0.8589         0.0836
  7 -0.336         0.9254         0.0778
  8 -0.236         0.9820         0.0692
  9 -0.136         1.0311         0.0601
 10 -0.036         1.0748         0.0553
 11  0.064         1.1136         0.0459
 12  0.164         1.1489         0.0407
 13  0.264         1.1810         0.0337
 14  0.364         1.2102         0.0233
 15  0.464         1.3082         0.6135
 16  0.564         1.4170         0.7625
 17  0.664         1.4919         0.6918
 18  0.764         1.5647         0.7530
 19  0.864         1.6130         0.6359
 20  0.964         1.6302         0.2185
 21  1.064         1.6363        -0.2206
 22  1.164         1.8311         1.3893
 23  1.264         2.0121         1.5445
 24  1.364         2.1340         1.5226
 25  1.464         2.2345         1.5496
 26  1.564         2.3236         1.5919
 27  1.664         2.4056         1.6414
 28  1.764         2.4828         1.6946
 29  1.864         2.5558         1.7454
 30  1.964         2.6357         1.8609
 31  2.064         2.7040         1.8671
 32  2.164         2.7683         1.9073
 33  2.264         2.8309         1.9588
 34  2.364         2.8888         1.9852
 35  2.464         2.9428         2.0102
 36  2.564         2.9918         2.0202
 37  2.664         3.0343         2.0035
 38  2.764         3.0826         2.1047
 39  2.864         3.1257         2.1017
 40  2.964         3.1648         2.0990
 41  3.064         3.1994         2.0844
 42  3.164         3.2307         2.0724
 43  3.264         3.2601         2.0762
 44  3.364         3.2877         2.0773
 45  3.464         3.3136         2.0760
 46  3.564         3.3392         2.0970
 47  3.664         3.3607         2.0444
 48  3.764         3.3844         2.1098
 49  3.864         3.4074         2.1187
 50  3.964         3.4297         2.1302
 51  4.064         3.4515         2.1406
 52  4.164         3.4729         2.1546
 53  4.264         3.4943         2.1760
 54  4.364         3.5150         2.1835
 55  4.464         3.5352         2.1936
 56  4.564         3.5548         2.1997
 57  4.664         3.5739         2.2073
 58  4.764         3.5936         2.2410
 59  4.864         3.6130         2.2524
 60  4.964         3.6320         2.2632
 61  5.064         3.6506         2.2734
 62  5.164         3.6688         2.2830
 63  5.264         3.6867         2.2920
 64  5.364         3.7042         2.3003
 65  5.464         3.7213         2.3080
 66  5.564         3.7380         2.3151
 67  5.664         3.7543         2.3215
 68  5.764         3.7703         2.3273
 69  5.864         3.7859         2.3324
 70  5.964         3.8010         2.3368
 71  6.064         3.8158         2.3409
 72  6.164         3.8303         2.3469
 73  6.264         3.8446         2.3525
 74  6.364         3.8585         2.3571
 75  6.464         3.8721         2.3608
 76  6.564         3.8853         2.3643
 77  6.664         3.8984         2.3685
 78  6.764         3.9111         2.3736
 79  6.864         3.9237         2.3791
 80  6.964         3.9361         2.3837
 81  7.064         3.9482         2.3880
 82  7.164         3.9600         2.3891
 83  7.264         3.9716         2.3912
 84  7.364         3.9831         2.4014
 85  7.464         3.9947         2.4160
 86  7.564         4.0063         2.4257
 87  7.664         4.0178         2.4358
 88  7.764         4.0296         2.4568
 89  7.864         4.0416         2.4795
 90  7.964         4.0542         2.5076
 91  8.064         4.0669         2.5277
 92  8.164         4.0798         2.5465
 93  8.264         4.0931         2.5720
 94  8.364         4.1068         2.5992
 95  8.464         4.1210         2.6286
 96  8.564         4.1359         2.6640
 97  8.664         4.1509         2.6813
 98  8.764         4.1668         2.7218
 99  8.864         4.1843         2.7809
100  8.964         4.2034         2.8377
101  9.064         4.2232         2.8712
102  9.164         4.2431         2.8954
103  9.264         4.2636         2.9267
104  9.364         4.2848         2.9625
105  9.464         4.3069         3.0034
106  9.564         4.3298         3.0396
107  9.664         4.3510         3.0307
108  9.764         4.3735         3.0758
109  9.864         4.3986         3.1480
110  9.964         4.4254         3.2023
111 10.064         4.4526         3.2365
112 10.164         4.4794         3.2564
113 10.264         4.5065         3.2873
114 10.364         4.5334         3.3131
115 10.464         4.5600         3.3334
116 10.564         4.5859         3.3479
117 10.664         4.6108         3.3564
118 10.764         4.6348         3.3662
119 10.864         4.6582         3.3787
120 10.964         4.6811         3.3916
121 11.064         4.7035         3.4048
122 11.164         4.7255         3.4184
123 11.264         4.7471         3.4325
124 11.364         4.7683         3.4462
125 11.464         4.7890         3.4577
126 11.564         4.8093         3.4698
127 11.664         4.8294         3.4829
128 11.764         4.8491         3.4969
129 11.864         4.8686         3.5120
130 11.964         4.8880         3.5272
131 12.064         4.9071         3.5406
132 12.164         4.9260         3.5549
133 12.264         4.9447         3.5702
134 12.364         4.9632         3.5844
135 12.464         4.9816         3.5992
136 12.564         5.0000         3.6171


#AGE= 2.000 BINS=159 Power-law IMF: x=-2.350
# N  sdss_r       Log10(N)       Log10(dN)
  1 -2.904        -0.5671        -0.5671
  2 -2.804        -0.2537        -0.5426
  3 -2.704        -0.0661        -0.5212
  4 -2.604         0.0717        -0.4940
  5 -2.504         0.1806        -0.4731
  6 -2.404         0.2726        -0.4470
  7 -2.304         0.3530        -0.4190
  8 -2.204         0.4252        -0.3895
  9 -2.104         0.4903        -0.3662
 10 -2.004         0.5509        -0.3346
 11 -1.904         0.6040        -0.3352
 12 -1.804         0.6545        -0.3047
 13 -1.704         0.7044        -0.2601
 14 -1.604         0.7521        -0.2306
 15 -1.504         0.7981        -0.1995
 16 -1.404         0.8421        -0.1738
 17 -1.304         0.8948        -0.0478
 18 -1.204         0.9532         0.0530
 19 -1.104         0.9937        -0.0568
 20 -1.004         1.0315        -0.0479
 21 -0.904         1.0676        -0.0299
 22 -0.804         1.1550         0.4159
 23 -0.704         1.2256         0.4015
 24 -0.604         1.2546         0.0654
 25 -0.504         1.2817         0.0627
 26 -0.404         1.3078         0.0734
 27 -0.304         1.3346         0.1120
 28 -0.204         1.3629         0.1631
 29 -0.104         1.3916         0.1970
 30 -0.004         1.4205         0.2294
 31  0.096         1.4493         0.2567
 32  0.196         1.4780         0.2838
 33  0.296         1.5067         0.3131
 34  0.396         1.5356         0.3438
 35  0.496         1.5646         0.3741
 36  0.596         1.5938         0.4072
 37  0.696         1.6232         0.4396
 38  0.796         1.6527         0.4706
 39  0.896         1.6825         0.5032
 40  0.996         1.7124         0.5358
 41  1.096         1.7424         0.5662
 42  1.196         1.7717         0.5873
 43  1.296         1.8008         0.6124
 44  1.396         1.8295         0.6357
 45  1.496         1.9530         1.3463
 46  1.596         2.0558         1.3796
 47  1.696         2.1658         1.5156
 48  1.796         2.2178         1.2707
 49  1.896         2.2724         1.3446
 50  1.996         2.3327         1.4452
 51  2.096         2.3944         1.5169
 52  2.196         2.4557         1.5746
 53  2.296         2.5198         1.6570
 54  2.396         2.5826         1.7123
 55  2.496         2.6443         1.7664
 56  2.596         2.7036         1.8094
 57  2.696         2.7598         1.8440
 58  2.796         2.8128         1.8731
 59  2.896         2.8626         1.8973
 60  2.996         2.9096         1.9210
 61  3.096         2.9537         1.9383
 62  3.196         2.9941         1.9429
 63  3.296         3.0310         1.9418
 64  3.396         3.0661         1.9563
 65  3.496         3.0983         1.9519
 66  3.596         3.1303         1.9820
 67  3.696         3.1614         2.0008
 68  3.796         3.1918         2.0220
 69  3.896         3.2210         2.0341
 70  3.996         3.2492         2.0467
 71  4.096         3.2768         2.0664
 72  4.196         3.3040         2.0872
 73  4.296         3.3303         2.1001
 74  4.396         3.3555         2.1069
 75  4.496         3.3797         2.1136
 76  4.596         3.4032         2.1249
 77  4.696         3.4262         2.1387
 78  4.796         3.4487         2.1512
 79  4.896         3.4711         2.1728
 80  4.996         3.4934         2.1928
 81  5.096         3.5148         2.1960
 82  5.196         3.5353         2.1992
 83  5.296         3.5556         2.2145
 84  5.396         3.5757         2.2332
 85  5.496         3.5957         2.2475
 86  5.596         3.6152         2.2575
 87  5.696         3.6341         2.2649
 88  5.796         3.6528         2.2762
 89  5.896         3.6710         2.2837
 90  5.996         3.6885         2.2864
 91  6.096         3.7054         2.2859
 92  6.196         3.7217         2.2879
 93  6.296         3.7375         2.2916
 94  6.396         3.7529         2.2958
 95  6.496         3.7680         2.2993
 96  6.596         3.7827         2.3049
 97  6.696         3.7971         2.3124
 98  6.796         3.8113         2.3184
 99  6.896         3.8252         2.3222
100  6.996         3.8387         2.3257
101  7.096         3.8519         2.3273
102  7.196         3.8647         2.3280
103  7.296         3.8773         2.3334
104  7.396         3.8899         2.3475
105  7.496         3.9025         2.3578
106  7.596         3.9150         2.3692
107  7.696         3.9276         2.3816
108  7.796         3.9404         2.4052
109  7.896         3.9537         2.4329
110  7.996         3.9673         2.4556
111  8.096         3.9812         2.4786
112  8.197         3.9954         2.5046
113  8.296         4.0096         2.5167
114  8.396         4.0236         2.5246
115  8.496         4.0392         2.5878
116  8.596         4.0553         2.6169
117  8.697         4.0719         2.6454
118  8.796         4.0898         2.6959
119  8.896         4.1102         2.7709
120  8.996         4.1313         2.8084
121  9.096         4.1521         2.8215
122  9.197         4.1730         2.8443
123  9.296         4.1945         2.8800
124  9.396         4.2176         2.9310
125  9.496         4.2431         2.9994
126  9.596         4.2689         3.0293
127  9.697         4.2908         2.9824
128  9.796         4.3147         3.0433
129  9.896         4.3405         3.1016
130  9.996         4.3674         3.1468
131 10.096         4.3952         3.1870
132 10.197         4.4233         3.2198
133 10.296         4.4505         3.2349
134 10.396         4.4771         3.2501
135 10.496         4.5031         3.2679
136 10.596         4.5286         3.2837
137 10.697         4.5533         3.2973
138 10.796         4.5774         3.3099
139 10.896         4.6010         3.3230
140 10.996         4.6240         3.3363
141 11.096         4.6465         3.3499
142 11.197         4.6686         3.3639
143 11.296         4.6903         3.3782
144 11.396         4.7115         3.3912
145 11.496         4.7324         3.4032
146 11.596         4.7529         3.4161
147 11.697         4.7730         3.4299
148 11.796         4.7929         3.4445
149 11.896         4.8127         3.4600
150 11.996         4.8322         3.4744
151 12.096         4.8514         3.4884
152 12.197         4.8704         3.5029
153 12.296         4.8893         3.5177
154 12.396         4.9079         3.5312
155 12.496         4.9264         3.5464
156 12.596         4.9449         3.5641
157 12.697         4.9633         3.5814
158 12.796         4.9817         3.5985
159 12.896         5.0000         3.6164


#AGE= 3.000 BINS=158 Power-law IMF: x=-2.350
# N  sdss_r       Log10(N)       Log10(dN)
  1 -2.872        -0.6451        -0.6451
  2 -2.772        -0.3385        -0.6341
  3 -2.672        -0.1523        -0.6097
  4 -2.572        -0.0146        -0.5804
  5 -2.472         0.0937        -0.5627
  6 -2.372         0.1847        -0.5389
  7 -2.272         0.2663        -0.5000
  8 -2.172         0.3375        -0.4830
  9 -2.072         0.4034        -0.4475
 10 -1.972         0.4641        -0.4206
 11 -1.872         0.5203        -0.3953
 12 -1.772         0.5728        -0.3714
 13 -1.672         0.6221        -0.3467
 14 -1.572         0.6676        -0.3353
 15 -1.472         0.7126        -0.2936
 16 -1.372         0.7569        -0.2565
 17 -1.272         0.7999        -0.2258
 18 -1.172         0.8402        -0.2130
 19 -1.072         0.8928        -0.0499
 20 -0.972         0.9470         0.0168
 21 -0.872         0.9861        -0.0793
 22 -0.772         1.0229        -0.0675
 23 -0.672         1.0580        -0.0515
 24 -0.572         1.1558         0.4602
 25 -0.472         1.2197         0.3560
 26 -0.372         1.2477         0.0441
 27 -0.272         1.2751         0.0601
 28 -0.172         1.3010         0.0637
 29 -0.072         1.3268         0.0881
 30  0.028         1.3545         0.1451
 31  0.128         1.3829         0.1846
 32  0.228         1.4116         0.2175
 33  0.328         1.4404         0.2474
 34  0.428         1.4690         0.2744
 35  0.528         1.4977         0.3038
 36  0.628         1.5267         0.3360
 37  0.728         1.5557         0.3653
 38  0.828         1.5849         0.3984
 39  0.928         1.6145         0.4338
 40  1.028         1.6444         0.4675
 41  1.128         1.6748         0.5043
 42  1.228         1.7055         0.5397
 43  1.328         1.7365         0.5740
 44  1.428         1.7681         0.6152
 45  1.528         1.8013         0.6675
 46  1.628         1.8352         0.7112
 47  1.728         1.8677         0.7256
 48  1.828         1.8993         0.7452
 49  1.928         2.0636         1.5619
 50  2.028         2.1782         1.5437
 51  2.128         2.2395         1.3586
 52  2.228         2.3020         1.4297
 53  2.328         2.3659         1.5017
 54  2.428         2.4298         1.5657
 55  2.528         2.4928         1.6238
 56  2.628         2.5545         1.6759
 57  2.728         2.6144         1.7248
 58  2.828         2.6726         1.7713
 59  2.928         2.7290         1.8140
 60  3.028         2.7833         1.8535
 61  3.128         2.8322         1.8601
 62  3.228         2.8797         1.8952
 63  3.328         2.9242         1.9120
 64  3.428         2.9653         1.9212
 65  3.528         3.0041         1.9364
 66  3.628         3.0421         1.9647
 67  3.728         3.0786         1.9846
 68  3.828         3.1134         2.0010
 69  3.928         3.1472         2.0206
 70  4.028         3.1801         2.0441
 71  4.128         3.2122         2.0642
 72  4.228         3.2430         2.0782
 73  4.328         3.2723         2.0875
 74  4.428         3.3004         2.0968
 75  4.528         3.3276         2.1119
 76  4.628         3.3542         2.1271
 77  4.728         3.3801         2.1429
 78  4.828         3.4056         2.1612
 79  4.928         3.4307         2.1813
 80  5.028         3.4551         2.1925
 81  5.128         3.4785         2.1973
 82  5.228         3.5012         2.2094
 83  5.328         3.5240         2.2317
 84  5.428         3.5461         2.2420
 85  5.528         3.5675         2.2501
 86  5.628         3.5884         2.2606
 87  5.728         3.6089         2.2710
 88  5.828         3.6288         2.2809
 89  5.928         3.6481         2.2873
 90  6.028         3.6669         2.2939
 91  6.128         3.6852         2.2991
 92  6.228         3.7029         2.3048
 93  6.328         3.7201         2.3081
 94  6.428         3.7365         2.3075
 95  6.528         3.7525         2.3088
 96  6.628         3.7681         2.3173
 97  6.728         3.7836         2.3268
 98  6.828         3.7986         2.3311
 99  6.928         3.8133         2.3339
100  7.028         3.8275         2.3368
101  7.128         3.8414         2.3383
102  7.228         3.8549         2.3410
103  7.328         3.8683         2.3515
104  7.428         3.8817         2.3641
105  7.528         3.8950         2.3733
106  7.628         3.9082         2.3849
107  7.728         3.9215         2.4021
108  7.828         3.9353         2.4295
109  7.928         3.9494         2.4545
110  8.028         3.9640         2.4824
111  8.128         3.9779         2.4755
112  8.228         3.9919         2.4931
113  8.328         4.0074         2.5540
114  8.428         4.0235         2.5839
115  8.528         4.0401         2.6141
116  8.628         4.0572         2.6450
117  8.728         4.0748         2.6730
118  8.828         4.0946         2.7437
119  8.928         4.1163         2.8033
120  9.028         4.1378         2.8219
121  9.128         4.1588         2.8326
122  9.228         4.1800         2.8590
123  9.328         4.2025         2.9064
124  9.428         4.2278         2.9790
125  9.528         4.2575         3.0780
126  9.628         4.2829         3.0379
127  9.728         4.3068         3.0359
128  9.828         4.3323         3.0884
129  9.928         4.3590         3.1344
130 10.028         4.3868         3.1792
131 10.128         4.4146         3.2067
132 10.228         4.4422         3.2307
133 10.328         4.4692         3.2498
134 10.428         4.4955         3.2647
135 10.528         4.5212         3.2812
136 10.628         4.5464         3.2969
137 10.728         4.5710         3.3124
138 10.828         4.5951         3.3278
139 10.928         4.6188         3.3425
140 11.028         4.6419         3.3563
141 11.128         4.6645         3.3693
142 11.228         4.6865         3.3808
143 11.328         4.7080         3.3917
144 11.428         4.7290         3.4038
145 11.528         4.7497         3.4173
146 11.628         4.7701         3.4322
147 11.728         4.7904         3.4485
148 11.828         4.8104         3.4652
149 11.928         4.8303         3.4800
150 12.028         4.8499         3.4946
151 12.128         4.8692         3.5089
152 12.228         4.8884         3.5227
153 12.328         4.9072         3.5357
154 12.428         4.9259         3.5507
155 12.528         4.9446         3.5679
156 12.628         4.9631         3.5843
157 12.728         4.9816         3.6008
158 12.828         5.0000         3.6187


#AGE= 4.000 BINS=156 Power-law IMF: x=-2.350
# N  sdss_r       Log10(N)       Log10(dN)
  1 -2.915            NaN         3.6187
  2 -2.815        -0.6695        -0.6681
  3 -2.715        -0.3614        -0.6555
  4 -2.615        -0.1733        -0.6272
  5 -2.515        -0.0349        -0.5989
  6 -2.415         0.0754        -0.5741
  7 -2.315         0.1677        -0.5500
  8 -2.215         0.2489        -0.5191
  9 -2.115         0.3223        -0.4863
 10 -2.015         0.3874        -0.4685
 11 -1.915         0.4480        -0.4374
 12 -1.815         0.5048        -0.4069
 13 -1.715         0.5574        -0.3850
 14 -1.615         0.6085        -0.3465
 15 -1.515         0.6558        -0.3306
 16 -1.415         0.6995        -0.3191
 17 -1.315         0.7432        -0.2766
 18 -1.215         0.7862        -0.2387
 19 -1.115         0.8284        -0.2054
 20 -1.015         0.8678        -0.1937
 21 -0.915         0.9221        -0.0079
 22 -0.815         0.9714         0.0022
 23 -0.715         1.0100        -0.0604
 24 -0.615         1.0464        -0.0477
 25 -0.515         1.0805        -0.0416
 26 -0.415         1.2096         0.6197
 27 -0.315         1.2405         0.0772
 28 -0.215         1.2694         0.0779
 29 -0.115         1.2957         0.0655
 30 -0.015         1.3218         0.0880
 31  0.085         1.3493         0.1366
 32  0.185         1.3779         0.1829
 33  0.285         1.4070         0.2182
 34  0.385         1.4360         0.2469
 35  0.485         1.4651         0.2758
 36  0.585         1.4942         0.3065
 37  0.685         1.5235         0.3379
 38  0.785         1.5529         0.3687
 39  0.885         1.5822         0.3964
 40  0.985         1.6120         0.4335
 41  1.085         1.6421         0.4675
 42  1.185         1.6725         0.5031
 43  1.285         1.7035         0.5414
 44  1.385         1.7349         0.5790
 45  1.485         1.7670         0.6190
 46  1.585         1.8004         0.6705
 47  1.685         1.8357         0.7276
 48  1.785         1.8709         0.7627
 49  1.885         1.9048         0.7800
 50  1.985         1.9377         0.8010
 51  2.085         1.9705         0.8322
 52  2.185         2.1048         1.5297
 53  2.285         2.2289         1.6245
 54  2.385         2.2928         1.4285
 55  2.485         2.3569         1.4942
 56  2.585         2.4213         1.5605
 57  2.685         2.4850         1.6199
 58  2.785         2.5472         1.6725
 59  2.885         2.6077         1.7217
 60  2.985         2.6665         1.7696
 61  3.085         2.7232         1.8108
 62  3.185         2.7781         1.8522
 63  3.285         2.8314         1.8943
 64  3.385         2.8820         1.9238
 65  3.485         2.9292         1.9419
 66  3.585         2.9734         1.9591
 67  3.685         3.0150         1.9758
 68  3.785         3.0547         1.9961
 69  3.885         3.0934         2.0235
 70  3.985         3.1309         2.0484
 71  4.085         3.1670         2.0696
 72  4.185         3.2017         2.0865
 73  4.285         3.2346         2.0976
 74  4.385         3.2663         2.1137
 75  4.485         3.2971         2.1324
 76  4.585         3.3270         2.1508
 77  4.685         3.3562         2.1684
 78  4.785         3.3846         2.1867
 79  4.885         3.4125         2.2070
 80  4.985         3.4395         2.2196
 81  5.085         3.4654         2.2266
 82  5.185         3.4902         2.2361
 83  5.285         3.5151         2.2608
 84  5.385         3.5393         2.2732
 85  5.485         3.5627         2.2820
 86  5.585         3.5855         2.2946
 87  5.685         3.6077         2.3052
 88  5.785         3.6293         2.3155
 89  5.885         3.6503         2.3245
 90  5.985         3.6707         2.3309
 91  6.085         3.6903         2.3367
 92  6.185         3.7094         2.3421
 93  6.285         3.7278         2.3467
 94  6.385         3.7457         2.3511
 95  6.485         3.7630         2.3540
 96  6.585         3.7796         2.3554
 97  6.685         3.7959         2.3626
 98  6.785         3.8120         2.3722
 99  6.885         3.8276         2.3751
100  6.985         3.8427         2.3773
101  7.085         3.8575         2.3805
102  7.185         3.8718         2.3826
103  7.285         3.8859         2.3922
104  7.385         3.9001         2.4052
105  7.485         3.9140         2.4140
106  7.585         3.9279         2.4244
107  7.685         3.9417         2.4390
108  7.785         3.9559         2.4627
109  7.885         3.9706         2.4921
110  7.985         3.9856         2.5166
111  8.085         4.0007         2.5347
112  8.185         4.0149         2.5221
113  8.285         4.0303         2.5710
114  8.385         4.0469         2.6212
115  8.485         4.0639         2.6497
116  8.585         4.0815         2.6795
117  8.685         4.0996         2.7104
118  8.785         4.1187         2.7517
119  8.885         4.1399         2.8197
120  8.985         4.1624         2.8644
121  9.085         4.1844         2.8782
122  9.185         4.2060         2.8928
123  9.285         4.2284         2.9294
124  9.385         4.2531         2.9945
125  9.485         4.2822         3.0939
126  9.585         4.3119         3.1333
127  9.685         4.3374         3.0936
128  9.785         4.3636         3.1299
129  9.885         4.3906         3.1711
130  9.985         4.4185         3.2120
131 10.085         4.4467         3.2452
132 10.185         4.4745         3.2679
133 10.285         4.5018         3.2854
134 10.385         4.5280         3.2970
135 10.485         4.5538         3.3138
136 10.585         4.5792         3.3347
137 10.685         4.6043         3.3528
138 10.785         4.6287         3.3667
139 10.885         4.6524         3.3777
140 10.985         4.6755         3.3898
141 11.085         4.6981         3.4028
142 11.185         4.7203         3.4169
143 11.285         4.7421         3.4321
144 11.385         4.7636         3.4473
145 11.485         4.7847         3.4607
146 11.585         4.8054         3.4746
147 11.685         4.8259         3.4889
148 11.785         4.8461         3.5038
149 11.885         4.8661         3.5192
150 11.985         4.8858         3.5336
151 12.085         4.9053         3.5480
152 12.185         4.9246         3.5627
153 12.285         4.9437         3.5777
154 12.385         4.9626         3.5910
155 12.485         4.9813         3.6062
156 12.585         5.0000         3.6244


#AGE= 5.000 BINS=155 Power-law IMF: x=-2.350
# N  sdss_r       Log10(N)       Log10(dN)
  1 -2.823        -0.7293        -0.7293
  2 -2.723        -0.4275        -0.7278
  3 -2.623        -0.2354        -0.6823
  4 -2.523        -0.0959        -0.6568
  5 -2.423         0.0135        -0.6387
  6 -2.323         0.1065        -0.6085
  7 -2.223         0.1875        -0.5818
  8 -2.123         0.2598        -0.5544
  9 -2.023         0.3255        -0.5276
 10 -1.923         0.3852        -0.5062
 11 -1.823         0.4420        -0.4694
 12 -1.723         0.4948        -0.4464
 13 -1.623         0.5453        -0.4139
 14 -1.523         0.5937        -0.3836
 15 -1.423         0.6395        -0.3600
 16 -1.323         0.6818        -0.3507
 17 -1.223         0.7240        -0.3089
 18 -1.123         0.7659        -0.2709
 19 -1.023         0.8070        -0.2374
 20 -0.923         0.8464        -0.2157
 21 -0.823         0.8974        -0.0578
 22 -0.723         0.9454        -0.0352
 23 -0.623         0.9837        -0.0892
 24 -0.523         1.0200        -0.0768
 25 -0.423         1.0548        -0.0585
 26 -0.323         1.1778         0.5698
 27 -0.223         1.2108         0.0758
 28 -0.123         1.2402         0.0553
 29 -0.023         1.2677         0.0561
 30  0.077         1.2938         0.0596
 31  0.177         1.3209         0.1032
 32  0.277         1.3496         0.1551
 33  0.377         1.3787         0.1908
 34  0.477         1.4081         0.2232
 35  0.577         1.4375         0.2532
 36  0.677         1.4668         0.2822
 37  0.777         1.4964         0.3149
 38  0.877         1.5260         0.3445
 39  0.977         1.5557         0.3763
 40  1.077         1.5858         0.4114
 41  1.177         1.6159         0.4423
 42  1.277         1.6466         0.4798
 43  1.377         1.6775         0.5143
 44  1.477         1.7093         0.5578
 45  1.577         1.7415         0.5960
 46  1.677         1.7746         0.6397
 47  1.777         1.8099         0.7032
 48  1.877         1.8461         0.7483
 49  1.977         1.8805         0.7623
 50  2.077         1.9136         0.7801
 51  2.177         1.9459         0.8009
 52  2.277         1.9784         0.8368
 53  2.377         2.0164         0.9394
 54  2.477         2.2121         1.7717
 55  2.577         2.2791         1.4342
 56  2.677         2.3454         1.4966
 57  2.777         2.4116         1.5623
 58  2.877         2.4771         1.6229
 59  2.977         2.5410         1.6774
 60  3.077         2.6031         1.7276
 61  3.177         2.6630         1.7731
 62  3.277         2.7203         1.8125
 63  3.377         2.7753         1.8501
 64  3.477         2.8277         1.8836
 65  3.577         2.8767         1.9051
 66  3.677         2.9233         1.9309
 67  3.777         2.9687         1.9654
 68  3.877         3.0126         1.9954
 69  3.977         3.0547         2.0204
 70  4.077         3.0948         2.0396
 71  4.177         3.1326         2.0535
 72  4.277         3.1690         2.0748
 73  4.377         3.2041         2.0943
 74  4.477         3.2382         2.1156
 75  4.577         3.2712         2.1354
 76  4.677         3.3031         2.1533
 77  4.777         3.3341         2.1729
 78  4.877         3.3644         2.1930
 79  4.977         3.3935         2.2055
 80  5.077         3.4213         2.2131
 81  5.177         3.4482         2.2276
 82  5.277         3.4751         2.2524
 83  5.377         3.5010         2.2649
 84  5.477         3.5261         2.2746
 85  5.577         3.5504         2.2870
 86  5.677         3.5741         2.2989
 87  5.777         3.5971         2.3096
 88  5.877         3.6194         2.3190
 89  5.977         3.6410         2.3257
 90  6.077         3.6618         2.3326
 91  6.177         3.6820         2.3386
 92  6.277         3.7015         2.3439
 93  6.377         3.7202         2.3468
 94  6.477         3.7384         2.3504
 95  6.577         3.7560         2.3555
 96  6.677         3.7732         2.3620
 97  6.777         3.7900         2.3704
 98  6.877         3.8064         2.3730
 99  6.977         3.8222         2.3758
100  7.077         3.8376         2.3798
101  7.177         3.8526         2.3833
102  7.277         3.8674         2.3931
103  7.377         3.8821         2.4048
104  7.477         3.8966         2.4134
105  7.577         3.9110         2.4249
106  7.677         3.9255         2.4390
107  7.777         3.9402         2.4647
108  7.877         3.9554         2.4925
109  7.977         3.9709         2.5147
110  8.077         3.9866         2.5376
111  8.177         4.0027         2.5627
112  8.277         4.0182         2.5627
113  8.377         4.0342         2.5928
114  8.477         4.0519         2.6534
115  8.577         4.0700         2.6811
116  8.677         4.0887         2.7126
117  8.777         4.1085         2.7580
118  8.877         4.1302         2.8187
119  8.977         4.1526         2.8536
120  9.077         4.1744         2.8644
121  9.177         4.1962         2.8856
122  9.277         4.2191         2.9306
123  9.377         4.2449         3.0052
124  9.477         4.2758         3.1119
125  9.577         4.3061         3.1355
126  9.677         4.3332         3.1152
127  9.777         4.3604         3.1436
128  9.877         4.3881         3.1790
129  9.977         4.4166         3.2195
130 10.077         4.4451         3.2476
131 10.177         4.4732         3.2699
132 10.277         4.5003         3.2817
133 10.377         4.5267         3.2980
134 10.477         4.5526         3.3155
135 10.577         4.5780         3.3326
136 10.677         4.6030         3.3506
137 10.777         4.6275         3.3660
138 10.877         4.6513         3.3781
139 10.977         4.6744         3.3892
140 11.077         4.6970         3.4016
141 11.177         4.7191         3.4155
142 11.277         4.7409         3.4310
143 11.377         4.7624         3.4468
144 11.477         4.7836         3.4607
145 11.577         4.8044         3.4750
146 11.677         4.8250         3.4897
147 11.777         4.8453         3.5050
148 11.877         4.8654         3.5206
149 11.977         4.8852         3.5354
150 12.077         4.9049         3.5501
151 12.177         4.9243         3.5649
152 12.277         4.9435         3.5796
153 12.377         4.9624         3.5928
154 12.477         4.9812         3.6081
155 12.577         5.0000         3.6264


#AGE= 6.000 BINS=158 Power-law IMF: x=-2.350
# N  sdss_r       Log10(N)       Log10(dN)
  1 -2.848        -0.8007        -0.8007
  2 -2.748        -0.5096        -0.8209
  3 -2.648        -0.3236        -0.7816
  4 -2.548        -0.1910        -0.7706
  5 -2.448        -0.0825        -0.7380
  6 -2.348         0.0101        -0.7066
  7 -2.248         0.0910        -0.6784
  8 -2.148         0.1620        -0.6595
  9 -2.048         0.2265        -0.6336
 10 -1.948         0.2884        -0.5885
 11 -1.848         0.3443        -0.5737
 12 -1.748         0.3973        -0.5428
 13 -1.648         0.4479        -0.5101
 14 -1.548         0.4960        -0.4836
 15 -1.448         0.5414        -0.4616
 16 -1.348         0.5857        -0.4282
 17 -1.248         0.6271        -0.4141
 18 -1.148         0.6681        -0.3766
 19 -1.048         0.7086        -0.3427
 20 -0.948         0.7486        -0.3071
 21 -0.848         0.7870        -0.2852
 22 -0.748         0.8365        -0.1316
 23 -0.648         0.8828        -0.1122
 24 -0.548         0.9209        -0.1540
 25 -0.448         0.9569        -0.1436
 26 -0.348         0.9920        -0.1178
 27 -0.248         1.0757         0.3196
 28 -0.148         1.1450         0.3141
 29 -0.048         1.1750        -0.0005
 30  0.052         1.2037         0.0092
 31  0.152         1.2297        -0.0071
 32  0.252         1.2569         0.0400
 33  0.352         1.2853         0.0878
 34  0.452         1.3147         0.1297
 35  0.552         1.3441         0.1607
 36  0.652         1.3737         0.1923
 37  0.752         1.4035         0.2245
 38  0.852         1.4332         0.2543
 39  0.952         1.4632         0.2868
 40  1.052         1.4931         0.3163
 41  1.152         1.5233         0.3504
 42  1.252         1.5539         0.3866
 43  1.352         1.5845         0.4182
 44  1.452         1.6158         0.4576
 45  1.552         1.6475         0.4946
 46  1.652         1.6800         0.5377
 47  1.752         1.7132         0.5808
 48  1.852         1.7483         0.6386
 49  1.952         1.7852         0.6954
 50  2.052         1.8206         0.7146
 51  2.152         1.8545         0.7303
 52  2.252         1.8875         0.7510
 53  2.352         1.9200         0.7781
 54  2.452         1.9541         0.8326
 55  2.552         2.0092         1.0850
 56  2.652         2.1672         1.6514
 57  2.752         2.2338         1.3867
 58  2.852         2.2996         1.4474
 59  2.952         2.3641         1.5044
 60  3.052         2.4271         1.5573
 61  3.152         2.4882         1.6065
 62  3.252         2.5476         1.6540
 63  3.352         2.6055         1.7019
 64  3.452         2.6620         1.7479
 65  3.552         2.7180         1.8014
 66  3.652         2.7732         1.8498
 67  3.752         2.8254         1.8797
 68  3.852         2.8750         1.9082
 69  3.952         2.9224         1.9370
 70  4.052         2.9669         1.9545
 71  4.152         3.0087         1.9716
 72  4.252         3.0488         1.9940
 73  4.352         3.0874         2.0170
 74  4.452         3.1247         2.0405
 75  4.552         3.1607         2.0612
 76  4.652         3.1953         2.0801
 77  4.752         3.2291         2.1032
 78  4.852         3.2618         2.1220
 79  4.952         3.2930         2.1341
 80  5.052         3.3228         2.1446
 81  5.152         3.3519         2.1624
 82  5.252         3.3807         2.1891
 83  5.352         3.4085         2.2004
 84  5.452         3.4352         2.2113
 85  5.552         3.4612         2.2244
 86  5.652         3.4864         2.2377
 87  5.752         3.5108         2.2492
 88  5.852         3.5345         2.2586
 89  5.952         3.5573         2.2673
 90  6.052         3.5794         2.2740
 91  6.152         3.6007         2.2802
 92  6.252         3.6213         2.2869
 93  6.352         3.6411         2.2915
 94  6.452         3.6602         2.2933
 95  6.552         3.6787         2.2986
 96  6.652         3.6967         2.3059
 97  6.752         3.7144         2.3160
 98  6.852         3.7315         2.3172
 99  6.952         3.7480         2.3200
100  7.052         3.7641         2.3248
101  7.152         3.7798         2.3311
102  7.252         3.7953         2.3394
103  7.352         3.8106         2.3509
104  7.452         3.8257         2.3577
105  7.552         3.8406         2.3686
106  7.652         3.8554         2.3825
107  7.752         3.8707         2.4084
108  7.852         3.8863         2.4336
109  7.952         3.9023         2.4599
110  8.052         3.9184         2.4806
111  8.152         3.9348         2.5024
112  8.252         3.9516         2.5326
113  8.352         3.9682         2.5402
114  8.452         3.9851         2.5691
115  8.552         4.0038         2.6278
116  8.652         4.0228         2.6543
117  8.752         4.0428         2.6968
118  8.852         4.0639         2.7383
119  8.952         4.0857         2.7770
120  9.052         4.1086         2.8178
121  9.152         4.1324         2.8599
122  9.252         4.1568         2.8942
123  9.352         4.1823         2.9388
124  9.452         4.2109         3.0149
125  9.552         4.2424         3.0880
126  9.652         4.2713         3.0790
127  9.752         4.2995         3.0987
128  9.852         4.3279         3.1293
129  9.952         4.3567         3.1643
130 10.052         4.3857         3.1956
131 10.152         4.4142         3.2162
132 10.252         4.4418         3.2312
133 10.352         4.4683         3.2410
134 10.452         4.4943         3.2595
135 10.552         4.5199         3.2776
136 10.652         4.5450         3.2941
137 10.752         4.5696         3.3100
138 10.852         4.5935         3.3226
139 10.952         4.6168         3.3338
140 11.052         4.6395         3.3464
141 11.152         4.6617         3.3606
142 11.252         4.6837         3.3761
143 11.352         4.7052         3.3896
144 11.452         4.7263         3.4032
145 11.552         4.7472         3.4179
146 11.652         4.7678         3.4336
147 11.752         4.7882         3.4503
148 11.852         4.8084         3.4668
149 11.952         4.8285         3.4823
150 12.052         4.8483         3.4973
151 12.152         4.8678         3.5118
152 12.252         4.8871         3.5253
153 12.352         4.9062         3.5391
154 12.452         4.9251         3.5549
155 12.552         4.9440         3.5722
156 12.652         4.9627         3.5884
157 12.752         4.9814         3.6051
158 12.852         5.0000         3.6231


#AGE= 7.000 BINS=157 Power-law IMF: x=-2.350
# N  sdss_r       Log10(N)       Log10(dN)
  1 -2.860        -0.3281        -0.3281
  2 -2.760        -0.2167        -0.8618
  3 -2.660        -0.1209        -0.8248
  4 -2.560        -0.0451        -0.8402
  5 -2.460         0.0276        -0.7846
  6 -2.360         0.0934        -0.7585
  7 -2.260         0.1550        -0.7239
  8 -2.160         0.2115        -0.7019
  9 -2.060         0.2621        -0.6965
 10 -1.960         0.3136        -0.6377
 11 -1.860         0.3611        -0.6236
 12 -1.760         0.4068        -0.5940
 13 -1.660         0.4508        -0.5654
 14 -1.560         0.4930        -0.5407
 15 -1.460         0.5343        -0.5074
 16 -1.360         0.5749        -0.4753
 17 -1.260         0.6133        -0.4583
 18 -1.160         0.6506        -0.4339
 19 -1.060         0.6880        -0.3956
 20 -0.960         0.7254        -0.3578
 21 -0.860         0.7622        -0.3288
 22 -0.760         0.7990        -0.2906
 23 -0.660         0.8462        -0.1415
 24 -0.560         0.8872        -0.1580
 25 -0.460         0.9224        -0.1867
 26 -0.360         0.9567        -0.1622
 27 -0.260         0.9888        -0.1590
 28 -0.160         1.0821         0.3686
 29 -0.060         1.1355         0.1991
 30  0.040         1.1652        -0.0158
 31  0.140         1.1931        -0.0117
 32  0.240         1.2195        -0.0109
 33  0.340         1.2459         0.0175
 34  0.440         1.2741         0.0724
 35  0.540         1.3030         0.1118
 36  0.640         1.3321         0.1438
 37  0.740         1.3615         0.1776
 38  0.840         1.3910         0.2082
 39  0.940         1.4207         0.2413
 40  1.040         1.4505         0.2711
 41  1.140         1.4802         0.3014
 42  1.240         1.5104         0.3373
 43  1.340         1.5406         0.3671
 44  1.440         1.5714         0.4079
 45  1.540         1.6025         0.4421
 46  1.640         1.6340         0.4786
 47  1.740         1.6666         0.5254
 48  1.840         1.6999         0.5681
 49  1.940         1.7348         0.6220
 50  2.040         1.7717         0.6831
 51  2.140         1.8074         0.7042
 52  2.240         1.8416         0.7212
 53  2.340         1.8749         0.7426
 54  2.440         1.9075         0.7670
 55  2.540         1.9408         0.8092
 56  2.640         1.9800         0.9163
 57  2.740         2.1039         1.4988
 58  2.840         2.1909         1.4500
 59  2.940         2.2591         1.4210
 60  3.040         2.3276         1.4918
 61  3.140         2.3956         1.5566
 62  3.240         2.4627         1.6189
 63  3.340         2.5283         1.6749
 64  3.440         2.5920         1.7271
 65  3.540         2.6531         1.7711
 66  3.640         2.7118         1.8136
 67  3.740         2.7689         1.8595
 68  3.840         2.8224         1.8863
 69  3.940         2.8726         1.9109
 70  4.040         2.9204         1.9379
 71  4.140         2.9662         1.9667
 72  4.240         3.0098         1.9898
 73  4.340         3.0516         2.0148
 74  4.440         3.0918         2.0376
 75  4.540         3.1303         2.0594
 76  4.640         3.1675         2.0815
 77  4.740         3.2036         2.1055
 78  4.840         3.2383         2.1239
 79  4.940         3.2715         2.1387
 80  5.040         3.3032         2.1497
 81  5.140         3.3341         2.1710
 82  5.240         3.3647         2.1979
 83  5.340         3.3941         2.2101
 84  5.440         3.4224         2.2218
 85  5.540         3.4497         2.2348
 86  5.640         3.4763         2.2497
 87  5.740         3.5019         2.2606
 88  5.840         3.5268         2.2725
 89  5.940         3.5508         2.2806
 90  6.040         3.5739         2.2888
 91  6.140         3.5962         2.2949
 92  6.240         3.6177         2.3015
 93  6.340         3.6384         2.3077
 94  6.440         3.6584         2.3101
 95  6.540         3.6776         2.3140
 96  6.640         3.6964         2.3240
 97  6.740         3.7148         2.3334
 98  6.840         3.7325         2.3326
 99  6.940         3.7496         2.3369
100  7.040         3.7663         2.3432
101  7.140         3.7827         2.3501
102  7.240         3.7987         2.3594
103  7.340         3.8146         2.3700
104  7.440         3.8302         2.3763
105  7.540         3.8455         2.3852
106  7.640         3.8609         2.4020
107  7.740         3.8765         2.4241
108  7.840         3.8926         2.4539
109  7.940         3.9090         2.4787
110  8.040         3.9255         2.4974
111  8.140         3.9423         2.5215
112  8.240         3.9595         2.5486
113  8.340         3.9772         2.5789
114  8.440         3.9944         2.5833
115  8.540         4.0129         2.6327
116  8.640         4.0325         2.6765
117  8.740         4.0527         2.7112
118  8.840         4.0744         2.7621
119  8.940         4.0969         2.8002
120  9.040         4.1194         2.8220
121  9.140         4.1422         2.8522
122  9.240         4.1664         2.9001
123  9.340         4.1931         2.9687
124  9.440         4.2230         3.0458
125  9.540         4.2547         3.1018
126  9.640         4.2849         3.1128
127  9.740         4.3143         3.1297
128  9.840         4.3433         3.1537
129  9.940         4.3727         3.1881
130 10.040         4.4021         3.2185
131 10.140         4.4308         3.2367
132 10.240         4.4587         3.2524
133 10.340         4.4855         3.2630
134 10.440         4.5117         3.2794
135 10.540         4.5375         3.2972
136 10.640         4.5626         3.3129
137 10.740         4.5872         3.3280
138 10.840         4.6111         3.3407
139 10.940         4.6345         3.3531
140 11.040         4.6573         3.3664
141 11.140         4.6796         3.3799
142 11.240         4.7014         3.3910
143 11.340         4.7228         3.4035
144 11.440         4.7438         3.4183
145 11.540         4.7646         3.4356
146 11.640         4.7854         3.4546
147 11.740         4.8060         3.4720
148 11.840         4.8264         3.4882
149 11.940         4.8466         3.5033
150 12.040         4.8665         3.5172
151 12.140         4.8860         3.5304
152 12.240         4.9054         3.5446
153 12.340         4.9246         3.5601
154 12.440         4.9436         3.5764
155 12.540         4.9625         3.5913
156 12.640         4.9813         3.6074
157 12.740         5.0000         3.6255


#AGE= 8.000 BINS=155 Power-law IMF: x=-2.350
# N  sdss_r       Log10(N)       Log10(dN)
  1 -2.804        -0.8661        -0.8661
  2 -2.704        -0.5532        -0.8427
  3 -2.604        -0.3604        -0.8058
  4 -2.504        -0.2238        -0.7927
  5 -2.404        -0.1129        -0.7599
  6 -2.304        -0.0204        -0.7375
  7 -2.204         0.0616        -0.7028
  8 -2.104         0.1363        -0.6647
  9 -2.004         0.2001        -0.6648
 10 -1.904         0.2601        -0.6288
 11 -1.804         0.3175        -0.5899
 12 -1.704         0.3711        -0.5637
 13 -1.604         0.4213        -0.5413
 14 -1.504         0.4712        -0.4926
 15 -1.404         0.5170        -0.4824
 16 -1.304         0.5617        -0.4479
 17 -1.204         0.6047        -0.4214
 18 -1.104         0.6456        -0.4006
 19 -1.004         0.6863        -0.3624
 20 -0.904         0.7262        -0.3299
 21 -0.804         0.7658        -0.2944
 22 -0.704         0.8045        -0.2646
 23 -0.604         0.8497        -0.1555
 24 -0.504         0.8963        -0.0961
 25 -0.404         0.9341        -0.1446
 26 -0.304         0.9700        -0.1305
 27 -0.204         1.0049        -0.1082
 28 -0.104         1.0667         0.1898
 29 -0.004         1.1560         0.4248
 30  0.096         1.1870         0.0261
 31  0.196         1.2168         0.0377
 32  0.296         1.2440         0.0273
 33  0.396         1.2714         0.0586
 34  0.496         1.3001         0.1047
 35  0.596         1.3295         0.1469
 36  0.696         1.3595         0.1832
 37  0.796         1.3896         0.2159
 38  0.896         1.4200         0.2493
 39  0.996         1.4507         0.2845
 40  1.096         1.4816         0.3184
 41  1.196         1.5123         0.3470
 42  1.296         1.5432         0.3807
 43  1.396         1.5743         0.4133
 44  1.496         1.6058         0.4504
 45  1.596         1.6377         0.4877
 46  1.696         1.6700         0.5262
 47  1.796         1.7031         0.5680
 48  1.896         1.7372         0.6148
 49  1.996         1.7723         0.6625
 50  2.096         1.8103         0.7340
 51  2.196         1.8480         0.7673
 52  2.296         1.8841         0.7861
 53  2.396         1.9189         0.8058
 54  2.496         1.9527         0.8265
 55  2.596         1.9861         0.8556
 56  2.696         2.0214         0.9137
 57  2.796         2.0655         1.0506
 58  2.896         2.1885         1.5804
 59  2.996         2.2687         1.4959
 60  3.096         2.3376         1.5040
 61  3.196         2.4044         1.5580
 62  3.296         2.4707         1.6219
 63  3.396         2.5350         1.6734
 64  3.496         2.5968         1.7195
 65  3.596         2.6559         1.7605
 66  3.696         2.7124         1.7986
 67  3.796         2.7674         1.8432
 68  3.896         2.8214         1.8894
 69  3.996         2.8723         1.9158
 70  4.096         2.9212         1.9484
 71  4.196         2.9685         1.9822
 72  4.296         3.0139         2.0103
 73  4.396         3.0571         2.0342
 74  4.496         3.0985         2.0566
 75  4.596         3.1382         2.0800
 76  4.696         3.1767         2.1052
 77  4.796         3.2138         2.1262
 78  4.896         3.2491         2.1426
 79  4.996         3.2828         2.1557
 80  5.096         3.3157         2.1788
 81  5.196         3.3482         2.2062
 82  5.296         3.3794         2.2204
 83  5.396         3.4093         2.2320
 84  5.496         3.4382         2.2471
 85  5.596         3.4663         2.2621
 86  5.696         3.4934         2.2763
 87  5.796         3.5197         2.2879
 88  5.896         3.5450         2.2976
 89  5.996         3.5693         2.3058
 90  6.096         3.5928         2.3134
 91  6.196         3.6154         2.3208
 92  6.296         3.6372         2.3270
 93  6.396         3.6582         2.3325
 94  6.496         3.6782         2.3326
 95  6.596         3.6979         2.3433
 96  6.696         3.7172         2.3553
 97  6.796         3.7356         2.3550
 98  6.896         3.7535         2.3582
 99  6.996         3.7709         2.3648
100  7.096         3.7879         2.3724
101  7.196         3.8046         2.3816
102  7.296         3.8210         2.3909
103  7.396         3.8372         2.3987
104  7.496         3.8530         2.4065
105  7.596         3.8687         2.4205
106  7.696         3.8846         2.4399
107  7.796         3.9010         2.4682
108  7.896         3.9176         2.4939
109  7.996         3.9346         2.5177
110  8.096         3.9517         2.5374
111  8.196         3.9690         2.5620
112  8.296         3.9869         2.5931
113  8.396         4.0054         2.6249
114  8.496         4.0232         2.6285
115  8.596         4.0427         2.6838
116  8.696         4.0630         2.7233
117  8.796         4.0843         2.7647
118  8.896         4.1071         2.8151
119  8.996         4.1306         2.8523
120  9.096         4.1538         2.8702
121  9.196         4.1773         2.8980
122  9.296         4.2024         2.9522
123  9.396         4.2312         3.0384
124  9.496         4.2634         3.1173
125  9.596         4.2949         3.1403
126  9.696         4.3256         3.1592
127  9.796         4.3554         3.1773
128  9.896         4.3853         3.2078
129  9.996         4.4151         3.2370
130 10.096         4.4444         3.2593
131 10.196         4.4729         3.2758
132 10.296         4.5004         3.2873
133 10.396         4.5269         3.3006
134 10.496         4.5531         3.3197
135 10.596         4.5786         3.3343
136 10.696         4.6034         3.3480
137 10.796         4.6276         3.3615
138 10.896         4.6512         3.3748
139 10.996         4.6742         3.3873
140 11.096         4.6966         3.3973
141 11.196         4.7184         3.4082
142 11.296         4.7398         3.4227
143 11.396         4.7611         3.4408
144 11.496         4.7822         3.4587
145 11.596         4.8031         3.4750
146 11.696         4.8238         3.4910
147 11.796         4.8442         3.5065
148 11.896         4.8644         3.5217
149 11.996         4.8844         3.5368
150 12.096         4.9041         3.5520
151 12.196         4.9237         3.5673
152 12.296         4.9430         3.5821
153 12.396         4.9621         3.5958
154 12.496         4.9811         3.6116
155 12.596         5.0000         3.6299


#AGE= 9.000 BINS=157 Power-law IMF: x=-2.350
# N  sdss_r       Log10(N)       Log10(dN)
  1 -2.821        -0.8671        -0.8671
  2 -2.721        -0.5885        -0.9132
  3 -2.621        -0.3983        -0.8484
  4 -2.521        -0.2670        -0.8506
  5 -2.421        -0.1574        -0.8090
  6 -2.321        -0.0680        -0.7983
  7 -2.221         0.0150        -0.7447
  8 -2.121         0.0872        -0.7279
  9 -2.021         0.1528        -0.7000
 10 -1.921         0.2119        -0.6836
 11 -1.821         0.2680        -0.6491
 12 -1.721         0.3213        -0.6154
 13 -1.621         0.3718        -0.5884
 14 -1.521         0.4193        -0.5654
 15 -1.421         0.4663        -0.5222
 16 -1.321         0.5110        -0.4988
 17 -1.221         0.5546        -0.4652
 18 -1.121         0.5958        -0.4476
 19 -1.021         0.6358        -0.4199
 20 -0.921         0.6751        -0.3873
 21 -0.821         0.7147        -0.3457
 22 -0.721         0.7532        -0.3179
 23 -0.621         0.7910        -0.2878
 24 -0.521         0.8393        -0.1390
 25 -0.421         0.8818        -0.1485
 26 -0.321         0.9187        -0.1699
 27 -0.221         0.9543        -0.1494
 28 -0.121         0.9882        -0.1374
 29 -0.021         1.0782         0.3507
 30  0.079         1.1369         0.2385
 31  0.179         1.1682         0.0103
 32  0.279         1.1974         0.0113
 33  0.379         1.2248         0.0111
 34  0.479         1.2523         0.0391
 35  0.579         1.2810         0.0880
 36  0.679         1.3105         0.1280
 37  0.779         1.3405         0.1645
 38  0.879         1.3705         0.1955
 39  0.979         1.4012         0.2348
 40  1.079         1.4319         0.2657
 41  1.179         1.4625         0.2956
 42  1.279         1.4934         0.3295
 43  1.379         1.5243         0.3615
 44  1.479         1.5555         0.3960
 45  1.579         1.5868         0.4293
 46  1.679         1.6185         0.4668
 47  1.779         1.6506         0.5028
 48  1.879         1.6835         0.5465
 49  1.979         1.7173         0.5917
 50  2.079         1.7526         0.6448
 51  2.179         1.7906         0.7139
 52  2.279         1.8281         0.7462
 53  2.379         1.8639         0.7623
 54  2.479         1.8984         0.7806
 55  2.579         1.9314         0.7966
 56  2.679         1.9638         0.8194
 57  2.779         1.9969         0.8633
 58  2.879         2.0358         0.9680
 59  2.979         2.1102         1.3074
 60  3.079         2.2100         1.5223
 61  3.179         2.2800         1.4532
 62  3.279         2.3463         1.4972
 63  3.379         2.4106         1.5494
 64  3.479         2.4739         1.6060
 65  3.579         2.5357         1.6587
 66  3.679         2.5957         1.7061
 67  3.779         2.6535         1.7487
 68  3.879         2.7098         1.7951
 69  3.979         2.7658         1.8482
 70  4.079         2.8188         1.8791
 71  4.179         2.8696         1.9124
 72  4.279         2.9180         1.9414
 73  4.379         2.9647         1.9734
 74  4.479         3.0093         1.9982
 75  4.579         3.0520         2.0237
 76  4.679         3.0931         2.0483
 77  4.779         3.1325         2.0714
 78  4.879         3.1700         2.0877
 79  4.979         3.2060         2.1059
 80  5.079         3.2411         2.1318
 81  5.179         3.2756         2.1585
 82  5.279         3.3087         2.1735
 83  5.379         3.3400         2.1831
 84  5.479         3.3704         2.1997
 85  5.579         3.4000         2.2184
 86  5.679         3.4285         2.2321
 87  5.779         3.4561         2.2452
 88  5.879         3.4826         2.2546
 89  5.979         3.5081         2.2639
 90  6.079         3.5326         2.2729
 91  6.179         3.5562         2.2801
 92  6.279         3.5789         2.2852
 93  6.379         3.6008         2.2931
 94  6.479         3.6217         2.2933
 95  6.579         3.6421         2.3030
 96  6.679         3.6621         2.3157
 97  6.779         3.6813         2.3178
 98  6.879         3.6998         2.3195
 99  6.979         3.7178         2.3268
100  7.079         3.7355         2.3355
101  7.179         3.7528         2.3444
102  7.279         3.7698         2.3536
103  7.379         3.7864         2.3609
104  7.479         3.8027         2.3692
105  7.579         3.8188         2.3808
106  7.679         3.8352         2.4028
107  7.779         3.8519         2.4285
108  7.879         3.8690         2.4575
109  7.979         3.8863         2.4770
110  8.079         3.9038         2.4998
111  8.179         3.9216         2.5249
112  8.279         3.9397         2.5525
113  8.379         3.9585         2.5851
114  8.479         3.9779         2.6186
115  8.579         3.9975         2.6411
116  8.679         4.0171         2.6632
117  8.779         4.0389         2.7270
118  8.879         4.0616         2.7687
119  8.979         4.0853         2.8118
120  9.079         4.1097         2.8463
121  9.179         4.1339         2.8678
122  9.279         4.1590         2.9090
123  9.379         4.1871         2.9830
124  9.479         4.2189         3.0685
125  9.579         4.2509         3.1016
126  9.679         4.2827         3.1318
127  9.779         4.3134         3.1471
128  9.879         4.3438         3.1743
129  9.979         4.3741         3.2028
130 10.079         4.4038         3.2245
131 10.179         4.4328         3.2420
132 10.279         4.4606         3.2531
133 10.379         4.4875         3.2667
134 10.479         4.5139         3.2850
135 10.579         4.5396         3.2985
136 10.679         4.5646         3.3117
137 10.779         4.5889         3.3256
138 10.879         4.6126         3.3383
139 10.979         4.6357         3.3483
140 11.079         4.6580         3.3585
141 11.179         4.6800         3.3725
142 11.279         4.7016         3.3884
143 11.379         4.7228         3.4018
144 11.479         4.7438         3.4169
145 11.579         4.7646         3.4338
146 11.679         4.7852         3.4524
147 11.779         4.8058         3.4706
148 11.879         4.8262         3.4874
149 11.979         4.8463         3.5027
150 12.079         4.8662         3.5166
151 12.179         4.8858         3.5301
152 12.279         4.9051         3.5446
153 12.379         4.9243         3.5605
154 12.479         4.9434         3.5771
155 12.579         4.9624         3.5925
156 12.679         4.9812         3.6089
157 12.779         5.0000         3.6270


#AGE=10.000 BINS=155 Power-law IMF: x=-2.350
# N  sdss_r       Log10(N)       Log10(dN)
  1 -2.812        -0.9914        -0.9914
  2 -2.712        -0.6334        -0.8841
  3 -2.612        -0.4320        -0.8627
  4 -2.512        -0.2953        -0.8637
  5 -2.412        -0.1774        -0.8015
  6 -2.312        -0.0832        -0.7930
  7 -2.212         0.0019        -0.7480
  8 -2.112         0.0766        -0.7244
  9 -2.012         0.1420        -0.7123
 10 -1.912         0.2033        -0.6779
 11 -1.812         0.2613        -0.6413
 12 -1.712         0.3149        -0.6207
 13 -1.612         0.3681        -0.5696
 14 -1.512         0.4162        -0.5634
 15 -1.412         0.4635        -0.5228
 16 -1.312         0.5082        -0.5014
 17 -1.212         0.5524        -0.4623
 18 -1.112         0.5941        -0.4444
 19 -1.012         0.6339        -0.4237
 20 -0.912         0.6738        -0.3829
 21 -0.812         0.7140        -0.3394
 22 -0.712         0.7528        -0.3153
 23 -0.612         0.7912        -0.2806
 24 -0.512         0.8328        -0.2072
 25 -0.412         0.8805        -0.1025
 26 -0.312         0.9190        -0.1516
 27 -0.212         0.9549        -0.1462
 28 -0.112         0.9898        -0.1219
 29 -0.012         1.0237        -0.1012
 30  0.088         1.1365         0.4958
 31  0.188         1.1698         0.0378
 32  0.288         1.2003         0.0317
 33  0.388         1.2293         0.0394
 34  0.488         1.2561         0.0328
 35  0.588         1.2848         0.0908
 36  0.688         1.3143         0.1316
 37  0.788         1.3441         0.1659
 38  0.888         1.3742         0.2000
 39  0.988         1.4049         0.2395
 40  1.088         1.4360         0.2748
 41  1.188         1.4668         0.3023
 42  1.288         1.4980         0.3389
 43  1.388         1.5291         0.3682
 44  1.488         1.5605         0.4048
 45  1.588         1.5920         0.4368
 46  1.688         1.6238         0.4732
 47  1.788         1.6559         0.5086
 48  1.888         1.6885         0.5476
 49  1.988         1.7221         0.5938
 50  2.088         1.7568         0.6426
 51  2.188         1.7935         0.7017
 52  2.288         1.8320         0.7609
 53  2.388         1.8692         0.7833
 54  2.488         1.9048         0.8003
 55  2.588         1.9387         0.8151
 56  2.688         1.9714         0.8314
 57  2.788         2.0036         0.8574
 58  2.888         2.0367         0.9022
 59  2.988         2.0761         1.0149
 60  3.088         2.1475         1.3278
 61  3.188         2.2386         1.5157
 62  3.288         2.3106         1.4946
 63  3.388         2.3776         1.5328
 64  3.488         2.4435         1.5920
 65  3.588         2.5078         1.6463
 66  3.688         2.5704         1.6985
 67  3.788         2.6314         1.7489
 68  3.888         2.6901         1.7924
 69  3.988         2.7476         1.8405
 70  4.088         2.8039         1.8891
 71  4.188         2.8569         1.9171
 72  4.288         2.9078         1.9516
 73  4.388         2.9568         1.9848
 74  4.488         3.0039         2.0163
 75  4.588         3.0490         2.0431
 76  4.688         3.0923         2.0691
 77  4.788         3.1336         2.0914
 78  4.888         3.1729         2.1093
 79  4.988         3.2107         2.1324
 80  5.088         3.2480         2.1627
 81  5.188         3.2840         2.1848
 82  5.288         3.3181         2.1962
 83  5.388         3.3508         2.2113
 84  5.488         3.3824         2.2289
 85  5.588         3.4132         2.2481
 86  5.688         3.4428         2.2615
 87  5.788         3.4713         2.2744
 88  5.888         3.4986         2.2841
 89  5.988         3.5249         2.2941
 90  6.088         3.5503         2.3040
 91  6.188         3.5746         2.3099
 92  6.288         3.5980         2.3187
 93  6.388         3.6206         2.3249
 94  6.488         3.6420         2.3242
 95  6.588         3.6630         2.3382
 96  6.688         3.6836         2.3486
 97  6.788         3.7033         2.3492
 98  6.888         3.7223         2.3537
 99  6.988         3.7408         2.3613
100  7.088         3.7589         2.3704
101  7.188         3.7767         2.3801
102  7.288         3.7941         2.3883
103  7.388         3.8110         2.3941
104  7.488         3.8277         2.4041
105  7.588         3.8444         2.4191
106  7.688         3.8612         2.4401
107  7.788         3.8784         2.4678
108  7.888         3.8959         2.4944
109  7.988         3.9137         2.5160
110  8.088         3.9316         2.5370
111  8.188         3.9497         2.5619
112  8.288         3.9685         2.5949
113  8.388         3.9877         2.6249
114  8.488         4.0075         2.6567
115  8.588         4.0277         2.6839
116  8.688         4.0479         2.7051
117  8.788         4.0701         2.7674
118  8.888         4.0931         2.8065
119  8.988         4.1170         2.8454
120  9.088         4.1417         2.8853
121  9.188         4.1670         2.9198
122  9.288         4.1931         2.9578
123  9.388         4.2217         3.0270
124  9.488         4.2535         3.1018
125  9.588         4.2857         3.1393
126  9.688         4.3183         3.1782
127  9.788         4.3497         3.1927
128  9.888         4.3805         3.2165
129  9.988         4.4112         3.2458
130 10.088         4.4413         3.2664
131 10.188         4.4704         3.2821
132 10.288         4.4982         3.2909
133 10.388         4.5254         3.3084
134 10.488         4.5519         3.3245
135 10.588         4.5776         3.3374
136 10.688         4.6026         3.3504
137 10.788         4.6270         3.3629
138 10.888         4.6505         3.3735
139 10.988         4.6734         3.3841
140 11.088         4.6958         3.3971
141 11.188         4.7177         3.4081
142 11.288         4.7391         3.4210
143 11.388         4.7602         3.4379
144 11.488         4.7813         3.4572
145 11.588         4.8023         3.4747
146 11.688         4.8230         3.4913
147 11.788         4.8435         3.5072
148 11.888         4.8637         3.5225
149 11.988         4.8838         3.5382
150 12.088         4.9036         3.5537
151 12.188         4.9233         3.5691
152 12.288         4.9427         3.5838
153 12.388         4.9619         3.5977
154 12.488         4.9810         3.6137
155 12.588         5.0000         3.6321


#AGE=11.000 BINS=156 Power-law IMF: x=-2.350
# N  sdss_r       Log10(N)       Log10(dN)
  1 -2.762        -0.9591        -0.9591
  2 -2.662        -0.6463        -0.9359
  3 -2.562        -0.4509        -0.8919
  4 -2.462        -0.3143        -0.8831
  5 -2.362        -0.2040        -0.8531
  6 -2.262        -0.1127        -0.8349
  7 -2.162        -0.0292        -0.7866
  8 -2.062         0.0427        -0.7736
  9 -1.962         0.1072        -0.7532
 10 -1.862         0.1704        -0.6980
 11 -1.762         0.2283        -0.6749
 12 -1.662         0.2788        -0.6807
 13 -1.562         0.3320        -0.6064
 14 -1.462         0.3799        -0.6011
 15 -1.362         0.4273        -0.5582
 16 -1.262         0.4726        -0.5315
 17 -1.162         0.5160        -0.5060
 18 -1.062         0.5581        -0.4759
 19 -0.962         0.5982        -0.4571
 20 -0.862         0.6382        -0.4171
 21 -0.762         0.6774        -0.3865
 22 -0.662         0.7162        -0.3526
 23 -0.562         0.7542        -0.3223
 24 -0.462         0.7958        -0.2431
 25 -0.362         0.8428        -0.1466
 26 -0.262         0.8821        -0.1811
 27 -0.162         0.9181        -0.1801
 28 -0.062         0.9528        -0.1629
 29  0.038         0.9892        -0.1048
 30  0.138         1.0978         0.4425
 31  0.238         1.1309        -0.0031
 32  0.338         1.1621         0.0023
 33  0.438         1.1911         0.0021
 34  0.538         1.2185         0.0046
 35  0.638         1.2474         0.0555
 36  0.738         1.2773         0.1012
 37  0.838         1.3075         0.1349
 38  0.938         1.3383         0.1727
 39  1.038         1.3691         0.2049
 40  1.138         1.4000         0.2364
 41  1.238         1.4313         0.2746
 42  1.338         1.4628         0.3069
 43  1.438         1.4941         0.3365
 44  1.538         1.5257         0.3720
 45  1.638         1.5577         0.4086
 46  1.738         1.5896         0.4408
 47  1.838         1.6220         0.4781
 48  1.938         1.6548         0.5164
 49  2.038         1.6884         0.5611
 50  2.138         1.7233         0.6104
 51  2.238         1.7599         0.6673
 52  2.338         1.7986         0.7297
 53  2.438         1.8364         0.7569
 54  2.538         1.8724         0.7737
 55  2.638         1.9068         0.7878
 56  2.738         1.9396         0.8021
 57  2.838         1.9719         0.8263
 58  2.938         2.0046         0.8651
 59  3.038         2.0410         0.9472
 60  3.138         2.0921         1.1371
 61  3.238         2.1810         1.4487
 62  3.338         2.2556         1.4533
 63  3.438         2.3241         1.4887
 64  3.538         2.3905         1.5416
 65  3.638         2.4554         1.5979
 66  3.738         2.5188         1.6520
 67  3.838         2.5804         1.7015
 68  3.938         2.6396         1.7449
 69  4.038         2.6970         1.7897
 70  4.138         2.7538         1.8422
 71  4.238         2.8078         1.8757
 72  4.338         2.8597         1.9112
 73  4.438         2.9098         1.9477
 74  4.538         2.9580         1.9790
 75  4.638         3.0046         2.0120
 76  4.738         3.0488         2.0347
 77  4.838         3.0908         2.0550
 78  4.938         3.1312         2.0800
 79  5.038         3.1708         2.1109
 80  5.138         3.2089         2.1336
 81  5.238         3.2452         2.1485
 82  5.338         3.2798         2.1647
 83  5.438         3.3133         2.1840
 84  5.538         3.3458         2.2033
 85  5.638         3.3771         2.2192
 86  5.738         3.4070         2.2309
 87  5.838         3.4358         2.2426
 88  5.938         3.4635         2.2548
 89  6.038         3.4902         2.2652
 90  6.138         3.5158         2.2731
 91  6.238         3.5403         2.2802
 92  6.338         3.5640         2.2890
 93  6.438         3.5866         2.2909
 94  6.538         3.6084         2.2989
 95  6.638         3.6298         2.3126
 96  6.738         3.6505         2.3164
 97  6.838         3.6702         2.3191
 98  6.938         3.6895         2.3270
 99  7.038         3.7083         2.3352
100  7.138         3.7267         2.3454
101  7.238         3.7448         2.3535
102  7.338         3.7623         2.3601
103  7.438         3.7795         2.3686
104  7.538         3.7965         2.3807
105  7.638         3.8136         2.4000
106  7.738         3.8310         2.4251
107  7.838         3.8489         2.4552
108  7.938         3.8669         2.4749
109  8.038         3.8851         2.4977
110  8.138         3.9035         2.5217
111  8.238         3.9223         2.5490
112  8.338         3.9417         2.5835
113  8.438         3.9617         2.6137
114  8.538         3.9821         2.6440
115  8.638         4.0028         2.6701
116  8.738         4.0243         2.7096
117  8.838         4.0473         2.7587
118  8.938         4.0709         2.7948
119  9.038         4.0954         2.8344
120  9.138         4.1208         2.8764
121  9.238         4.1471         2.9148
122  9.338         4.1748         2.9657
123  9.438         4.2053         3.0371
124  9.538         4.2374         3.0903
125  9.638         4.2705         3.1358
126  9.738         4.3032         3.1645
127  9.838         4.3347         3.1793
128  9.938         4.3661         3.2088
129 10.038         4.3968         3.2313
130 10.138         4.4266         3.2486
131 10.238         4.4553         3.2607
132 10.338         4.4831         3.2749
133 10.438         4.5100         3.2895
134 10.538         4.5363         3.3055
135 10.638         4.5618         3.3180
136 10.738         4.5865         3.3296
137 10.838         4.6105         3.3399
138 10.938         4.6337         3.3506
139 11.038         4.6563         3.3607
140 11.138         4.6783         3.3714
141 11.238         4.6999         3.3869
142 11.338         4.7213         3.4020
143 11.438         4.7423         3.4169
144 11.538         4.7631         3.4338
145 11.638         4.7839         3.4528
146 11.738         4.8045         3.4716
147 11.838         4.8250         3.4889
148 11.938         4.8453         3.5044
149 12.038         4.8653         3.5184
150 12.138         4.8850         3.5324
151 12.238         4.9045         3.5474
152 12.338         4.9239         3.5633
153 12.438         4.9431         3.5796
154 12.538         4.9622         3.5947
155 12.638         4.9811         3.6111
156 12.738         5.0000         3.6292


#AGE=12.000 BINS=154 Power-law IMF: x=-2.350
# N  sdss_r       Log10(N)       Log10(dN)
  1 -2.786        -0.9268        -0.9268
  2 -2.686        -0.6170        -0.9095
  3 -2.586        -0.4376        -0.9083
  4 -2.486        -0.2969        -0.8546
  5 -2.386        -0.1928        -0.8641
  6 -2.286        -0.0979        -0.8051
  7 -2.186        -0.0173        -0.7884
  8 -2.086         0.0573        -0.7449
  9 -1.986         0.1216        -0.7396
 10 -1.886         0.1836        -0.6923
 11 -1.786         0.2412        -0.6645
 12 -1.686         0.2956        -0.6338
 13 -1.586         0.3446        -0.6271
 14 -1.486         0.3937        -0.5775
 15 -1.386         0.4404        -0.5510
 16 -1.286         0.4851        -0.5243
 17 -1.186         0.5286        -0.4921
 18 -1.086         0.5713        -0.4573
 19 -0.986         0.6118        -0.4384
 20 -0.886         0.6513        -0.4101
 21 -0.786         0.6906        -0.3724
 22 -0.686         0.7295        -0.3371
 23 -0.586         0.7672        -0.3134
 24 -0.486         0.8057        -0.2662
 25 -0.386         0.8504        -0.1589
 26 -0.286         0.8936        -0.1302
 27 -0.186         0.9306        -0.1576
 28 -0.086         0.9661        -0.1387
 29  0.014         1.0009        -0.1127
 30  0.114         1.0638         0.1938
 31  0.214         1.1427         0.3628
 32  0.314         1.1756         0.0386
 33  0.414         1.2065         0.0433
 34  0.514         1.2347         0.0341
 35  0.614         1.2629         0.0602
 36  0.714         1.2923         0.1084
 37  0.814         1.3224         0.1489
 38  0.914         1.3528         0.1826
 39  1.014         1.3839         0.2233
 40  1.114         1.4148         0.2510
 41  1.214         1.4460         0.2879
 42  1.314         1.4777         0.3249
 43  1.414         1.5093         0.3553
 44  1.514         1.5409         0.3874
 45  1.614         1.5729         0.4241
 46  1.714         1.6049         0.4559
 47  1.814         1.6374         0.4952
 48  1.914         1.6698         0.5265
 49  2.014         1.7030         0.5699
 50  2.114         1.7369         0.6132
 51  2.214         1.7723         0.6651
 52  2.314         1.8094         0.7234
 53  2.414         1.8488         0.7861
 54  2.514         1.8863         0.8045
 55  2.614         1.9222         0.8222
 56  2.714         1.9564         0.8348
 57  2.814         1.9891         0.8504
 58  2.914         2.0211         0.8727
 59  3.014         2.0538         0.9136
 60  3.114         2.0898         0.9910
 61  3.214         2.1383         1.1617
 62  3.314         2.2185         1.4453
 63  3.414         2.2913         1.4799
 64  3.514         2.3607         1.5301
 65  3.614         2.4269         1.5774
 66  3.714         2.4918         1.6341
 67  3.814         2.5552         1.6879
 68  3.914         2.6168         1.7385
 69  4.014         2.6762         1.7830
 70  4.114         2.7339         1.8284
 71  4.214         2.7910         1.8816
 72  4.314         2.8455         1.9173
 73  4.414         2.8980         1.9546
 74  4.514         2.9489         1.9928
 75  4.614         2.9977         2.0236
 76  4.714         3.0445         2.0540
 77  4.814         3.0890         2.0772
 78  4.914         3.1318         2.1041
 79  5.014         3.1735         2.1358
 80  5.114         3.2135         2.1578
 81  5.214         3.2515         2.1748
 82  5.314         3.2879         2.1935
 83  5.414         3.3232         2.2150
 84  5.514         3.3571         2.2330
 85  5.614         3.3898         2.2497
 86  5.714         3.4210         2.2624
 87  5.814         3.4509         2.2745
 88  5.914         3.4797         2.2867
 89  6.014         3.5075         2.2993
 90  6.114         3.5341         2.3078
 91  6.214         3.5595         2.3150
 92  6.314         3.5842         2.3252
 93  6.414         3.6076         2.3280
 94  6.514         3.6301         2.3334
 95  6.614         3.6523         2.3500
 96  6.714         3.6736         2.3544
 97  6.814         3.6941         2.3571
 98  6.914         3.7140         2.3645
 99  7.014         3.7334         2.3732
100  7.114         3.7524         2.3843
101  7.214         3.7709         2.3923
102  7.314         3.7889         2.3979
103  7.414         3.8066         2.4064
104  7.514         3.8240         2.4193
105  7.614         3.8414         2.4354
106  7.714         3.8592         2.4616
107  7.814         3.8773         2.4890
108  7.914         3.8957         2.5136
109  8.014         3.9142         2.5339
110  8.114         3.9329         2.5573
111  8.214         3.9520         2.5858
112  8.314         3.9716         2.6181
113  8.414         3.9919         2.6501
114  8.514         4.0126         2.6805
115  8.614         4.0336         2.7086
116  8.714         4.0552         2.7397
117  8.814         4.0783         2.7928
118  8.914         4.1021         2.8297
119  9.014         4.1266         2.8660
120  9.114         4.1521         2.9075
121  9.214         4.1785         2.9501
122  9.314         4.2062         2.9969
123  9.414         4.2366         3.0666
124  9.514         4.2683         3.1153
125  9.614         4.3014         3.1671
126  9.714         4.3351         3.2086
127  9.814         4.3675         3.2239
128  9.914         4.3992         3.2473
129 10.014         4.4305         3.2724
130 10.114         4.4608         3.2890
131 10.214         4.4901         3.3044
132 10.314         4.5182         3.3158
133 10.414         4.5456         3.3313
134 10.514         4.5723         3.3474
135 10.614         4.5980         3.3584
136 10.714         4.6230         3.3702
137 10.814         4.6472         3.3820
138 10.914         4.6706         3.3907
139 11.014         4.6933         3.3988
140 11.114         4.7154         3.4119
141 11.214         4.7371         3.4237
142 11.314         4.7583         3.4381
143 11.414         4.7795         3.4567
144 11.514         4.8005         3.4748
145 11.614         4.8213         3.4918
146 11.714         4.8420         3.5084
147 11.814         4.8624         3.5248
148 11.914         4.8827         3.5415
149 12.014         4.9027         3.5576
150 12.114         4.9226         3.5729
151 12.214         4.9422         3.5871
152 12.314         4.9616         3.6012
153 12.414         4.9808         3.6174
154 12.514         5.0000         3.6358


#AGE=13.000 BINS=155 Power-law IMF: x=-2.350
# N  sdss_r       Log10(N)       Log10(dN)
  1 -2.758        -1.0068        -1.0068
  2 -2.658        -0.6809        -0.9584
  3 -2.558        -0.4731        -0.8930
  4 -2.458        -0.3437        -0.9325
  5 -2.358        -0.2369        -0.8985
  6 -2.258        -0.1354        -0.8164
  7 -2.158        -0.0593        -0.8531
  8 -2.058         0.0138        -0.7966
  9 -1.958         0.0805        -0.7657
 10 -1.858         0.1415        -0.7414
 11 -1.758         0.2004        -0.6965
 12 -1.658         0.2512        -0.7057
 13 -1.558         0.3043        -0.6351
 14 -1.458         0.3532        -0.6193
 15 -1.358         0.4018        -0.5728
 16 -1.258         0.4452        -0.5769
 17 -1.158         0.4896        -0.5225
 18 -1.058         0.5318        -0.5021
 19 -0.958         0.5728        -0.4728
 20 -0.858         0.6127        -0.4441
 21 -0.758         0.6512        -0.4197
 22 -0.658         0.6900        -0.3785
 23 -0.558         0.7285        -0.3428
 24 -0.458         0.7662        -0.3145
 25 -0.358         0.8086        -0.2225
 26 -0.258         0.8538        -0.1511
 27 -0.158         0.8917        -0.1865
 28 -0.058         0.9274        -0.1750
 29  0.042         0.9627        -0.1451
 30  0.142         0.9993        -0.0930
 31  0.242         1.1027         0.4284
 32  0.342         1.1360         0.0046
 33  0.442         1.1671         0.0073
 34  0.542         1.1965         0.0123
 35  0.642         1.2250         0.0271
 36  0.742         1.2542         0.0670
 37  0.842         1.2841         0.1078
 38  0.942         1.3147         0.1479
 39  1.042         1.3461         0.1886
 40  1.142         1.3772         0.2171
 41  1.242         1.4090         0.2577
 42  1.342         1.4406         0.2867
 43  1.442         1.4726         0.3240
 44  1.542         1.5044         0.3531
 45  1.642         1.5366         0.3908
 46  1.742         1.5688         0.4238
 47  1.842         1.6013         0.4581
 48  1.942         1.6341         0.4961
 49  2.042         1.6672         0.5336
 50  2.142         1.7012         0.5781
 51  2.242         1.7366         0.6298
 52  2.342         1.7734         0.6834
 53  2.442         1.8129         0.7520
 54  2.542         1.8513         0.7790
 55  2.642         1.8880         0.7957
 56  2.742         1.9229         0.8108
 57  2.842         1.9561         0.8238
 58  2.942         1.9884         0.8433
 59  3.042         2.0206         0.8744
 60  3.142         2.0546         0.9316
 61  3.242         2.0952         1.0463
 62  3.342         2.1560         1.2718
 63  3.442         2.2322         1.4389
 64  3.542         2.3009         1.4663
 65  3.642         2.3689         1.5298
 66  3.742         2.4343         1.5799
 67  3.842         2.4986         1.6371
 68  3.942         2.5614         1.6903
 69  4.042         2.6222         1.7387
 70  4.142         2.6807         1.7813
 71  4.242         2.7384         1.8334
 72  4.342         2.7948         1.8797
 73  4.442         2.8486         1.9155
 74  4.542         2.9008         1.9545
 75  4.642         2.9507         1.9868
 76  4.742         2.9983         2.0146
 77  4.842         3.0444         2.0467
 78  4.942         3.0889         2.0783
 79  5.042         3.1318         2.1049
 80  5.142         3.1727         2.1262
 81  5.242         3.2117         2.1452
 82  5.342         3.2492         2.1670
 83  5.442         3.2853         2.1869
 84  5.542         3.3199         2.2051
 85  5.642         3.3531         2.2191
 86  5.742         3.3849         2.2346
 87  5.842         3.4154         2.2468
 88  5.942         3.4447         2.2593
 89  6.042         3.4729         2.2703
 90  6.142         3.4998         2.2795
 91  6.242         3.5257         2.2885
 92  6.342         3.5507         2.2978
 93  6.442         3.5744         2.2992
 94  6.542         3.5974         2.3102
 95  6.642         3.6200         2.3242
 96  6.742         3.6415         2.3264
 97  6.842         3.6623         2.3319
 98  6.942         3.6825         2.3397
 99  7.042         3.7022         2.3495
100  7.142         3.7215         2.3607
101  7.242         3.7403         2.3664
102  7.342         3.7586         2.3734
103  7.442         3.7765         2.3832
104  7.542         3.7943         2.3977
105  7.642         3.8121         2.4176
106  7.742         3.8304         2.4448
107  7.842         3.8490         2.4714
108  7.942         3.8678         2.4943
109  8.042         3.8867         2.5154
110  8.142         3.9057         2.5384
111  8.242         3.9254         2.5716
112  8.342         3.9456         2.6038
113  8.442         3.9664         2.6355
114  8.542         3.9876         2.6657
115  8.642         4.0091         2.6930
116  8.742         4.0314         2.7308
117  8.842         4.0552         2.7832
118  8.942         4.0796         2.8155
119  9.042         4.1045         2.8518
120  9.142         4.1306         2.8954
121  9.242         4.1576         2.9386
122  9.342         4.1864         2.9935
123  9.442         4.2175         3.0568
124  9.542         4.2493         3.0984
125  9.642         4.2835         3.1634
126  9.742         4.3175         3.1933
127  9.842         4.3500         3.2079
128  9.942         4.3821         3.2355
129 10.042         4.4134         3.2558
130 10.142         4.4438         3.2732
131 10.242         4.4728         3.2834
132 10.342         4.5010         3.2989
133 10.442         4.5284         3.3156
134 10.542         4.5550         3.3277
135 10.642         4.5806         3.3394
136 10.742         4.6055         3.3505
137 10.842         4.6295         3.3599
138 10.942         4.6527         3.3693
139 11.042         4.6752         3.3787
140 11.142         4.6971         3.3886
141 11.242         4.7187         3.4042
142 11.342         4.7399         3.4185
143 11.442         4.7609         3.4344
144 11.542         4.7818         3.4533
145 11.642         4.8026         3.4729
146 11.742         4.8233         3.4908
147 11.842         4.8437         3.5068
148 11.942         4.8639         3.5213
149 12.042         4.8839         3.5364
150 12.142         4.9036         3.5518
151 12.242         4.9232         3.5677
152 12.342         4.9426         3.5833
153 12.442         4.9619         3.5981
154 12.542         4.9809         3.6145
155 12.642         5.0000         3.6327
